1394 519990310
273503
273744
273895
273986
274106
274220
274319
274396
274478
274540
274578
274587
274601
274811
275018
275261
275512
275527
275702
275778
275940
275942
276137
276294
276402
276619
276652
276723
276785
276900
277148
277186
277248
277394
277649
277654
277877
277921
278117
278165
278314
278370
278441
278651
278795
278973
279050
279249
279486
279708
279880
280039
280207
280307
280535
280721
280783
280833
280986
280997
280998
281205
281252
281252
281434
281469
281628
281757
281844
281984
282116
282209
282293
282463
282523
282594
282621
282742
282836
282862
282947
282980
283190
283279
283382
283543
283690
283690
283699
283858
284064
284159
284322
284470
284656
284683
284882
284997
285041
285147
285168
285341
285594
285825
285997
286248
286284
286544
286800
286809
286927
287134
287340
287507
287561
287798
287843
287894
287941
288030
288150
288393
288465
288559
288714
288938
288998
289199
289435
289486
289641
289696
289942
290208
290359
290437
290582
290582
290610
290788
290891
291030
291294
291400
291419
291568
291643
291763
291959
292179
292416
292562
292733
292987
293023
293027
293256
293511
293632
293891
293930
294008
294174
294390
294442
294702
294814
294947
295026
295162
295251
295502
295584
295622
295826
296054
296136
296360
296378
296515
296544
296813
297086
297325
297529
297603
297873
297915
298184
298344
298612
298744
298873
298986
299081
299246
299474
299479
299575
299680
299834
300091
300149
300225
300282
300507
300767
300972
301193
301401
301558
301769
301840
301888
302029
302218
302426
302526
302642
302884
303031
303137
303396
303643
303887
303961
303971
304152
304339
304564
304772
304994
305091
305327
305569
305794
306004
306083
306113
306190
306372
306645
306872
307051
307054
307333
307557
307568
307794
307850
308135
308182
308273
308339
308530
308702
308907
309099
309282
309338
309490
309775
309917
309980
310028
310134
310272
310312
310329
310349
310543
310783
310975
311240
311391
311420
311544
311615
311762
311819
311908
312044
312321
312565
312724
312929
313015
313143
313350
313533
313546
313609
313790
313857
314027
314127
314329
314541
314739
314939
315199
315382
315662
315731
315794
315811
315894
316044
316176
316187
316361
316592
316687
316864
317037
317158
358175
384450
393942
413432
420381
423140
429349
429387
433611
433620
433663
433713
433762
433783
433848
433875
433901
433924
433926
433993
434059
434061
434116
434169
434188
434229
434252
434296
434344
434357
434407
434438
434463
434470
434539
434596
434631
434656
434684
434736
434764
434783
434836
434864
434873
434960
434993
435004
435029
435067
435096
435145
435159
435189
435247
435264
435284
435302
435393
435454
435506
435520
435578
435586
435649
435677
435701
435717
435736
435753
435797
435901
435935
435953
435976
436009
436073
436128
436155
436209
436211
436260
436276
436337
436394
436398
436456
436490
436501
436525
436619
436638
436673
436688
436729
436751
436855
436889
436891
436923
437003
437008
437092
437119
437155
437164
437207
437278
437308
437353
437388
437392
437450
437513
437533
437558
437566
437586
437720
437757
437797
437837
437854
437893
437896
437921
437956
438024
438100
438146
438185
438195
438215
438238
438356
438384
438423
438432
438511
438542
438558
438637
438668
438725
438768
438805
438815
438815
438897
438937
438980
438989
439069
439090
439106
439163
439165
439217
439319
439379
439408
439470
439501
439546
439581
439634
439637
439689
439759
439781
439785
439875
439895
439932
439975
440035
440066
440120
440148
440233
440262
440319
440319
440380
440394
440430
440471
440485
440577
440641
440684
440690
440707
440795
440816
440917
440927
440936
440988
441078
441079
441195
441225
441272
441275
441337
441407
441444
441475
441522
441530
441545
441688
441720
441757
441769
441853
441903
441946
441991
441991
442003
442123
442167
442173
442275
442283
442359
442389
442462
442464
442553
442562
442568
442584
442619
442694
442789
442864
442884
442954
442970
443046
443092
443143
443150
443260
443293
443326
443396
443434
443473
443528
443573
443614
443616
443702
443714
443764
443786
443825
443972
444028
444042
444072
444086
444148
444164
444271
444289
444315
444366
444461
444493
444495
444612
444615
444734
444808
444846
444890
444942
444960
445010
445098
445134
445174
445207
445223
445243
445400
445408
445449
445548
445569
445599
445652
445713
445816
445817
445928
445978
446002
446073
446128
446180
446231
446274
446275
446276
446389
446423
446475
446565
446596
446651
446669
446675
446723
446834
446931
447002
447027
447057
447159
447205
447229
447311
447356
447366
447469
447473
447485
447672
447688
447783
447825
447889
447949
447991
448024
448085
448145
448196
448254
448287
448355
448376
448491
448523
448535
448546
448547
448750
448819
448876
448944
448959
448965
449110
449171
449221
449250
449300
449399
449421
449446
449475
449594
449685
449730
449785
449854
449866
449898
450028
450033
450060
450069
450100
450124
450324
450457
450490
450496
450592
450652
450660
450691
450743
450752
450825
450995
451025
451154
451230
451288
451292
451390
451392
451481
451582
451599
451615
451759
451788
451877
451886
451966
452092
452111
452117
452176
452332
452384
452443
452499
452586
452634
452683
452684
452792
452793
452933
452968
452999
453052
453231
453240
453252
453357
453492
453542
453546
453628
453736
453798
453887
453898
453949
453979
454049
454158
454221
454332
454350
454394
454433
454614
454663
454689
454737
454819
454848
454865
454975
455024
455046
455262
455338
455348
455377
455416
455565
455620
455695
455798
455917
455965
456000
456071
456159
456193
456224
456398
456445
456512
456517
456524
456729
456742
456885
456914
456975
457000
457168
457198
457321
457405
457463
457558
457583
457602
457725
457799
457847
457943
458067
458068
458187
458202
458338
458421
458519
458527
458623
458636
458813
458874
458962
458998
459124
459181
459215
459220
459252
459489
459495
459635
459658
459692
459759
459789
459987
460072
460215
460299
460331
460451
460476
460591
460628
460632
460764
460928
460963
460991
461074
461173
461279
461366
461459
461464
461479
461676
461805
461881
461962
461975
462164
462229
462276
462317
462435
462436
462617
462663
462799
462837
463002
463048
463137
463154
463341
463427
463471
463607
463684
463728
463811
463832
463909
464000
464180
464194
464235
464385
464467
464676
464719
464833
464866
464936
465051
465097
465172
465305
465338
465529
465548
465704
465859
465883
465962
466099
466169
466309
466416
466491
466529
466587
466619
466788
466972
467046
467066
467131
467345
467419
467488
467656
467758
467801
467865
468037
468045
468105
468269
468277
468460
468552
468743
468851
468892
468943
468959
469215
469226
469376
469502
469566
469601
469873
469949
470043
470134
470157
470286
470387
470443
470633
470741
470813
470839
470860
471211
471276
471337
471414
471467
471780
471861
471952
472070
472084
472185
472408
472478
472562
472605
472768
472777
472901
473070
473134
473134
473255
473361
473388
473482
473718
473823
474080
474246
474414
474419
474497
474620
474646
475072
475205
475324
475327
475379
475490
475510
475669
475797
475818
476255
476401
476539
476627
476742
476872
476989
477015
477173
477274
477544
477624
477693
477922
477934
478117
478118
478193
478291
478353
478584
478883
478980
479132
479292
479309
479498
479616
479643
479825
480051
480185
480244
480313
480380
480404
480549
480557
480905
481074
481318
481406
481762
481963
481963
482222
482387
482541
482621
482652
482909
483043
483188
483242
483493
483590
483692
483758
483766
484027
484281
484582
484649
484842
484948
485144
485322
485389
485509
485636
485698
485866
486000
486128
486484
486765
486809
487101
487295
487295
487500
487560
487879
487980
488182
488379
488613
488647
488948
489096
489234
489274
489624
489645
489771
489961
490050
490376
490393
490440
490879
491007
491169
491463
491482
491623
491846
491931
492116
492359
492794
493018
493042
493066
493309
493783
493909
494142
494199
494218
494370
494468
495158
495184
495372
495755
495935
496027
496218
496509
496602
496640
496855
497375
497442
497670
497977
498159
498208
498635
498636
498754
499070
499091
499209
499583
500130
500293
500512
500741
500930
500931
500941
501105
501625
502000
502384
502644
502824
502934
503396
503521
503828
504012
504246
504403
504525
504729
504888
505381
505563
505729
506052
506204
506639
507067
507273
507605
507731
508072
508160
508515
508701
508798
509381
509754
509841
510236
510608
510855
510931
511210
511431
511769
511935
512133
512144
513111
513312
513553
513792
514408
514698
514830
515365
515519
515889
516252
516381
516755
517045
517326
517658
518019
518027
518464
518601
519007
519475
520156
520394
520674
520759
521244
521658
522334
522369
522723
522780
523790
524283
524335
524491
524693
525603
525927
526383
526784
527127
527154
527901
528594
528657
529329
529866
529898
530644
530661
531022
531114
531575
531939
532230
533831
533846
534112
534492
535091
535856
535883
536413
536732
537307
537561
538201
538714
539421
539950
540480
541665
542199
542637
543338
543598
544299
544898
545294
545453
546095
547232
547730
548337
548584
549310
549863
550393
550413
552450
553141
553499
554288
555100
555377
555791
557065
557795
557814
557827
559981
560455
560797
561313
561962
562546
565179
565446
565758
567255
568584
568848
570156
570189
572021
572039
572736
573093
574504
576025
577627
578075
579874
580650
581451
583620
584155
584217
584387
584815
586750
588494
590902
593061
594448
594691
597224
598971
599620
600288
600662
602864
603562
605697
609608
611655
614178
615190
616037
618016
618777
619794
624394
626970
628491
629867
633120
639020
641491
641544
643390
646566
652309
656738
659341
659648
668201
668590
669324
672834
685631
686193
694992
697844
706472
710378
718659
719494
738905
740527
746037
773698
780867
798328
819116
820750
873065
891656
957131
1024493
1630388
