9978 828774401
81072
81079
81085
81085
81091
81091
81095
81095
81102
81110
81112
81119
81119
81122
81127
81132
81140
81144
81152
81158
81165
81165
81168
81174
81180
81187
81193
81196
81203
81205
81206
81213
81214
81222
81222
81225
81230
81231
81232
81234
81234
81241
81245
81254
81257
81265
81268
81268
81269
81277
81286
81289
81295
81303
81305
81311
81320
81327
81331
81337
81346
81353
81355
81356
81358
81362
81365
81369
81375
81382
81383
81383
81392
81399
81401
81403
81409
81410
81412
81421
81421
81421
81430
81434
81437
81446
81454
81459
81459
81461
81462
81466
81471
81475
81482
81486
81488
81488
81489
81498
81498
81500
81500
81505
81508
81511
81514
81520
81526
81531
81534
81538
81544
81544
81553
81557
81563
81571
81575
81580
81588
81592
81593
81600
81601
81608
81608
81617
81625
81629
81636
81638
81638
81639
81644
81648
81653
81660
81660
81663
81672
81677
81686
81692
81696
81700
81706
81707
81716
81725
81725
81733
81737
81746
81751
81758
81767
81774
81776
81780
81789
81791
81794
81798
81798
81798
81804
81811
81812
81820
81823
81830
81837
81846
81848
81848
81852
81859
81861
81861
81865
81869
81878
81878
81879
81886
81895
81899
81905
81912
81921
81927
81931
81936
81941
81944
81944
81953
81962
81971
81973
81978
81979
81985
81988
81988
81995
82002
82008
82017
82021
82030
82031
82035
82043
82046
82051
82051
82055
82058
82065
82074
82083
82086
82093
82093
82097
82099
82108
82112
82118
82123
82124
82126
82132
82135
82140
82140
82146
82150
82151
82158
82161
82161
82166
82168
82176
82178
82181
82185
82190
82194
82197
82202
82210
82216
82219
82221
82222
82222
82223
82228
82229
82231
82239
82248
82256
82264
82264
82269
82272
82281
82286
82288
82292
82296
82303
82307
82307
82313
82317
82323
82325
82327
82331
82336
82338
82341
82348
82355
82363
82364
82369
82372
82373
82375
82379
82388
82396
82400
82408
82410
82414
82422
82424
82430
82438
82447
82452
82460
82468
82468
82473
82481
82487
82490
82495
82497
82504
82506
82507
82510
82512
82515
82522
82523
82527
82533
82541
82544
82547
82550
82551
82554
82560
82564
82570
82571
82573
82577
82577
82586
82591
82598
82602
82609
82615
82623
82631
82632
82633
82637
82641
82647
82653
82657
82662
82664
82665
82673
82680
82685
82690
82692
82696
82703
82708
82716
82717
82719
82720
82727
82732
82737
82738
82738
82745
82745
82754
82761
82769
82771
82780
82788
82789
82792
82795
82799
82800
82805
82814
82821
82822
82822
82831
82834
82838
82842
82848
82851
82854
82860
82867
82871
82880
82888
82892
82897
82901
82902
82908
82910
82913
82920
82925
82926
82934
82935
82937
82938
82943
82947
82950
82958
82958
82963
82967
82975
82981
82985
82989
82994
82995
83000
83003
83010
83018
83023
83029
83030
83039
83048
83054
83055
83060
83061
83066
83074
83082
83085
83091
83096
83096
83101
83107
83107
83112
83118
83125
83130
83139
83147
83151
83152
83160
83166
83174
83177
83185
83190
83196
83198
83207
83209
83212
83219
83224
83224
83230
83238
83246
83252
83255
83263
83266
83273
83275
83277
83277
83284
83285
83291
83299
83304
83307
83313
83317
83319
83322
83322
83324
83328
83328
83330
83331
83331
83339
83346
83347
83351
83353
83359
83366
83372
83380
83384
83384
83388
83392
83400
83405
83410
83417
83422
83426
83429
83430
83439
83447
83456
83461
83470
83478
83482
83488
83492
83501
83502
83509
83518
83523
83523
83523
83531
83532
83539
83543
83545
83546
83550
83558
83561
83565
83572
83576
83580
83584
83588
83595
83597
83605
83610
83612
83618
83624
83629
83635
83639
83645
83650
83656
83663
83672
83677
83686
83686
83690
83695
83701
83706
83714
83722
83724
83733
83734
83735
83735
83736
83745
83754
83759
83761
83764
83771
83774
83777
83785
83791
83791
83791
83795
83795
83800
83802
83810
83817
83826
83833
83839
83844
83847
83854
83859
83861
83870
83871
83871
83873
83877
83885
83888
83896
83903
83906
83906
83910
83917
83925
83931
83935
83936
83939
83945
83949
83956
83959
83961
83969
83977
83985
83987
83987
83988
83991
83996
84004
84010
84016
84021
84024
84025
84030
84030
84040
84045
84053
84061
84064
84067
84072
84075
84075
84083
84086
84091
84095
84104
84104
84105
84105
84109
84113
84120
84127
84133
84137
84137
84139
84142
84144
84148
84152
84160
84163
84170
84177
84180
84185
84185
84185
84185
84195
84195
84197
84202
84202
84212
84212
84216
84217
84227
84231
84238
84239
84245
84246
84254
84258
84266
84267
84269
84279
84279
84279
84285
84288
84291
84301
84306
84311
84315
84319
84323
84326
84333
84343
84346
84355
84361
84364
84370
84374
84383
84389
84396
84405
84407
84407
84417
84417
84422
84422
84429
84433
84438
84441
84447
84451
84458
84463
84471
84478
84483
84493
84497
84506
84507
84508
84508
84516
84521
84524
84527
84534
84535
84537
84537
84544
84547
84549
84557
84557
84560
84563
84571
84578
84581
84590
84590
84595
84602
84609
84610
84617
84619
84619
84627
84629
84638
84638
84646
84646
84652
84656
84662
84668
84668
84669
84678
84681
84690
84692
84699
84708
84714
84714
84723
84729
84732
84734
84742
84751
84757
84765
84772
84776
84785
84793
84802
84807
84812
84818
84828
84830
84835
84842
84844
84845
84850
84853
84859
84861
84867
84876
84880
84883
84891
84899
84905
84909
84911
84915
84923
84927
84931
84936
84945
84948
84955
84959
84962
84970
84977
84984
84988
84995
84996
85004
85011
85018
85023
85028
85032
85035
85041
85049
85058
85059
85064
85070
85070
85076
85081
85088
85098
85100
85106
85106
85111
85114
85120
85120
85124
85128
85128
85138
85145
85153
85157
85159
85166
85172
85182
85185
85195
85198
85201
85206
85213
85213
85221
85222
85227
85227
85233
85236
85245
85250
85252
85260
85260
85269
85277
85284
85294
85295
85301
85301
85303
85310
85311
85314
85323
85323
85326
85332
85340
85341
85341
85351
85357
85365
85372
85374
85378
85387
85392
85399
85405
85408
85409
85410
85414
85423
85425
85430
85430
85435
85435
85442
85452
85458
85458
85459
85460
85465
85465
85471
85477
85487
85495
85502
85509
85515
85525
85530
85538
85544
85553
85556
85564
85565
85573
85577
85580
85585
85586
85594
85594
85596
85606
85613
85619
85619
85620
85622
85631
85640
85648
85657
85665
85669
85669
85677
85677
85681
85690
85696
85699
85709
85713
85713
85723
85723
85723
85730
85740
85742
85752
85753
85760
85762
85763
85773
85780
85789
85790
85799
85800
85806
85809
85811
85821
85831
85840
85844
85853
85854
85857
85862
85865
85872
85873
85881
85881
85881
85883
85883
85889
85894
85901
85906
85910
85913
85913
85916
85924
85924
85932
85942
85946
85948
85951
85951
85960
85964
85969
85975
85982
85983
85987
85991
86000
86001
86011
86018
86028
86028
86035
86040
86040
86046
86047
86056
86061
86068
86078
86088
86089
86092
86098
86106
86106
86114
86120
86125
86128
86131
86133
86141
86142
86151
86154
86157
86165
86166
86167
86174
86180
86188
86193
86195
86199
86199
86205
86214
86224
86233
86233
86236
86245
86248
86258
86266
86269
86269
86275
86276
86281
86282
86292
86295
86297
86302
86311
86318
86327
86337
86347
86349
86358
86361
86368
86378
86385
86387
86391
86400
86400
86407
86409
86411
86416
86420
86420
86427
86433
86434
86436
86446
86456
86456
86462
86465
86471
86478
86482
86482
86488
86491
86497
86507
86509
86514
86517
86526
86532
86535
86540
86543
86552
86557
86566
86567
86577
86583
86591
86592
86599
86605
86606
86616
86616
86623
86629
86639
86645
86655
86657
86667
86674
86680
86680
86685
86688
86688
86697
86698
86700
86706
86709
86712
86722
86726
86734
86742
86751
86758
86763
86765
86775
86781
86782
86783
86791
86793
86794
86803
86811
86820
86824
86831
86840
86849
86849
86856
86859
86859
86866
86869
86869
86873
86877
86881
86885
86886
86887
86889
86897
86897
86900
86904
86913
86923
86932
86935
86936
86937
86940
86940
86944
86944
86946
86948
86955
86959
86966
86972
86977
86983
86988
86993
86993
86999
87002
87005
87007
87017
87027
87031
87040
87044
87049
87052
87059
87067
87068
87072
87081
87089
87096
87105
87115
87122
87128
87129
87137
87143
87151
87155
87160
87170
87180
87180
87186
87190
87199
87199
87206
87206
87206
87212
87216
87223
87223
87229
87234
87241
87244
87251
87251
87251
87260
87265
87275
87285
87293
87302
87312
87320
87329
87331
87340
87341
87350
87355
87362
87371
87373
87383
87387
87393
87393
87395
87400
87408
87414
87422
87427
87434
87442
87447
87456
87465
87472
87481
87488
87489
87495
87503
87508
87517
87521
87522
87529
87535
87537
87541
87544
87552
87558
87567
87572
87579
87581
87591
87591
87592
87600
87607
87616
87621
87628
87628
87633
87639
87645
87645
87653
87654
87659
87667
87670
87671
87676
87686
87693
87697
87706
87707
87713
87717
87721
87725
87730
87738
87740
87745
87750
87758
87761
87767
87777
87785
87786
87789
87794
87804
87807
87810
87816
87823
87829
87829
87836
87836
87843
87849
87852
87861
87861
87864
87873
87877
87882
87889
87891
87898
87904
87905
87906
87913
87917
87921
87929
87939
87939
87948
87958
87964
87968
87972
87982
87984
87984
87987
87997
88007
88007
88010
88019
88028
88030
88037
88038
88041
88043
88044
88046
88053
88054
88064
88071
88074
88084
88086
88092
88098
88099
88106
88115
88118
88126
88135
88136
88139
88149
88156
88156
88164
88169
88169
88176
88178
88179
88189
88193
88194
88195
88196
88201
88210
88212
88220
88224
88230
88239
88240
88245
88249
88256
88266
88268
88272
88281
88284
88285
88287
88287
88292
88299
88301
88301
88310
88311
88321
88323
88329
88337
88342
88349
88350
88359
88369
88374
88384
88386
88387
88389
88390
88392
88394
88396
88406
88409
88412
88422
88431
88437
88437
88441
88446
88454
88456
88456
88460
88470
88472
88472
88482
88491
88497
88503
88509
88512
88520
88530
88540
88550
88553
88553
88560
88566
88574
88584
88585
88594
88594
88601
88607
88609
88618
88619
88622
88631
88634
89094
89572
89703
90423
90672
91085
91102
91108
91110
91111
91111
91113
91113
91113
91114
91114
91115
91115
91118
91118
91118
91119
91120
91121
91121
91121
91124
91125
91125
91126
91127
91127
91127
91127
91129
91129
91129
91130
91133
91134
91134
91134
91136
91136
91136
91138
91139
91140
91140
91140
91142
91142
91142
91143
91145
91145
91145
91146
91149
91149
91149
91151
91151
91152
91152
91153
91153
91155
91155
91157
91157
91157
91159
91160
91160
91161
91161
91162
91164
91164
91164
91164
91166
91166
91168
91168
91168
91169
91171
91172
91172
91173
91174
91175
91175
91175
91175
91176
91178
91178
91180
91181
91182
91182
91182
91184
91185
91185
91187
91188
91188
91188
91189
91190
91190
91192
91193
91193
91194
91194
91195
91196
91196
91196
91197
91200
91200
91201
91201
91201
91203
91203
91205
91206
91206
91207
91207
91207
91208
91210
91210
91210
91213
91214
91214
91214
91215
91215
91218
91218
91219
91220
91220
91220
91222
91223
91223
91223
91224
91225
91225
91227
91227
91229
91230
91230
91230
91231
91231
91234
91235
91236
91236
91237
91237
91237
91239
91239
91240
91241
91241
91243
91243
91245
91245
91246
91247
91248
91248
91249
91250
91250
91250
91252
91253
91254
91254
91255
91256
91257
91258
91259
91259
91260
91260
91261
91263
91263
91263
91264
91266
91266
91267
91268
91268
91268
91268
91271
91271
91272
91274
91275
91275
91275
91277
91277
91278
91278
91280
91280
91280
91282
91282
91283
91284
91285
91285
91285
91285
91287
91288
91289
91289
91290
91292
91292
91294
91295
91296
91296
91296
91296
91297
91298
91300
91300
91300
91301
91301
91304
91304
91305
91305
91307
91307
91308
91308
91310
91311
91311
91313
91313
91314
91315
91315
91317
91317
91318
91318
91318
91319
91321
91322
91323
91324
91324
91324
91326
91326
91326
91329
91329
91329
91329
91332
91332
91332
91334
91334
91334
91335
91337
91337
91338
91338
91338
91340
91341
91342
91342
91344
91345
91346
91346
91346
91346
91348
91349
91351
91351
91351
91352
91352
91355
91356
91356
91357
91357
91357
91359
91360
91361
91361
91363
91364
91364
91364
91366
91366
91368
91368
91368
91368
91371
91371
91372
91373
91373
91374
91375
91376
91377
91378
91378
91378
91380
91380
91380
91383
91383
91383
91384
91386
91386
91386
91387
91387
91390
91390
91391
91391
91393
91394
91394
91394
91396
91396
91397
91397
91397
91400
91400
91402
91403
91404
91404
91405
91406
91407
91407
91408
91408
91409
91409
91409
91410
91413
91414
91415
91415
91416
91417
91417
91418
91419
91420
91420
91421
91423
91423
91423
91425
91425
91427
91427
91428
91429
91430
91431
91431
91431
91434
91434
91434
91434
91434
91436
91437
91439
91440
91440
91440
91442
91443
91443
91444
91445
91445
91446
91446
91447
91449
91449
91451
91452
91453
91454
91455
91455
91456
91456
91458
91458
91458
91460
91461
91461
91462
91462
91462
91462
91464
91464
91465
91465
91467
91467
91468
91469
91472
91473
91474
91474
91475
91475
91475
91476
91477
91478
91478
91479
91482
91482
91483
91484
91484
91486
91487
91487
91487
91487
91488
91488
91488
91492
91493
91494
91495
91496
91497
91497
91497
91497
91497
91501
91501
91501
91502
91502
91503
91503
91503
91503
91504
91504
91508
91510
91512
91512
91513
91513
91514
91515
91516
91516
91517
91518
91520
91520
91520
91520
91522
91524
91524
91524
91526
91527
91528
91528
91530
91530
91530
91532
91532
91533
91534
91536
91536
91536
91536
91539
91539
91540
91540
91540
91542
91544
91544
91544
91546
91546
91546
91548
91549
91550
91550
91552
91552
91554
91554
91555
91555
91555
91557
91558
91558
91558
91558
91562
91563
91563
91564
91564
91566
91566
91567
91567
91567
91569
91570
91570
91572
91572
91574
91575
91575
91575
91575
91577
91577
91579
91581
91581
91582
91583
91583
91585
91585
91586
91586
91588
91588
91590
91590
91590
91592
91592
91593
91594
91596
91596
91597
91598
91599
91600
91600
91601
91602
91602
91602
91604
91605
91606
91607
91607
91609
91609
91611
91611
91612
91613
91614
91615
91615
91616
91616
91616
91617
91619
91620
91620
91620
91622
91624
91625
91626
91626
91627
91629
91629
91630
91630
91632
91632
91633
91634
91634
91636
91637
91638
91638
91638
91639
91641
91641
91642
91643
91644
91645
91645
91645
91645
91647
91650
91650
91650
91652
91652
91652
91653
91654
91654
91654
91658
91659
91659
91659
91659
91662
91662
91663
91663
91663
91663
91665
91668
91669
91670
91670
91671
91671
91673
91674
91674
91676
91676
91676
91676
91677
91678
91679
91679
91682
91683
91683
91684
91686
91686
91686
91687
91687
91689
91691
91691
91691
91692
91694
91695
91695
91695
91697
91698
91698
91698
91699
91701
91702
91704
91704
91705
91706
91707
91708
91709
91710
91710
91710
91711
91712
91713
91713
91714
91715
91717
91717
91717
91719
91719
91721
91722
91722
91722
91723
91723
91724
91727
91727
91729
91729
91729
91730
91733
91734
91734
91735
91735
91737
91737
91738
91738
91740
91741
91742
91743
91743
91743
91744
91745
91747
91747
91749
91749
91750
91752
91752
91753
91753
91754
91755
91756
91756
91758
91759
91760
91761
91761
91761
91764
91764
91764
91764
91765
91765
91765
91768
91768
91770
91772
91772
91774
91774
91776
91776
91776
91777
91778
91779
91780
91782
91782
91783
91784
91784
91785
91787
91787
91788
91788
91790
91790
91790
91790
91792
91793
91793
91796
91797
91798
91799
91800
91800
91800
91800
91800
91801
91801
91806
91806
91806
91809
91809
91809
91811
91811
91813
91814
91815
91815
91816
91816
91817
91819
91819
91820
91820
91821
91823
91823
91825
91825
91826
91827
91828
91829
91829
91831
91832
91833
91833
91833
91836
91836
91836
91838
91838
91838
91839
91839
91840
91841
91844
91844
91845
91847
91848
91848
91849
91851
91851
91852
91853
91854
91854
91856
91856
91857
91857
91858
91860
91860
91861
91861
91863
91863
91865
91865
91866
91867
91868
91868
91870
91870
91872
91873
91874
91874
91874
91877
91877
91877
91877
91877
91880
91880
91882
91884
91884
91885
91887
91887
91888
91888
91889
91890
91891
91893
91893
91893
91895
91896
91897
91897
91897
91897
91899
91900
91902
91902
91902
91902
91905
91905
91905
91908
91909
91910
91911
91911
91912
91913
91914
91914
91916
91916
91918
91918
91918
91919
91921
91922
91923
91923
91925
91926
91927
91928
91928
91928
91930
91932
91932
91933
91934
91935
91935
91937
91937
91937
91939
91940
91941
91942
91942
91943
91943
91946
91946
91946
91947
91948
91949
91950
91951
91951
91952
91954
91956
91956
91957
91958
91958
91959
91959
91962
91962
91963
91963
91963
91964
91967
91967
91967
91968
91969
91969
91970
91971
91972
91973
91974
91977
91978
91978
91978
91979
91980
91982
91983
91983
91984
91985
91987
91988
91989
91989
91990
91992
91992
91992
91992
91995
91995
91995
91996
91997
91998
92001
92001
92001
92003
92003
92004
92005
92007
92007
92008
92008
92010
92010
92010
92012
92012
92012
92015
92015
92017
92018
92019
92020
92020
92022
92022
92022
92023
92025
92025
92027
92028
92029
92030
92030
92030
92031
92034
92034
92034
92037
92037
92038
92038
92039
92041
92042
92042
92042
92042
92043
92046
92046
92047
92047
92048
92049
92049
92052
92052
92054
92054
92056
92056
92058
92058
92058
92058
92062
92063
92064
92064
92064
92064
92066
92067
92067
92068
92068
92068
92073
92073
92075
92076
92076
92077
92077
92077
92078
92078
92081
92082
92084
92085
92085
92087
92088
92088
92089
92089
92091
92091
92093
92093
92093
92093
92094
92097
92097
92098
92100
92100
92100
92103
92104
92104
92104
92106
92107
92108
92108
92110
92112
92112
92113
92113
92113
92114
92115
92116
92118
92119
92121
92121
92121
92121
92124
92124
92126
92127
92127
92127
92127
92129
92132
92133
92133
92133
92134
92136
92136
92136
92139
92139
92141
92141
92142
92144
92144
92145
92145
92148
92148
92149
92149
92149
92150
92153
92154
92154
92155
92155
92155
92156
92159
92159
92161
92161
92162
92162
92163
92163
92164
92167
92169
92169
92169
92169
92170
92170
92170
92174
92174
92175
92178
92179
92179
92180
92181
92182
92183
92184
92184
92186
92186
92187
92189
92190
92190
92192
92193
92193
92195
92196
92196
92196
92196
92196
92200
92200
92200
92201
92201
92203
92205
92207
92208
92208
92209
92210
92211
92212
92214
92214
92214
92214
92217
92218
92218
92218
92220
92220
92222
92222
92224
92224
92225
92227
92227
92227
92227
92228
92229
92233
92234
92235
92236
92237
92237
92237
92240
92241
92241
92241
92243
92243
92243
92245
92246
92248
92248
92248
92251
92251
92252
92254
92254
92256
92256
92258
92258
92258
92258
92261
92261
92263
92265
92265
92265
92265
92266
92267
92270
92271
92271
92273
92273
92273
92275
92277
92277
92278
92280
92280
92280
92281
92283
92284
92284
92285
92286
92286
92289
92290
92291
92292
92292
92292
92293
92294
92296
92297
92297
92299
92300
92300
92302
92303
92303
92304
92304
92307
92307
92308
92310
92310
92310
92310
92311
92315
92315
92316
92316
92316
92316
92319
92322
92322
92322
92322
92325
92325
92325
92328
92328
92330
92330
92330
92333
92333
92333
92335
92335
92336
92337
92338
92339
92341
92341
92342
92344
92346
92346
92347
92347
92349
92350
92351
92351
92351
92352
92353
92354
92355
92357
92357
92360
92360
92361
92361
92362
92362
92363
92365
92365
92365
92365
92366
92370
92373
92373
92374
92375
92376
92376
92376
92377
92377
92379
92381
92383
92384
92384
92385
92386
92387
92387
92389
92391
92391
92392
92393
92393
92393
92397
92397
92397
92400
92400
92400
92402
92402
92404
92405
92406
92407
92408
92408
92410
92411
92412
92412
92412
92415
92416
92416
92416
92417
92420
92421
92421
92421
92422
92423
92424
92426
92426
92427
92427
92429
92430
92430
92430
92431
92431
92435
92436
92439
92439
92439
92440
92442
92442
92443
92445
92445
92446
92447
92449
92449
92451
92452
92453
92453
92454
92454
92454
92458
92459
92459
92460
92462
92462
92463
92464
92466
92466
92468
92468
92470
92471
92472
92472
92473
92474
92475
92476
92476
92476
92476
92481
92481
92483
92483
92483
92486
92486
92487
92487
92487
92490
92490
92490
92491
92492
92496
92496
92497
92498
92498
92499
92501
92502
92502
92502
92505
92506
92506
92506
92509
92509
92510
92511
92512
92513
92515
92516
92517
92518
92518
92518
92518
92521
92521
92523
92525
92525
92527
92527
92529
92530
92531
92532
92532
92534
92535
92536
92536
92538
92539
92540
92540
92542
92543
92543
92543
92544
92544
92547
92547
92547
92550
92551
92552
92554
92555
92555
92556
92556
92559
92559
92560
92562
92563
92563
92565
92565
92567
92567
92567
92569
92571
92571
92571
92572
92573
92573
92573
92578
92579
92579
92579
92582
92583
92583
92584
92586
92587
92588
92589
92589
92590
92590
92593
92594
92594
92595
92596
92598
92598
92599
92601
92602
92602
92604
92604
92606
92607
92608
92609
92610
92611
92611
92612
92613
92613
92613
92617
92619
92619
92620
92622
92622
92623
92624
92624
92626
92628
92628
92629
92629
92629
92629
92631
92632
92634
92637
92637
92637
92638
92639
92641
92642
92643
92644
92645
92646
92646
92646
92648
92648
92649
92650
92654
92654
92655
92655
92657
92659
92660
92660
92660
92661
92661
92661
92661
92663
92664
92664
92669
92670
92672
92672
92674
92674
92674
92675
92678
92679
92679
92680
92682
92682
92684
92684
92686
92687
92687
92688
92688
92690
92692
92692
92694
92695
92697
92697
92697
92697
92700
92702
92702
92704
92705
92706
92707
92708
92709
92709
92709
92709
92709
92711
92715
92716
92717
92718
92719
92719
92721
92722
92723
92723
92723
92723
92725
92727
92729
92729
92732
92732
92734
92734
92736
92737
92737
92739
92740
92741
92742
92743
92743
92743
92746
92746
92747
92749
92751
92751
92752
92752
92754
92755
92755
92755
92755
92755
92757
92761
92763
92764
92765
92765
92766
92767
92767
92770
92771
92772
92772
92773
92773
92774
92775
92778
92779
92780
92781
92781
92783
92784
92786
92786
92786
92787
92790
92791
92791
92792
92792
92792
92794
92797
92797
92799
92800
92802
92802
92803
92803
92804
92804
92808
92808
92808
92810
92810
92810
92811
92811
92814
92816
92818
92818
92819
92819
92820
92822
92824
92824
92825
92827
92829
92829
92831
92831
92831
92831
92833
92833
92836
92837
92838
92840
92841
92842
92843
92844
92844
92845
92847
92848
92848
92849
92851
92852
92852
92855
92856
92856
92857
92858
92858
92862
92862
92862
92865
92865
92865
92866
92866
92868
92871
92871
92871
92872
92872
92876
92877
92878
92880
92880
92881
92883
92883
92883
92883
92886
92886
92889
92890
92890
92892
92893
92894
92895
92896
92896
92897
92897
92897
92901
92901
92901
92902
92903
92904
92906
92908
92910
92911
92912
92913
92913
92916
92916
92916
92916
92916
92921
92921
92922
92923
92923
92925
92925
92928
92928
92929
92930
92932
92932
92934
92936
92937
92938
92939
92940
92940
92943
92943
92944
92944
92946
92948
92949
92950
92951
92951
92952
92954
92955
92955
92956
92958
92958
92958
92961
92962
92963
92963
92963
92966
92968
92968
92970
92970
92971
92971
92974
92974
92977
92978
92978
92978
92981
92982
92983
92985
92985
92986
92988
92988
92990
92990
92992
92992
92992
92993
92996
92997
92998
92998
92998
92998
93001
93004
93005
93005
93006
93007
93007
93010
93012
93012
93012
93015
93015
93017
93018
93018
93019
93019
93022
93024
93024
93024
93027
93027
93027
93027
93031
93032
93032
93034
93036
93036
93036
93037
93040
93041
93041
93043
93043
93045
93046
93047
93047
93049
93049
93049
93051
93051
93052
93053
93057
93058
93059
93059
93061
93061
93062
93062
93063
93065
93066
93068
93068
93070
93070
93074
93075
93075
93075
93078
93078
93081
93081
93083
93084
93084
93086
93087
93088
93089
93089
93091
93092
93092
93095
93096
93096
93096
93099
93100
93100
93102
93103
93103
93104
93104
93107
93107
93109
93111
93111
93113
93114
93114
93114
93114
93114
93114
93115
93117
93118
93120
93125
93126
93128
93128
93129
93129
93131
93133
93135
93135
93137
93137
93137
93140
93141
93141
93142
93144
93145
93147
93148
93148
93150
93150
93151
93153
93154
93154
93154
93158
93158
93160
93162
93162
93163
93165
93165
93166
93166
93167
93170
93171
93172
93174
93174
93174
93175
93176
93176
93176
93178
93180
93181
93183
93186
93187
93188
93189
93189
93191
93191
93192
93195
93196
93197
93197
93199
93199
93201
93201
93203
93203
93204
93207
93207
93210
93210
93210
93210
93212
93213
93215
93216
93217
93219
93221
93221
93222
93224
93224
93224
93228
93228
93228
93228
93229
93232
93233
93234
93236
93237
93237
93237
93238
93242
93242
93242
93246
93246
93248
93249
93249
93249
93249
93254
93255
93256
93257
93258
93259
93259
93260
93262
93264
93265
93266
93267
93268
93270
93270
93271
93272
93273
93276
93276
93277
93279
93280
93281
93282
93282
93284
93285
93285
93286
93289
93289
93290
93290
93292
93294
93296
93297
93297
93297
93300
93302
93302
93302
93305
93306
93306
93307
93308
93310
93310
93313
93313
93314
93314
93316
93317
93317
93321
93321
93322
93323
93325
93327
93327
93328
93330
93331
93333
93333
93333
93336
93336
93339
93339
93341
93341
93343
93344
93344
93345
93347
93347
93347
93349
93352
93353
93354
93355
93356
93356
93358
93358
93361
93363
93364
93364
93366
93367
93368
93368
93370
93372
93373
93373
93373
93374
93376
93379
93379
93379
93380
93381
93382
93382
93384
93384
93387
93390
93391
93393
93393
93395
93395
93396
93396
93400
93401
93401
93401
93405
93405
93406
93406
93406
93410
93410
93412
93412
93412
93416
93416
93417
93418
93421
93421
93421
93422
93422
93425
93425
93426
93430
93432
93432
93433
93435
93435
93438
93438
93440
93441
93442
93443
93443
93444
93445
93446
93449
93450
93450
93450
93451
93453
93455
93456
93458
93458
93461
93461
93463
93465
93465
93466
93468
93469
93470
93470
93472
93472
93474
93474
93475
93477
93480
93480
93482
93483
93483
93486
93486
93487
93487
93488
93488
93490
93491
93493
93493
93498
93498
93499
93500
93501
93502
93503
93503
93507
93508
93508
93510
93512
93513
93514
93515
93515
93517
93518
93520
93520
93521
93523
93524
93526
93526
93528
93529
93529
93531
93533
93533
93533
93536
93538
93538
93540
93542
93543
93544
93545
93546
93546
93548
93548
93548
93552
93554
93555
93556
93557
93557
93559
93560
93561
93562
93562
93563
93563
93564
93567
93569
93571
93573
93573
93574
93576
93576
93576
93576
93577
93578
93578
93581
93582
93582
93584
93585
93589
93589
93589
93590
93594
93596
93597
93600
93600
93600
93602
93604
93604
93604
93607
93608
93609
93609
93612
93613
93613
93615
93617
93618
93618
93621
93621
93622
93623
93623
93623
93624
93624
93624
93629
93631
93631
93633
93636
93637
93638
93641
93641
93641
93643
93644
93644
93644
93644
93648
93650
93652
93654
93655
93657
93657
93659
93659
93661
93661
93663
93664
93666
93667
93667
93669
93670
93670
93672
93673
93674
93674
93677
93680
93681
93682
93683
93684
93684
93687
93687
93689
93690
93692
93693
93693
93696
93697
93698
93699
93700
93701
93702
93703
93704
93706
93708
93709
93709
93710
93711
93713
93715
93717
93717
93719
93719
93721
93723
93724
93724
93725
93728
93729
93730
93731
93732
93732
93734
93736
93738
93739
93740
93741
93742
93744
93744
93746
93746
93748
93750
93750
93751
93753
93755
93755
93757
93757
93759
93760
93762
93764
93764
93766
93767
93768
93770
93770
93772
93774
93775
93775
93777
93777
93778
93778
93781
93782
93785
93786
93786
93786
93786
93789
93790
93792
93792
93795
93798
93798
93800
93800
93800
93804
93804
93805
93807
93809
93810
93810
93813
93813
93815
93815
93815
93819
93819
93820
93822
93823
93825
93826
93827
93828
93829
93831
93832
93832
93834
93834
93834
93834
93834
93836
93842
93843
93843
93845
93845
93849
93849
93852
93853
93854
93855
93856
93858
93858
93858
93859
93862
93862
93863
93865
93865
93870
93870
93870
93871
93871
93873
93873
93878
93878
93880
93880
93882
93884
93886
93886
93887
93888
93891
93892
93894
93894
93894
93894
93897
93897
93898
93898
93902
93905
93905
93905
93907
93908
93912
93912
93914
93914
93914
93918
93918
93918
93921
93922
93923
93925
93927
93928
93928
93928
93932
93932
93932
93935
93936
93936
93939
93939
93939
93942
93944
93946
93947
93947
93947
93949
93949
93952
93955
93955
93957
93957
93959
93961
93962
93963
93964
93965
93965
93967
93969
93972
93973
93973
93973
93974
93975
93975
93978
93978
93981
93981
93982
93984
93986
93986
93988
93990
93992
93993
93995
93997
93998
93999
94001
94001
94002
94002
94006
94007
94008
94009
94009
94010
94012
94013
94016
94017
94020
94021
94021
94023
94024
94025
94025
94029
94030
94031
94031
94032
94035
94035
94036
94039
94039
94039
94040
94041
94044
94045
94048
94049
94049
94052
94053
94053
94055
94058
94058
94059
94060
94061
94062
94065
94066
94067
94069
94069
94070
94073
94073
94074
94077
94079
94079
94081
94083
94084
94085
94085
94086
94087
94087
94092
94092
94095
94095
94095
94096
94098
94099
94100
94102
94103
94106
94107
94109
94110
94111
94113
94114
94116
94116
94118
94119
94121
94121
94123
94124
94124
94124
94124
94130
94130
94133
94134
94135
94137
94137
94140
94141
94141
94143
94144
94144
94144
94147
94148
94148
94150
94150
94152
94156
94156
94157
94158
94162
94162
94162
94164
94167
94167
94169
94169
94171
94173
94176
94177
94178
94178
94179
94179
94183
94183
94183
94188
94189
94189
94191
94192
94194
94194
94196
94197
94199
94199
94203
94203
94204
94205
94207
94208
94210
94211
94212
94215
94215
94216
94218
94218
94220
94223
94224
94224
94226
94227
94228
94230
94232
94233
94233
94235
94236
94238
94240
94242
94243
94244
94244
94246
94247
94248
94248
94249
94252
94252
94256
94257
94258
94258
94260
94262
94265
94265
94267
94268
94269
94270
94272
94273
94273
94274
94277
94278
94280
94282
94283
94285
94286
94287
94287
94289
94292
94292
94294
94294
94295
94299
94300
94302
94302
94302
94305
94307
94308
94308
94311
94312
94314
94315
94316
94317
94319
94319
94320
94321
94325
94325
94326
94327
94327
94328
94329
94334
94335
94336
94338
94340
94341
94342
94344
94344
94347
94347
94350
94350
94351
94351
94355
94355
94355
94356
94356
94361
94363
94365
94366
94367
94367
94370
94371
94371
94371
94372
94372
94373
94380
94381
94383
94383
94385
94387
94387
94388
94390
94391
94392
94392
94396
94398
94399
94400
94400
94404
94405
94406
94406
94408
94410
94411
94413
94413
94416
94417
94418
94419
94422
94423
94424
94425
94426
94426
94429
94430
94433
94433
94436
94436
94438
94438
94441
94441
94442
94445
94447
94447
94447
94448
94448
94454
94455
94457
94458
94460
94460
94461
94464
94465
94466
94466
94468
94470
94470
94472
94473
94473
94475
94475
94481
94481
94481
94484
94485
94485
94488
94488
94488
94490
94493
94495
94496
94497
94497
94500
94503
94505
94506
94507
94508
94510
94510
94510
94514
94516
94518
94519
94521
94521
94521
94523
94524
94527
94527
94528
94532
94533
94535
94535
94537
94538
94539
94539
94541
94541
94543
94546
94548
94550
94550
94551
94554
94555
94555
94558
94560
94562
94562
94564
94564
94564
94565
94570
94571
94572
94573
94576
94576
94579
94579
94581
94581
94584
94585
94586
94588
94589
94590
94593
94595
94596
94597
94597
94600
94600
94603
94603
94605
94607
94607
94607
94609
94610
94615
94616
94618
94619
94619
94621
94623
94625
94626
94627
94629
94630
94632
94632
94632
94633
94638
94638
94638
94642
94642
94644
94645
94647
94650
94651
94651
94652
94656
94657
94657
94657
94657
94662
94662
94663
94667
94667
94669
94670
94673
94673
94674
94677
94679
94679
94681
94681
94683
94686
94687
94688
94689
94690
94691
94695
94695
94698
94698
94700
94702
94703
94705
94707
94707
94708
94709
94713
94713
94715
94715
94718
94718
94721
94723
94725
94725
94725
94725
94728
94728
94731
94731
94736
94736
94737
94740
94740
94743
94743
94745
94748
94749
94751
94751
94752
94753
94755
94758
94760
94760
94763
94764
94766
94767
94767
94770
94770
94772
94774
94775
94777
94777
94777
94782
94783
94783
94785
94785
94787
94791
94791
94791
94791
94796
94797
94798
94798
94798
94802
94803
94807
94807
94807
94808
94808
94810
94816
94818
94819
94819
94820
94824
94825
94826
94826
94830
94830
94831
94834
94836
94836
94839
94839
94839
94840
94842
94844
94846
94847
94851
94852
94854
94854
94854
94858
94860
94861
94863
94863
94866
94866
94869
94870
94871
94873
94874
94876
94876
94878
94879
94882
94884
94885
94887
94888
94890
94890
94893
94894
94894
94895
94897
94899
94900
94903
94905
94907
94907
94908
94908
94908
94909
94909
94914
94914
94915
94919
94921
94923
94926
94926
94928
94931
94931
94932
94933
94935
94937
94941
94941
94943
94944
94946
94947
94949
94949
94952
94953
94956
94956
94956
94959
94960
94963
94965
94966
94966
94969
94970
94971
94972
94972
94974
94978
94979
94981
94982
94984
94984
94986
94989
94989
94991
94994
94994
94996
94998
94999
95002
95002
95005
95006
95008
95009
95009
95012
95014
95014
95017
95018
95020
95020
95023
95024
95024
95027
95028
95030
95030
95031
95033
95037
95037
95037
95037
95040
95043
95045
95046
95047
95052
95053
95053
95054
95058
95058
95060
95062
95064
95065
95065
95066
95068
95071
95073
95074
95076
95076
95076
95078
95080
95084
95084
95084
95084
95087
95091
95092
95095
95096
95098
95098
95101
95102
95102
95103
95108
95108
95110
95112
95112
95112
95117
95119
95121
95122
95123
95124
95125
95127
95128
95130
95132
95134
95134
95136
95138
95139
95142
95142
95143
95144
95144
95151
95152
95153
95154
95155
95156
95160
95161
95161
95161
95161
95167
95167
95169
95171
95172
95172
95177
95178
95178
95180
95181
95184
95185
95187
95188
95192
95193
95194
95195
95196
95196
95198
95199
95203
95206
95208
95208
95210
95210
95214
95215
95216
95217
95219
95219
95222
95224
95225
95228
95229
95229
95230
95231
95236
95237
95238
95239
95243
95244
95245
95248
95249
95249
95252
95254
95254
95257
95258
95260
95260
95263
95263
95264
95265
95271
95271
95271
95275
95277
95277
95278
95281
95283
95283
95286
95287
95290
95290
95292
95295
95295
95297
95299
95299
95301
95302
95306
95306
95307
95310
95311
95312
95316
95316
95316
95316
95318
95321
95322
95325
95329
95331
95332
95333
95333
95336
95337
95340
95342
95343
95345
95346
95347
95350
95352
95352
95353
95354
95354
95355
95355
95359
95365
95365
95368
95368
95368
95368
95375
95375
95377
95377
95380
95382
95383
95383
95384
95386
95391
95393
95393
95395
95395
95398
95400
95401
95402
95405
95408
95408
95408
95409
95414
95414
95418
95418
95421
95423
95424
95424
95425
95426
95428
95433
95434
95435
95436
95436
95438
95441
95442
95446
95448
95449
95451
95452
95452
95453
95453
95459
95460
95462
95464
95465
95468
95468
95470
95470
95473
95474
95474
95476
95480
95481
95481
95484
95485
95487
95488
95492
95493
95494
95495
95497
95497
95502
95504
95506
95507
95508
95511
95511
95514
95516
95518
95519
95521
95522
95523
95524
95525
95528
95529
95529
95531
95531
95538
95540
95541
95542
95545
95545
95547
95548
95548
95550
95553
95555
95556
95557
95557
95560
95564
95565
95567
95567
95567
95572
95572
95576
95576
95579
95582
95583
95585
95586
95588
95588
95588
95588
95592
95594
95594
95595
95595
95600
95601
95607
95607
95609
95609
95613
95616
95616
95618
95620
95622
95622
95627
95627
95629
95632
95632
95634
95634
95639
95640
95640
95640
95641
95645
95646
95651
95652
95653
95653
95653
95655
95659
95661
95661
95664
95668
95669
95671
95673
95675
95676
95678
95680
95682
95682
95685
95685
95689
95689
95690
95694
95694
95694
95698
95698
95703
95703
95703
95708
95709
95709
95711
95713
95713
95718
95719
95722
95722
95724
95727
95728
95728
95732
95734
95734
95735
95735
95741
95743
95744
95745
95745
95748
95749
95750
95753
95755
95757
95760
95760
95760
95765
95766
95769
95771
95772
95775
95775
95778
95778
95780
95780
95781
95784
95784
95786
95787
95788
95793
95797
95799
95799
95800
95805
95806
95807
95809
95811
95811
95812
95814
95817
95818
95819
95824
95826
95827
95829
95829
95830
95831
95831
95833
95838
95841
95844
95844
95846
95849
95850
95851
95852
95856
95858
95858
95860
95860
95865
95866
95867
95869
95872
95872
95872
95873
95876
95878
95883
95883
95885
95885
95887
95891
95892
95894
95896
95897
95898
95902
95902
95903
95904
95910
95910
95913
95913
95915
95919
95920
95922
95923
95923
95926
95926
95929
95929
95931
95934
95934
95938
95942
95942
95942
95944
95946
95950
95951
95951
95952
95955
95957
95959
95962
95962
95963
95966
95969
95972
95973
95975
95977
95978
95981
95982
95983
95988
95989
95990
95991
95993
95997
95997
95997
96000
96003
96003
96004
96009
96010
96012
96012
96016
96016
96017
96017
96020
96025
96025
96027
96029
96029
96034
96036
96037
96037
96041
96044
96044
96046
96048
96050
96050
96053
96056
96056
96060
96063
96063
96065
96068
96069
96070
96071
96073
96075
96079
96079
96082
96084
96085
96086
96086
96091
96092
96093
96094
96095
96096
96101
96105
96107
96107
96108
96110
96111
96112
96117
96117
96120
96123
96125
96126
96129
96129
96129
96130
96132
96134
96137
96142
96142
96143
96145
96147
96148
96153
96154
96156
96156
96156
96159
96161
96166
96168
96169
96170
96170
96174
96177
96179
96179
96181
96186
96187
96189
96191
96193
96195
96195
96197
96200
96201
96202
96203
96207
96208
96212
96212
96213
96213
96214
96219
96220
96223
96226
96229
96230
96230
96230
96231
96234
96234
96241
96242
96245
96247
96247
96247
96253
96255
96255
96256
96261
96261
96263
96265
96267
96268
96270
96272
96276
96278
96278
96282
96283
96286
96286
96286
96290
96294
96296
96297
96297
96297
96301
96301
96302
96304
96307
96311
96315
96317
96317
96319
96319
96320
96320
96320
96320
96332
96334
96335
96336
96338
96340
96342
96343
96346
96349
96350
96350
96350
96356
96359
96361
96361
96364
96364
96368
96368
96370
96371
96376
96378
96379
96380
96383
96385
96387
96388
96392
96393
96396
96398
96400
96401
96402
96402
96403
96406
96407
96409
96415
96417
96418
96418
96423
96425
96425
96425
96425
96431
96433
96435
96436
96439
96441
96444
96444
96448
96451
96452
96453
96453
96454
96456
96459
96463
96464
96464
96465
96468
96473
96475
96475
96475
96478
96483
96486
96487
96489
96491
96492
96495
96496
96497
96497
96503
96505
96506
96510
96511
96512
96512
96512
96514
96517
96520
96523
96525
96528
96532
96532
96534
96534
96538
96541
96544
96545
96547
96548
96548
96548
96554
96556
96560
96560
96561
96563
96564
96566
96568
96572
96576
96577
96577
96581
96581
96584
96588
96588
96588
96592
96594
96594
96594
96599
96600
96600
96606
96608
96612
96613
96616
96616
96619
96622
96624
96625
96627
96628
96629
96633
96636
96636
96638
96642
96644
96646
96646
96648
96652
96653
96653
96654
96657
96659
96660
96665
96665
96668
96672
96672
96677
96677
96679
96682
96684
96685
96689
96691
96692
96694
96694
96698
96700
96703
96703
96706
96709
96710
96711
96713
96713
96716
96720
96723
96724
96724
96728
96729
96732
96732
96738
96738
96738
96744
96745
96747
96749
96751
96753
96757
96758
96760
96763
96765
96768
96768
96768
96773
96774
96777
96778
96779
96784
96785
96788
96790
96790
96792
96793
96794
96794
96794
96804
96805
96805
96809
96809
96815
96815
96819
96819
96820
96824
96825
96825
96825
96830
96834
96838
96839
96842
96842
96843
96847
96851
96851
96854
96854
96855
96859
96863
96863
96866
96870
96870
96870
96876
96878
96879
96882
96884
96884
96886
96886
96892
96893
96895
96896
96901
96902
96902
96905
96905
96906
96914
96914
96918
96919
96920
96920
96921
96925
96928
96932
96933
96934
96937
96939
96942
96944
96946
96949
96949
96950
96955
96955
96955
96957
96965
96966
96968
96970
96970
96975
96975
96978
96979
96983
96985
96988
96989
96992
96995
96996
96999
97001
97003
97005
97008
97008
97011
97012
97015
97016
97016
97017
97021
97022
97026
97027
97028
97028
97038
97038
97038
97038
97047
97049
97050
97052
97055
97057
97059
97061
97061
97061
97061
97070
97071
97073
97074
97076
97077
97079
97085
97087
97087
97090
97093
97094
97095
97099
97102
97102
97104
97104
97109
97113
97116
97117
97120
97121
97124
97125
97127
97129
97133
97136
97137
97138
97143
97145
97145
97146
97146
97148
97150
97155
97156
97157
97157
97159
97167
97169
97169
97174
97177
97178
97178
97181
97183
97188
97188
97192
97193
97193
97198
97200
97204
97204
97205
97208
97210
97211
97216
97219
97220
97224
97226
97226
97231
97232
97235
97236
97239
97241
97242
97243
97245
97248
97248
97255
97256
97260
97260
97264
97265
97267
97268
97269
97269
97272
97278
97280
97280
97280
97288
97288
97289
97289
97289
97291
97301
97305
97306
97306
97311
97312
97313
97313
97316
97316
97318
97323
97326
97328
97333
97334
97335
97336
97336
97340
97346
97349
97349
97350
97350
97354
97361
97361
97363
97364
97369
97369
97371
97373
97374
97376
97383
97384
97385
97385
97391
97392
97398
97399
97399
97399
97404
97404
97411
97411
97412
97412
97412
97413
97414
97424
97424
97431
97434
97435
97439
97440
97441
97445
97447
97449
97451
97453
97458
97459
97459
97463
97463
97464
97468
97472
97474
97476
97477
97479
97483
97487
97490
97490
97490
97490
97493
97494
97503
97506
97507
97509
97513
97513
97513
97520
97520
97521
97527
97529
97529
97531
97536
97537
97539
97540
97541
97542
97551
97551
97551
97557
97559
97560
97560
97560
97561
97567
97574
97576
97578
97580
97582
97586
97588
97588
97590
97595
97598
97598
97599
97604
97605
97606
97607
97613
97615
97619
97620
97620
97623
97625
97631
97633
97635
97636
97640
97641
97642
97645
97649
97650
97651
97656
97657
97659
97662
97663
97665
97665
97666
97673
97673
97676
97682
97683
97685
97685
97690
97695
97698
97700
97702
97704
97706
97708
97708
97710
97715
97716
97721
97721
97721
97726
97729
97731
97736
97738
97738
97739
97740
97746
97747
97747
97753
97754
97756
97757
97758
97762
97765
97768
97774
97777
97777
97777
97784
97787
97789
97791
97792
97792
97794
97801
97801
97802
97808
97809
97810
97814
97814
97821
97822
97826
97827
97830
97833
97833
97838
97839
97839
97844
97847
97847
97853
97854
97854
97857
97860
97864
97864
97869
97872
97874
97877
97878
97882
97884
97886
97890
97891
97891
97896
97897
97901
97902
97904
97905
97909
97910
97912
97917
97919
97919
97925
97927
97930
97930
97932
97935
97935
97941
97944
97948
97948
97951
97952
97956
97961
97963
97964
97969
97969
97972
97975
97976
97982
97984
97984
97987
97990
97992
97992
97999
98001
98004
98006
98008
98012
98012
98014
98018
98020
98024
98026
98027
98029
98034
98037
98040
98041
98042
98044
98045
98050
98053
98057
98059
98061
98063
98067
98067
98072
98074
98077
98078
98081
98083
98088
98089
98093
98095
98096
98096
98100
98104
98108
98109
98110
98112
98113
98116
98123
98124
98125
98131
98131
98133
98139
98139
98144
98145
98148
98148
98151
98154
98154
98160
98163
98165
98169
98170
98170
98176
98176
98181
98181
98187
98189
98192
98192
98197
98200
98202
98205
98206
98206
98206
98207
98215
98217
98224
98224
98225
98226
98226
98231
98235
98238
98238
98239
98247
98253
98253
98258
98260
98260
98261
98268
98270
98274
98276
98277
98281
98284
98285
98287
98290
98295
98295
98295
98300
98304
98305
98305
98308
98311
98314
98318
98321
98325
98326
98326
98326
98333
98339
98342
98343
98343
98343
98345
98351
98356
98359
98362
98363
98365
98369
98372
98375
98377
98381
98383
98386
98390
98391
98394
98394
98399
98400
98403
98409
98411
98411
98416
98419
98421
98421
98421
98422
98430
98431
98433
98434
98442
98443
98443
98445
98446
98447
98449
98453
98462
98468
98470
98472
98472
98476
98478
98480
98482
98488
98488
98492
98492
98498
98498
98500
98501
98507
98508
98512
98516
98521
98523
98525
98528
98528
98535
98535
98541
98544
98546
98546
98549
98552
98553
98558
98560
98565
98567
98570
98570
98573
98578
98579
98581
98585
98590
98591
98595
98596
98597
98603
98607
98608
98612
98612
98613
98613
98614
98623
98628
98628
98628
98630
98639
98640
98642
98648
98650
98653
98655
98655
98659
98662
98665
98667
98671
98671
98675
98680
98681
98682
98687
98693
98695
98696
98700
98700
98704
98707
98710
98711
98716
98717
98719
98725
98725
98730
98733
98735
98740
98743
98746
98746
98750
98753
98756
98757
98757
98763
98768
98772
98772
98775
98775
98782
98785
98788
98790
98791
98796
98797
98802
98804
98804
98804
98805
98815
98819
98822
98823
98823
98824
98824
98826
98833
98837
98844
98847
98848
98853
98855
98858
98859
98864
98864
98867
98870
98876
98879
98883
98885
98887
98891
98892
98892
98897
98899
98899
98899
98906
98909
98913
98915
98917
98924
98924
98925
98934
98934
98937
98942
98946
98949
98951
98953
98956
98960
98964
98967
98969
98971
98971
98975
98975
98984
98984
98984
98989
98995
98997
98999
99002
99005
99006
99008
99014
99019
99021
99024
99024
99024
99029
99033
99035
99040
99045
99047
99048
99049
99055
99059
99062
99065
99066
99070
99073
99078
99078
99078
99081
99086
99089
99090
99099
99100
99105
99105
99110
99110
99113
99117
99123
99125
99129
99129
99135
99135
99136
99139
99143
99144
99151
99152
99158
99160
99164
99165
99168
99173
99174
99174
99179
99185
99188
99191
99194
99196
99196
99199
99200
99204
99206
99212
99213
99216
99220
99224
99228
99228
99229
99235
99237
99238
99240
99250
99252
99255
99257
99260
99264
99266
99269
99276
99277
99281
99284
99285
99290
99293
99293
99298
99300
99304
99309
99312
99314
99316
99319
99323
99323
99326
99330
99331
99333
99335
99335
99348
99349
99352
99358
99360
99364
99364
99367
99368
99376
99376
99381
99387
99389
99389
99389
99392
99401
99402
99405
99407
99412
99414
99414
99414
99416
99429
99433
99433
99439
99440
99445
99448
99450
99450
99456
99461
99463
99463
99464
99467
99473
99478
99480
99480
99486
99489
99493
99496
99502
99503
99504
99511
99513
99513
99520
99520
99525
99525
99533
99535
99540
99542
99542
99543
99550
99553
99559
99562
99562
99563
99565
99570
99573
99575
99581
99587
99591
99592
99595
99595
99598
99600
99603
99610
99613
99616
99621
99623
99626
99627
99635
99638
99638
99643
99646
99647
99648
99649
99655
99663
99668
99671
99673
99676
99677
99683
99684
99691
99694
99694
99699
99699
99703
99711
99714
99717
99719
99721
99724
99726
99727
99733
99736
99737
99745
99745
99747
99755
99755
99757
99761
99763
99771
99773
99774
99775
99780
99783
99790
99791
99793
99799
99799
99802
99802
99804
99805
99814
99815
99822
99825
99835
99835
99840
99845
99848
99850
99853
99853
99859
99862
99863
99870
99870
99878
99881
99885
99885
99887
99887
99891
99892
99901
99902
99906
99911
99917
99921
99921
99925
99932
99934
99935
99936
99944
99945
99945
99945
99948
99952
99961
99962
99962
99973
99977
99980
99981
99988
99988
99992
99992
99993
99993
100001
100003
100005
100018
100022
100026
100028
100030
100031
100031
100041
100043
100049
100051
100055
100059
100059
100063
100066
100071
100072
100078
100080
100087
100091
100091
100092
100094
100099
100100
100109
100111
100118
100118
100123
100128
100132
100133
100137
100140
100146
100148
100151
100157
100157
100157
100161
100170
100173
100173
100180
100180
100186
100187
100195
100196
100198
100206
100208
100209
100211
100214
100221
100222
100224
100230
100232
100240
100242
100243
100251
100251
100253
100260
100260
100262
100266
100268
100268
100278
100279
100284
100290
100292
100300
100300
100306
100310
100312
100314
100315
100321
100324
100330
100330
100336
100339
100345
100347
100348
100353
100360
100361
100366
100367
100374
100378
100381
100386
100386
100392
100394
100399
100399
100400
100405
100413
100416
100421
100425
100426
100427
100428
100433
100433
100436
100451
100451
100453
100456
100458
100462
100468
100471
100471
100471
100479
100485
100493
100494
100501
100501
100501
100511
100511
100520
100522
100523
100528
100534
100535
100538
100543
100544
100547
100557
100560
100564
100568
100570
100573
100574
100577
100580
100581
100588
100592
100596
100605
100605
100608
100609
100613
100620
100622
100622
100630
100638
100640
100643
100648
100651
100652
100653
100663
100666
100666
100673
100677
100680
100680
100681
100692
100695
100696
100698
100706
100712
100714
100718
100718
100718
100722
100731
100738
100740
100741
100746
100751
100756
100761
100764
100768
100771
100773
100776
100779
100785
100791
100796
100798
100799
100802
100802
100812
100818
100820
100824
100829
100832
100838
100838
100838
100843
100852
100853
100855
100855
100859
100862
100863
100869
100869
100869
100889
100891
100898
100902
100907
100907
100909
100913
100923
100924
100928
100929
100931
100939
100942
100947
100953
100955
100958
100958
100963
100966
100968
100975
100984
100985
100988
100990
100996
101001
101004
101008
101013
101017
101024
101025
101025
101026
101028
101028
101040
101045
101047
101051
101054
101065
101071
101072
101074
101078
101084
101090
101094
101095
101100
101106
101107
101115
101118
101118
101119
101124
101125
101132
101134
101140
101141
101154
101154
101163
101164
101168
101175
101176
101183
101186
101186
101194
101199
101201
101207
101207
101211
101215
101222
101227
101230
101231
101237
101241
101246
101248
101254
101258
101262
101263
101267
101273
101280
101282
101282
101289
101292
101294
101299
101308
101310
101310
101317
101320
101323
101327
101328
101334
101342
101349
101351
101356
101361
101365
101370
101373
101374
101380
101380
101382
101394
101396
101402
101407
101411
101413
101417
101418
101422
101422
101424
101425
101425
101429
101448
101456
101457
101459
101462
101470
101474
101480
101483
101485
101493
101494
101494
101500
101501
101502
101510
101520
101528
101530
101530
101532
101532
101544
101544
101552
101554
101558
101563
101571
101577
101580
101581
101589
101595
101600
101601
101604
101605
101608
101617
101624
101630
101630
101632
101636
101646
101650
101655
101658
101664
101666
101670
101671
101678
101679
101684
101684
101694
101702
101703
101706
101706
101713
101713
101717
101727
101729
101735
101738
101739
101747
101755
101762
101763
101767
101770
101771
101772
101783
101785
101795
101799
101807
101809
101814
101820
101822
101828
101829
101835
101838
101838
101839
101846
101851
101855
101869
101869
101869
101875
101881
101884
101892
101900
101903
101905
101909
101918
101919
101922
101929
101933
101937
101944
101948
101952
101953
101953
101961
101969
101975
101979
101983
101983
101993
101997
101997
101997
101998
102007
102007
102016
102023
102030
102035
102036
102036
102046
102054
102060
102062
102070
102074
102074
102082
102085
102092
102094
102095
102095
102109
102112
102115
102122
102125
102133
102134
102135
102144
102152
102154
102159
102159
102166
102173
102175
102177
102183
102190
102199
102200
102207
102209
102212
102214
102223
102226
102227
102236
102240
102242
102243
102251
102255
102256
102258
102271
102279
102284
102284
102287
102298
102305
102308
102311
102313
102316
102328
102329
102338
102343
102343
102343
102357
102363
102363
102367
102370
102372
102374
102374
102393
102400
102403
102406
102410
102412
102414
102417
102420
102432
102436
102448
102453
102458
102461
102461
102465
102470
102481
102481
102484
102489
102499
102500
102504
102504
102510
102517
102524
102526
102529
102534
102541
102552
102559
102560
102565
102567
102578
102579
102588
102593
102596
102603
102608
102612
102618
102618
102619
102632
102632
102636
102641
102641
102652
102661
102662
102662
102664
102676
102677
102684
102687
102699
102706
102709
102710
102719
102726
102729
102729
102738
102738
102746
102746
102748
102748
102756
102772
102772
102786
102788
102789
102796
102806
102806
102807
102812
102826
102830
102834
102841
102845
102845
102850
102856
102864
102868
102876
102882
102887
102888
102891
102902
102902
102904
102912
102912
102923
102927
102937
102943
102945
102946
102948
102957
102966
102966
102977
102977
102989
102989
102993
102995
102996
103009
103009
103023
103028
103028
103028
103046
103047
103052
103058
103063
103066
103067
103071
103072
103074
103094
103103
103103
103112
103117
103122
103122
103129
103135
103138
103141
103154
103154
103156
103156
103173
103176
103187
103191
103192
103202
103208
103210
103214
103215
103217
103221
103222
103231
103251
103251
103257
103259
103259
103275
103276
103285
103285
103292
103305
103305
103315
103315
103319
103331
103335
103336
103345
103348
103356
103360
103361
103371
103380
103383
103384
103396
103397
103404
103405
103409
103410
103411
103411
103427
103441
103451
103456
103456
103459
103470
103470
103477
103486
103488
103493
103502
103509
103512
103519
103527
103528
103537
103541
103549
103553
103553
103561
103566
103573
103583
103586
103588
103599
103603
103607
103612
103617
103623
103628
103637
103643
103648
103650
103653
103653
103654
103672
103672
103685
103692
103701
103701
103702
103708
103724
103729
103733
103737
103738
103740
103758
103761
103765
103775
103780
103784
103788
103796
103799
103799
103806
103817
103822
103823
103835
103837
103839
103848
103848
103864
103865
103870
103875
103876
103879
103891
103900
103911
103915
103915
103920
103927
103935
103939
103948
103955
103960
103965
103968
103974
103977
103992
104001
104006
104011
104019
104019
104020
104026
104034
104036
104043
104055
104065
104072
104074
104074
104075
104076
104086
104105
104106
104119
104119
104124
104130
104142
104145
104154
104160
104164
104169
104175
104185
104191
104195
104196
104198
104209
104214
104217
104226
104230
104235
104236
104255
104262
104266
104266
104275
104282
104287
104300
104301
104305
104308
104319
104326
104336
104337
104342
104347
104355
104355
104356
104377
104381
104385
104393
104402
104408
104416
104424
104425
104435
104438
104440
104449
104456
104463
104464
104467
104481
104491
104494
104497
104507
104509
104509
104527
104532
104539
104546
104556
104561
104568
104573
104574
104582
104593
104594
104603
104606
104606
104606
104606
104619
104624
104645
104653
104664
104670
104675
104678
104686
104689
104698
104703
104709
104713
104717
104727
104738
104742
104742
104743
104760
104773
104780
104785
104790
104791
104798
104806
104812
104813
104820
104829
104831
104848
104855
104865
104870
104874
104877
104892
104896
104897
104899
104906
104911
104927
104935
104937
104950
104950
104961
104961
104963
104974
104980
104989
104992
105009
105014
105018
105021
105022
105022
105030
105045
105065
105070
105071
105082
105090
105091
105096
105100
105118
105119
105131
105133
105143
105145
105147
105157
105172
105174
105180
105180
105195
105197
105203
105220
105224
105229
105240
105245
105247
105251
105268
105270
105279
105281
105293
105294
105301
105315
105325
105326
105330
105330
105342
105360
105367
105370
105375
105377
105381
105383
105395
105413
105413
105419
105422
105434
105436
105451
105461
105465
105478
105487
105492
105497
105502
105508
105509
105514
105522
105536
105547
105557
105563
105572
105580
105582
105592
105592
105609
105616
105616
105622
105626
105632
105646
105646
105662
105665
105675
105688
105695
105700
105700
105710
105721
105728
105728
105734
105748
105751
105758
105777
105781
105785
105792
105793
105802
105822
105823
105825
105831
105845
105850
105859
105873
105875
105884
105896
105901
105909
105909
105926
105932
105938
105942
105956
105961
105965
105977
105981
105982
105988
105997
106009
106014
106031
106037
106044
106044
106059
106061
106063
106084
106085
106099
106099
106109
106119
106128
106134
106140
106151
106159
106168
106178
106182
106184
106193
106206
106207
106219
106227
106236
106239
106241
106252
106267
106273
106279
106290
106299
106309
106317
106320
106325
106329
106340
106352
106364
106367
106375
106379
106387
106395
106405
106417
106430
106436
106445
106446
106451
106465
106467
106470
106470
106491
106494
106505
106519
106523
106539
106551
106553
106566
106575
106582
106586
106595
106606
106606
106613
106630
106630
106642
106652
106657
106662
106678
106685
106690
106690
106709
106713
106723
106728
106735
106751
106754
106773
106779
106780
106792
106793
106805
106812
106827
106836
106840
106852
106861
106869
106880
106889
106898
106899
106903
106906
106925
106932
106946
106955
106964
106966
106971
106985
106998
107008
107013
107025
107031
107043
107043
107061
107070
107071
107076
107078
107086
107096
107120
107125
107139
107139
107154
107163
107174
107174
107178
107199
107206
107212
107221
107229
107243
107248
107254
107259
107277
107277
107295
107299
107300
107316
107324
107334
107343
107347
107367
107376
107383
107386
107398
107409
107419
107428
107440
107442
107454
107461
107463
107467
107476
107499
107506
107523
107531
107538
107545
107548
107557
107569
107569
107578
107597
107601
107613
107633
107641
107644
107658
107667
107675
107688
107690
107694
107709
107722
107722
107740
107749
107750
107756
107779
107786
107786
107790
107817
107821
107827
107846
107857
107865
107871
107878
107885
107905
107906
107912
107932
107942
107943
107947
107947
107964
107981
107996
108006
108012
108029
108038
108045
108046
108068
108070
108075
108082
108084
108088
108102
108122
108129
108148
108159
108161
108185
108197
108206
108210
108212
108232
108237
108238
108254
108255
108273
108273
108297
108315
108323
108324
108340
108345
108345
108360
108362
108393
108406
108416
108421
108431
108440
108442
108447
108475
108475
108477
108504
108513
108519
108533
108548
108556
108563
108567
108590
108596
108604
108615
108617
108622
108645
108654
108663
108677
108691
108696
108703
108714
108723
108725
108726
108728
108759
108765
108795
108803
108803
108825
108831
108845
108855
108857
108859
108879
108900
108904
108919
108919
108931
108944
108967
108974
108990
108992
108999
109011
109021
109035
109050
109053
109061
109077
109078
109086
109087
109123
109145
109153
109154
109166
109166
109190
109212
109218
109219
109226
109241
109266
109278
109290
109301
109309
109324
109330
109338
109341
109361
109371
109385
109393
109415
109426
109437
109442
109444
109458
109483
109485
109487
109506
109527
109531
109551
109551
109567
109587
109595
109608
109617
109631
109638
109647
109651
109655
109666
109681
109693
109703
109727
109744
109747
109771
109780
109790
109796
109811
109819
109825
109852
109858
109858
109876
109892
109911
109912
109916
109951
109963
109969
109983
109996
110006
110009
110015
110054
110058
110075
110081
110087
110108
110111
110133
110150
110164
110169
110181
110186
110190
110207
110217
110221
110247
110272
110284
110298
110310
110317
110319
110345
110351
110366
110379
110393
110408
110415
110425
110425
110436
110462
110486
110501
110507
110523
110542
110555
110556
110577
110587
110592
110607
110634
110635
110640
110674
110683
110696
110702
110722
110722
110728
110746
110749
110771
110777
110795
110814
110840
110853
110858
110873
110890
110911
110914
110921
110939
110962
110979
110988
110990
110996
111033
111037
111042
111050
111065
111072
111093
111131
111145
111159
111170
111187
111201
111203
111207
111212
111219
111244
111251
111253
111301
111318
111338
111347
111367
111378
111392
111396
111398
111426
111442
111451
111475
111483
111510
111525
111531
111541
111558
111579
111583
111613
111625
111627
111628
111669
111674
111699
111699
111713
111718
111732
111743
111751
111774
111809
111810
111836
111855
111872
111873
111878
111893
111918
111933
111965
111966
111984
112012
112029
112038
112041
112041
112044
112046
112078
112116
112127
112133
112183
112197
112201
112228
112235
112257
112263
112273
112286
112304
112313
112347
112350
112361
112387
112405
112418
112434
112441
112448
112452
112477
112497
112542
112545
112549
112557
112571
112627
112631
112632
112670
112685
112691
112705
112721
112729
112766
112771
112795
112817
112833
112839
112850
112866
112888
112919
112937
112941
112950
112962
112974
112991
113004
113036
113055
113067
113082
113123
113144
113150
113163
113183
113187
113191
113222
113259
113263
113265
113298
113309
113351
113360
113381
113388
113394
113405
113438
113456
113493
113501
113512
113521
113531
113533
113571
113606
113625
113642
113652
113678
113685
113726
113734
113761
113779
113796
113801
113811
113830
113864
113869
113895
113925
113940
113955
113960
113980
114003
114005
114007
114015
114090
114102
114102
114113
114159
114167
114208
114230
114249
114263
114282
114303
114328
114347
114364
114385
114395
114403
114414
114422
114477
114488
114494
114503
114519
114549
114583
114613
114637
114638
114659
114699
114715
114732
114758
114776
114785
114788
114824
114824
114844
114898
114909
114921
114963
114984
114987
114998
115018
115067
115094
115111
115136
115140
115165
115199
115206
115217
115250
115250
115282
115305
115337
115341
115383
115402
115431
115433
115455
115471
115471
115543
115561
115575
115605
115631
115639
115673
115686
115707
115715
115733
115737
115777
115808
115817
115873
115878
115887
115892
115924
115925
115955
116034
116061
116062
116066
116079
116140
116165
116193
116199
116219
116238
116248
116308
116316
116366
116381
116385
116417
116446
116482
116487
116518
116537
116539
116568
116572
116601
116636
116641
116652
116659
116716
116799
116819
116824
116857
116860
116871
116898
116918
116969
116977
117016
117048
117064
117106
117110
117130
117183
117226
117261
117271
117278
117282
117326
117339
117391
117432
117461
117477
117503
117551
117565
117583
117616
117647
117653
117701
117733
117736
117767
117799
117839
117862
117875
117910
117938
117941
117945
117962
118029
118083
118085
118113
118149
118201
118239
118269
118272
118298
118319
118357
118413
118436
118457
118472
118480
118527
118564
118592
118644
118672
118686
118699
118752
118780
118820
118844
118865
118885
118911
118944
119001
119033
119048
119055
119062
119141
119159
119210
119240
119255
119278
119330
119382
119406
119426
119432
119453
119493
119543
119592
119618
119629
119675
119718
119722
119763
119763
119842
119861
119909
119909
119913
119933
119963
120063
120140
120154
120178
120231
120240
120293
120318
120337
120405
120437
120459
120505
120538
120592
120624
120656
120670
120727
120744
120751
120838
120858
120867
120946
120962
120982
121004
121035
121048
121050
121053
121246
121279
121283
121359
121391
121419
121441
121511
121549
121577
121580
121590
121655
121655
121672
121683
121720
121748
121880
121985
122032
122065
122101
122153
122190
122214
122267
122274
122283
122367
122413
122451
122514
122516
122543
122590
122632
122640
122673
122791
122870
122871
122901
122986
123033
123051
123094
123166
123169
123182
123262
123285
123321
123360
123365
123514
123588
123633
123678
123713
123723
123748
123820
123881
123911
123967
124011
124093
124148
124194
124224
124241
124303
124369
124383
124469
124550
124576
124581
124661
124737
124778
124834
124865
124885
124977
124989
124989
125109
125198
125265
125310
125320
125424
125442
125531
125589
125637
125642
125718
125818
125869
125881
125966
125972
126020
126144
126154
126205
126270
126333
126447
126459
126473
126628
126636
126694
126748
126770
126872
126954
127012
127091
127145
127246
127274
127343
127384
127432
127543
127583
127666
127681
127800
127815
127922
127961
128037
128047
128098
128240
128296
128328
128403
128564
128604
128637
128698
128781
128858
128976
129038
129048
129162
129182
129262
129330
129468
129468
129544
129680
129736
129755
129893
129949
130060
130110
130172
130348
130373
130427
130611
130614
130745
130819
130840
130889
131084
131164
131245
131280
131307
131326
131581
131645
131664
131669
131752
131934
131947
132169
132175
132454
132469
132546
132652
132768
132867
132926
133135
133201
133259
133259
133359
133449
133674
133808
133809
133906
134175
134276
134309
134423
134471
134530
134695
134903
134916
135153
135237
135350
135457
135577
135757
135846
135926
136013
136065
136265
136388
136568
136710
136713
136922
137066
137102
137173
137189
137202
137550
137727
137746
137988
138149
138503
138626
138747
138756
138959
139076
139250
139306
139735
139889
140010
140048
140398
140476
140744
140829
140844
141144
141198
141508
141560
141943
142141
142150
142324
142671
142863
142968
143238
143255
143642
143651
143662
144300
144363
144421
144466
145051
145102
145172
145856
145941
145966
146627
146868
147073
147168
147276
147937
148117
148148
148321
148465
148929
148937
149185
149883
150453
150854
151073
151274
151805
151976
152256
152710
152891
153243
153616
154234
154457
155059
155435
155950
156282
156822
157046
157236
157324
158735
158785
159555
160170
160515
161203
161454
162197
162459
162536
163503
164472
164901
165142
167204
167815
168269
169671
170181
170682
171808
172754
173207
173789
176812
177973
178990
179761
181163
181558
182823
185716
189135
191406
193746
194198
196154
198814
202688
207917
210819
217783
221620
231248
247883
262955
282298
444206
