4950 334702843
42495
42503
42506
42514
42517
42520
42521
42521
42523
42523
42529
42535
42541
42544
42547
42551
42555
42556
42558
42566
42574
42582
42586
42588
42595
42600
42608
42613
42614
42620
42625
42627
42629
42635
42639
42642
42647
42651
42652
42652
42652
42653
42655
42662
42667
42671
42674
42675
42684
42691
42692
42699
42699
42701
42704
42707
42709
42713
42722
42722
42729
42734
42743
42745
42751
42752
42755
42758
42765
42768
42772
42775
42777
42781
42786
42789
42797
42798
42804
42808
42811
42815
42824
42825
42831
42837
42846
42847
42848
42855
42856
42864
42872
42881
42881
42882
42891
42897
42905
42913
42921
42926
42926
42934
42942
42948
42952
42961
42961
42964
42970
42978
42979
42985
42987
42987
42987
42995
43003
43004
43013
43021
43030
43035
43043
43045
43049
43055
43057
43060
43063
43063
43068
43071
43079
43080
43086
43093
43101
43110
43110
43114
43121
43128
43135
43144
43149
43153
43155
43164
43171
43178
43184
43193
43197
43202
43207
43207
43213
43219
43222
43226
43235
43244
43246
43251
43251
43257
43264
43269
43275
43278
43285
43293
43298
43303
43305
43305
43306
43313
43320
43320
43321
43324
43330
43330
43331
43338
43343
43348
43356
43358
43359
43365
43373
43374
43375
43378
43378
43378
43379
43380
43381
43387
43387
43390
43394
43399
43399
43406
43409
43414
43418
43427
43432
43436
43441
43448
43451
43452
43453
43459
43464
43469
43470
43472
43477
43483
43491
43495
43498
43501
43505
43513
43522
43522
43529
43535
43536
43543
43547
43556
43560
43561
43563
43571
43572
43577
43577
43578
43587
43595
43601
43609
43613
43615
43622
43622
43630
43630
43632
43633
43634
43636
43636
43642
43649
43653
43661
43661
43665
43667
43670
43679
43684
43691
43692
43701
43710
43711
43717
43725
43725
43731
43731
43740
43749
43755
43760
43760
43768
43777
43784
43788
62661
62824
62966
63043
63056
63088
63094
63098
63099
63102
63104
63104
63107
63108
63108
63108
63111
63114
63115
63116
63117
63120
63121
63123
63123
63125
63125
63127
63128
63131
63132
63133
63134
63137
63138
63138
63138
63140
63142
63145
63147
63148
63149
63149
63151
63154
63156
63156
63156
63156
63160
63161
63164
63165
63166
63168
63168
63168
63170
63170
63176
63176
63177
63177
63181
63182
63185
63186
63187
63189
63190
63192
63192
63194
63196
63197
63197
63200
63202
63203
63205
63207
63207
63207
63209
63209
63212
63214
63216
63216
63216
63218
63219
63223
63225
63226
63227
63228
63230
63232
63233
63234
63234
63236
63238
63240
63242
63245
63246
63246
63248
63248
63252
63252
63253
63254
63254
63258
63258
63260
63262
63263
63263
63267
63268
63270
63271
63272
63273
63276
63279
63279
63281
63282
63282
63282
63287
63288
63289
63290
63293
63293
63296
63298
63298
63301
63302
63302
63304
63306
63306
63309
63309
63309
63310
63312
63313
63318
63319
63319
63323
63323
63324
63326
63328
63329
63332
63332
63335
63336
63336
63338
63338
63338
63342
63345
63347
63348
63349
63349
63351
63353
63353
63357
63358
63359
63362
63363
63365
63366
63366
63368
63368
63368
63370
63375
63377
63378
63380
63380
63383
63384
63386
63386
63389
63390
63393
63393
63393
63397
63397
63400
63402
63403
63404
63406
63406
63409
63411
63411
63412
63414
63417
63417
63417
63418
63418
63421
63425
63426
63429
63430
63430
63430
63430
63430
63436
63439
63439
63440
63440
63441
63447
63447
63450
63450
63451
63453
63456
63458
63458
63459
63461
63462
63463
63467
63467
63470
63470
63473
63473
63476
63477
63477
63479
63482
63483
63486
63487
63487
63489
63489
63492
63492
63493
63495
63497
63497
63498
63503
63504
63507
63508
63508
63510
63513
63515
63516
63518
63518
63519
63520
63522
63523
63525
63528
63529
63531
63533
63535
63535
63536
63540
63540
63543
63543
63543
63543
63545
63546
63550
63553
63554
63556
63556
63556
63560
63561
63563
63564
63566
63567
63569
63569
63573
63576
63576
63578
63580
63580
63581
63583
63584
63587
63589
63590
63590
63593
63594
63597
63597
63599
63599
63600
63603
63603
63609
63610
63612
63613
63613
63615
63615
63615
63615
63615
63619
63626
63626
63628
63629
63630
63630
63632
63632
63633
63637
63640
63641
63642
63643
63646
63649
63651
63652
63654
63654
63654
63654
63658
63659
63662
63665
63667
63668
63668
63672
63672
63672
63675
63677
63678
63679
63679
63680
63684
63686
63687
63691
63691
63693
63695
63695
63698
63699
63701
63704
63705
63706
63708
63710
63711
63711
63713
63716
63716
63718
63718
63722
63723
63724
63725
63725
63729
63732
63732
63735
63736
63739
63739
63741
63744
63744
63745
63749
63750
63752
63752
63755
63756
63758
63758
63760
63763
63763
63763
63763
63768
63768
63772
63773
63776
63778
63780
63780
63783
63784
63785
63785
63785
63786
63789
63794
63794
63795
63795
63795
63795
63797
63797
63803
63807
63808
63812
63813
63815
63816
63818
63819
63821
63821
63822
63825
63827
63827
63829
63832
63835
63836
63838
63840
63841
63841
63842
63842
63844
63847
63851
63851
63855
63856
63857
63858
63860
63863
63864
63865
63865
63865
63870
63871
63871
63873
63874
63879
63879
63882
63884
63885
63885
63886
63887
63893
63894
63895
63895
63898
63901
63901
63902
63906
63907
63907
63910
63910
63915
63915
63917
63918
63918
63918
63919
63924
63926
63928
63928
63933
63933
63935
63937
63939
63941
63942
63943
63945
63945
63945
63947
63951
63951
63952
63953
63955
63957
63959
63962
63965
63968
63968
63972
63972
63972
63976
63977
63980
63980
63983
63983
63986
63988
63988
63991
63993
63995
63996
63996
63999
64000
64002
64005
64007
64008
64008
64010
64012
64014
64014
64015
64018
64018
64022
64026
64026
64028
64030
64032
64033
64035
64037
64038
64038
64042
64043
64044
64047
64049
64051
64053
64054
64056
64057
64057
64057
64060
64061
64066
64066
64066
64068
64069
64072
64075
64075
64078
64081
64081
64084
64085
64086
64089
64089
64090
64093
64095
64099
64100
64100
64100
64102
64104
64110
64111
64111
64113
64113
64118
64119
64120
64121
64121
64126
64127
64128
64130
64132
64132
64135
64135
64138
64140
64141
64141
64141
64143
64146
64146
64146
64152
64156
64160
64161
64162
64162
64166
64168
64170
64172
64173
64174
64176
64176
64180
64181
64184
64184
64188
64188
64191
64192
64193
64193
64195
64200
64200
64200
64201
64204
64208
64210
64211
64214
64214
64215
64216
64219
64222
64222
64222
64222
64223
64230
64231
64231
64235
64239
64240
64241
64241
64244
64248
64248
64251
64251
64252
64255
64258
64259
64261
64262
64264
64265
64266
64267
64268
64271
64273
64274
64276
64279
64279
64281
64287
64288
64289
64291
64293
64294
64294
64296
64296
64299
64299
64299
64300
64306
64306
64307
64308
64316
64317
64318
64320
64320
64323
64324
64327
64330
64332
64334
64336
64338
64340
64342
64343
64345
64345
64347
64347
64348
64354
64356
64356
64357
64358
64360
64363
64367
64369
64371
64372
64372
64375
64376
64379
64382
64383
64384
64384
64385
64389
64391
64391
64395
64395
64398
64400
64404
64405
64406
64408
64408
64409
64410
64410
64410
64417
64422
64422
64423
64425
64427
64429
64431
64433
64436
64438
64440
64442
64442
64444
64446
64446
64447
64449
64449
64452
64457
64459
64459
64461
64462
64462
64466
64468
64473
64474
64474
64478
64478
64481
64484
64484
64486
64488
64488
64493
64495
64495
64498
64498
64498
64502
64506
64508
64509
64509
64512
64514
64518
64519
64520
64520
64524
64525
64525
64526
64532
64533
64534
64534
64538
64540
64540
64540
64543
64544
64551
64552
64553
64554
64558
64560
64561
64561
64561
64565
64569
64570
64572
64572
64575
64579
64579
64579
64583
64587
64588
64590
64591
64592
64596
64598
64599
64601
64601
64605
64607
64608
64609
64611
64612
64613
64616
64617
64618
64621
64621
64623
64625
64631
64634
64635
64638
64639
64641
64641
64644
64647
64648
64649
64653
64653
64655
64658
64658
64661
64661
64665
64667
64670
64671
64673
64674
64676
64678
64680
64682
64682
64684
64689
64691
64691
64693
64694
64696
64696
64696
64701
64706
64706
64707
64711
64711
64713
64716
64719
64722
64723
64724
64724
64726
64730
64731
64735
64735
64739
64740
64740
64742
64746
64749
64749
64751
64751
64753
64757
64760
64761
64763
64764
64767
64768
64771
64772
64774
64774
64779
64780
64780
64783
64785
64787
64791
64792
64794
64796
64798
64801
64803
64803
64806
64806
64811
64811
64812
64814
64814
64814
64818
64820
64821
64828
64828
64830
64833
64835
64837
64837
64842
64842
64845
64848
64848
64852
64852
64852
64858
64860
64860
64860
64865
64865
64867
64867
64872
64875
64877
64878
64880
64884
64884
64884
64889
64891
64892
64896
64896
64897
64897
64903
64904
64907
64907
64908
64912
64913
64917
64917
64921
64922
64923
64924
64926
64927
64931
64933
64936
64936
64939
64942
64942
64946
64948
64950
64950
64955
64956
64956
64960
64960
64962
64967
64969
64970
64971
64972
64977
64979
64981
64983
64985
64986
64988
64989
64991
64991
64997
64999
64999
65002
65005
65005
65007
65011
65012
65013
65018
65020
65022
65022
65025
65026
65026
65030
65030
65032
65032
65035
65038
65042
65042
65044
65046
65049
65052
65052
65053
65056
65060
65062
65062
65063
65070
65072
65072
65074
65074
65079
65083
65083
65084
65084
65086
65093
65095
65097
65098
65100
65102
65102
65102
65106
65108
65114
65115
65116
65116
65116
65124
65124
65125
65127
65131
65133
65133
65136
65136
65140
65141
65142
65144
65149
65150
65154
65157
65160
65161
65163
65164
65167
65167
65167
65168
65172
65172
65181
65182
65183
65185
65189
65190
65193
65195
65195
65197
65201
65203
65205
65207
65210
65210
65210
65212
65218
65218
65220
65223
65223
65225
65225
65231
65233
65233
65233
65235
65240
65240
65247
65248
65251
65252
65254
65255
65257
65257
65260
65261
65268
65269
65273
65273
65275
65277
65277
65282
65285
65286
65286
65287
65294
65294
65294
65299
65299
65302
65302
65302
65302
65308
65315
65317
65317
65321
65322
65326
65328
65331
65333
65334
65336
65338
65341
65341
65342
65344
65346
65350
65351
65351
65358
65358
65361
65364
65365
65369
65369
65370
65372
65376
65379
65382
65384
65386
65388
65389
65391
65395
65397
65397
65400
65403
65403
65406
65410
65412
65412
65416
65418
65418
65422
65423
65423
65423
65424
65424
65426
65430
65439
65440
65441
65443
65448
65449
65452
65454
65454
65459
65462
65465
65467
65468
65471
65471
65472
65476
65476
65478
65482
65483
65483
65488
65490
65496
65498
65499
65500
65502
65504
65506
65511
65511
65511
65513
65516
65519
65521
65525
65528
65529
65532
65532
65537
65537
65541
65542
65544
65548
65551
65551
65554
65557
65557
65560
65563
65564
65564
65569
65569
65575
65577
65577
65581
65583
65585
65587
65590
65592
65592
65595
65596
65599
65604
65607
65609
65609
65612
65614
65618
65619
65621
65624
65626
65629
65629
65631
65634
65638
65640
65643
65643
65647
65649
65652
65654
65654
65655
65657
65657
65665
65666
65668
65672
65672
65674
65675
65678
65683
65685
65685
65690
65692
65695
65697
65697
65701
65704
65704
65705
65709
65709
65712
65712
65712
65716
65724
65727
65729
65732
65734
65734
65735
65735
65735
65735
65747
65748
65750
65751
65756
65758
65760
65762
65765
65769
65770
65771
65773
65776
65778
65778
65779
65786
65789
65792
65792
65793
65799
65800
65800
65800
65804
65804
65810
65812
65814
65818
65822
65822
65826
65826
65826
65826
65833
65836
65840
65843
65844
65846
65849
65851
65853
65856
65858
65860
65862
65862
65863
65863
65864
65865
65876
65880
65882
65885
65885
65889
65892
65893
65893
65897
65901
65901
65906
65909
65911
65911
65911
65912
65913
65919
65920
65928
65930
65932
65932
65932
65932
65939
65944
65944
65949
65950
65950
65956
65957
65958
65959
65960
65966
65968
65971
65975
65978
65979
65980
65982
65987
65987
65992
65993
65994
65994
66001
66001
66006
66009
66011
66013
66016
66016
66018
66020
66021
66022
66023
66029
66030
66037
66039
66042
66044
66047
66049
66051
66051
66054
66056
66056
66062
66065
66066
66066
66071
66073
66075
66080
66083
66084
66085
66091
66092
66092
66099
66099
66100
66106
66106
66109
66110
66112
66118
66120
66122
66123
66125
66130
66130
66130
66134
66139
66140
66143
66144
66149
66150
66155
66157
66159
66162
66163
66166
66170
66170
66171
66174
66175
66177
66185
66187
66189
66191
66191
66193
66195
66202
66204
66207
66210
66212
66213
66214
66218
66222
66223
66223
66224
66227
66230
66235
66235
66237
66238
66240
66248
66250
66255
66257
66259
66260
66261
66262
66265
66272
66272
66277
66279
66281
66282
66286
66288
66292
66294
66296
66299
66299
66300
66304
66304
66307
66314
66318
66319
66320
66320
66325
66326
66328
66328
66328
66333
66338
66345
66346
66348
66349
66351
66357
66358
66361
66366
66368
66371
66372
66372
66374
66377
66380
66381
66388
66389
66390
66396
66398
66402
66402
66404
66404
66408
66410
66416
66417
66417
66423
66425
66430
66432
66435
66438
66440
66442
66443
66443
66450
66452
66456
66456
66456
66463
66466
66467
66471
66474
66477
66478
66478
66481
66483
66484
66488
66495
66496
66496
66503
66503
66507
66507
66508
66514
66517
66519
66519
66526
66529
66529
66532
66535
66538
66539
66544
66545
66545
66552
66553
66553
66558
66558
66565
66565
66566
66568
66576
66578
66578
66580
66583
66584
66589
66589
66593
66600
66602
66606
66606
66608
66608
66608
66616
66617
66617
66617
66623
66629
66631
66636
66638
66638
66640
66648
66650
66653
66656
66659
66660
66661
66663
66663
66672
66673
66675
66675
66680
66685
66688
66690
66694
66696
66699
66700
66700
66705
66706
66711
66713
66716
66720
66722
66726
66727
66728
66732
66732
66734
66743
66743
66743
66747
66747
66756
66756
66761
66764
66767
66769
66770
66775
66777
66777
66783
66783
66786
66790
66794
66795
66800
66803
66805
66808
66809
66812
66815
66815
66820
66825
66826
66826
66832
66834
66834
66836
66844
66845
66846
66848
66850
66855
66858
66858
66863
66866
66872
66873
66873
66876
66879
66883
66885
66887
66891
66897
66899
66903
66903
66903
66909
66914
66915
66919
66919
66924
66925
66929
66932
66934
66936
66941
66944
66944
66948
66949
66952
66955
66955
66963
66963
66964
66966
66970
66976
66978
66980
66980
66987
66989
66995
66995
67000
67001
67005
67005
67011
67015
67015
67020
67020
67023
67025
67029
67034
67038
67041
67043
67044
67045
67049
67050
67050
67058
67060
67060
67064
67071
67074
67076
67081
67083
67085
67088
67089
67095
67098
67099
67103
67106
67106
67113
67114
67119
67120
67124
67125
67130
67131
67133
67137
67138
67142
67146
67146
67146
67148
67154
67154
67155
67156
67159
67173
67175
67176
67182
67185
67187
67187
67194
67197
67197
67198
67200
67205
67208
67214
67216
67218
67219
67226
67227
67230
67234
67238
67238
67241
67242
67249
67250
67253
67254
67257
67262
67268
67268
67271
67271
67279
67279
67283
67285
67286
67292
67296
67300
67301
67301
67304
67308
67312
67316
67320
67320
67326
67329
67329
67335
67338
67338
67342
67345
67350
67354
67355
67360
67362
67365
67369
67372
67373
67376
67378
67383
67383
67386
67389
67395
67395
67398
67402
67403
67407
67410
67415
67417
67418
67426
67427
67433
67435
67438
67438
67442
67442
67444
67453
67455
67456
67459
67461
67468
67470
67475
67475
67478
67484
67484
67487
67491
67491
67495
67495
67506
67506
67510
67514
67514
67521
67521
67525
67531
67534
67536
67536
67543
67544
67545
67546
67556
67558
67562
67562
67564
67570
67573
67573
67580
67582
67583
67590
67592
67594
67597
67598
67599
67609
67611
67615
67616
67616
67621
67624
67624
67626
67629
67639
67640
67640
67640
67647
67652
67654
67657
67664
67664
67665
67667
67672
67678
67678
67686
67686
67694
67697
67697
67701
67701
67709
67711
67716
67719
67721
67724
67724
67727
67727
67727
67729
67739
67741
67745
67755
67756
67758
67759
67765
67766
67771
67771
67780
67783
67785
67786
67793
67796
67800
67803
67803
67809
67812
67813
67816
67820
67821
67823
67826
67828
67836
67837
67845
67845
67847
67853
67855
67860
67861
67868
67871
67872
67872
67876
67884
67886
67890
67894
67896
67896
67902
67904
67909
67910
67910
67915
67921
67926
67930
67932
67935
67939
67942
67946
67949
67950
67953
67960
67962
67963
67970
67971
67974
67979
67982
67986
67987
67988
67993
67994
67998
67999
68001
68010
68011
68016
68019
68020
68023
68024
68036
68038
68041
68043
68048
68051
68054
68056
68061
68063
68064
68064
68076
68076
68084
68085
68087
68087
68095
68095
68097
68103
68104
68113
68117
68118
68121
68124
68128
68129
68130
68135
68137
68139
68148
68152
68154
68159
68159
68163
68171
68172
68178
68180
68182
68189
68190
68195
68195
68198
68205
68209
68209
68214
68217
68219
68226
68226
68227
68233
68235
68239
68246
68246
68252
68256
68260
68261
68264
68270
68274
68274
68280
68280
68288
68291
68295
68299
68302
68302
68305
68314
68314
68317
68317
68320
68322
68335
68339
68342
68344
68349
68350
68354
68356
68361
68367
68370
68373
68376
68379
68383
68385
68387
68389
68396
68402
68406
68406
68406
68415
68420
68422
68422
68429
68431
68434
68435
68440
68443
68448
68452
68455
68455
68457
68467
68472
68474
68479
68482
68485
68487
68492
68498
68500
68503
68508
68509
68514
68520
68524
68527
68530
68532
68533
68540
68545
68545
68548
68549
68549
68551
68555
68559
68570
68573
68580
68581
68589
68591
68594
68600
68601
68605
68611
68615
68617
68618
68624
68625
68628
68636
68637
68640
68645
68646
68655
68656
68658
68660
68660
68669
68671
68676
68680
68687
68687
68696
68697
68697
68708
68712
68715
68719
68720
68724
68727
68728
68737
68740
68745
68746
68750
68752
68752
68758
68762
68765
68765
68774
68780
68784
68785
68792
68794
68796
68797
68806
68807
68816
68817
68821
68822
68827
68834
68836
68843
68845
68850
68855
68856
68858
68860
68865
68869
68869
68871
68882
68884
68887
68887
68891
68891
68907
68911
68914
68914
68916
68921
68931
68935
68936
68940
68940
68940
68952
68953
68955
68965
68967
68972
68975
68977
68978
68981
68985
68992
68993
69005
69005
69007
69008
69021
69021
69028
69029
69030
69037
69037
69044
69050
69053
69059
69059
69066
69069
69074
69074
69084
69085
69085
69085
69096
69099
69102
69105
69113
69116
69122
69123
69128
69135
69137
69140
69140
69150
69152
69153
69153
69166
69171
69171
69179
69180
69186
69191
69194
69194
69203
69207
69211
69211
69219
69220
69227
69228
69232
69235
69238
69241
69244
69246
69246
69262
69263
69271
69271
69272
69284
69288
69289
69290
69298
69298
69302
69303
69310
69320
69320
69320
69326
69330
69341
69342
69342
69347
69355
69360
69363
69369
69370
69376
69381
69381
69390
69394
69397
69397
69400
69409
69409
69409
69419
69427
69432
69435
69437
69443
69445
69446
69446
69447
69463
69465
69467
69471
69480
69484
69485
69492
69493
69500
69505
69509
69512
69514
69514
69514
69530
69536
69540
69543
69547
69552
69554
69560
69564
69564
69569
69571
69577
69577
69582
69587
69590
69597
69598
69602
69603
69622
69624
69630
69632
69633
69642
69648
69649
69650
69657
69658
69664
69669
69676
69677
69678
69688
69690
69693
69696
69702
69711
69712
69713
69715
69715
69720
69724
69740
69744
69744
69754
69754
69758
69763
69767
69774
69780
69783
69787
69792
69796
69798
69809
69809
69813
69814
69823
69829
69831
69837
69844
69846
69847
69851
69852
69861
69867
69872
69878
69884
69885
69893
69894
69894
69899
69907
69909
69912
69914
69924
69930
69934
69940
69947
69950
69955
69955
69961
69968
69968
69970
69970
69978
69978
69982
69997
70000
70004
70005
70006
70009
70019
70031
70031
70037
70047
70051
70053
70057
70059
70059
70066
70076
70079
70085
70088
70096
70100
70103
70107
70112
70117
70119
70124
70131
70132
70142
70142
70148
70152
70153
70157
70169
70171
70176
70184
70189
70192
70192
70192
70200
70201
70206
70212
70214
70226
70226
70229
70237
70248
70250
70255
70262
70266
70274
70276
70280
70283
70286
70290
70291
70307
70309
70312
70315
70325
70327
70329
70337
70342
70350
70351
70353
70363
70364
70368
70378
70383
70384
70391
70397
70397
70400
70401
70402
70414
70416
70416
70419
70440
70446
70446
70452
70458
70464
70465
70473
70480
70480
70484
70491
70491
70499
70503
70513
70515
70521
70524
70524
70536
70536
70537
70551
70552
70559
70561
70563
70576
70576
70581
70588
70592
70599
70605
70610
70615
70622
70624
70627
70631
70635
70643
70643
70653
70656
70666
70667
70670
70679
70687
70692
70698
70699
70702
70705
70709
70717
70727
70729
70732
70734
70745
70752
70752
70754
70758
70763
70776
70782
70783
70793
70796
70798
70801
70814
70815
70824
70829
70829
70832
70832
70837
70843
70847
70859
70871
70875
70875
70880
70882
70882
70889
70893
70904
70916
70916
70922
70923
70935
70943
70947
70949
70957
70961
70966
70973
70974
70978
70981
70991
71001
71002
71007
71016
71022
71027
71027
71031
71038
71045
71047
71048
71061
71062
71071
71073
71076
71091
71095
71095
71097
71104
71106
71120
71126
71126
71134
71134
71141
71153
71159
71163
71171
71172
71172
71181
71185
71197
71203
71206
71206
71210
71220
71225
71226
71234
71234
71238
71257
71260
71262
71271
71277
71281
71282
71283
71289
71304
71304
71309
71316
71328
71331
71340
71345
71345
71352
71357
71358
71359
71370
71380
71383
71384
71391
71403
71408
71408
71415
71415
71418
71434
71442
71450
71454
71457
71458
71458
71475
71479
71479
71486
71488
71489
71494
71497
71501
71521
71524
71528
71541
71544
71554
71556
71569
71570
71573
71583
71589
71592
71604
71607
71611
71612
71627
71630
71630
71644
71648
71653
71653
71653
71663
71665
71670
71678
71689
71699
71704
71713
71714
71724
71725
71736
71739
71742
71751
71752
71766
71772
71776
71783
71789
71793
71800
71803
71803
71803
71806
71813
71831
71836
71844
71853
71858
71864
71868
71878
71883
71885
71888
71898
71905
71910
71919
71926
71928
71936
71943
71949
71951
71952
71963
71965
71965
71972
71978
71988
72004
72009
72014
72020
72022
72034
72038
72041
72051
72056
72056
72058
72060
72075
72089
72094
72099
72107
72114
72115
72117
72121
72139
72145
72146
72153
72161
72162
72165
72182
72182
72192
72193
72197
72200
72200
72218
72232
72238
72241
72250
72255
72263
72264
72266
72269
72276
72285
72293
72294
72297
72319
72320
72320
72339
72339
72342
72356
72365
72366
72368
72376
72387
72396
72402
72404
72410
72422
72426
72429
72432
72448
72453
72460
72461
72474
72480
72480
72482
72496
72505
72508
72514
72515
72522
72538
72541
72551
72556
72558
72571
72573
72582
72590
72597
72598
72605
72612
72623
72629
72630
72630
72645
72653
72656
72667
72672
72679
72690
72691
72692
72701
72703
72717
72731
72733
72736
72746
72751
72759
72766
72766
72778
72791
72795
72800
72807
72817
72823
72830
72839
72840
72845
72848
72866
72870
72876
72878
72883
72888
72902
72912
72919
72920
72922
72934
72941
72948
72949
72965
72973
72977
72987
72993
72999
72999
73001
73020
73030
73033
73033
73046
73046
73046
73070
73072
73088
73090
73090
73101
73101
73107
73112
73118
73138
73149
73155
73157
73172
73172
73178
73187
73194
73194
73206
73213
73222
73229
73238
73247
73258
73259
73260
73277
73284
73287
73298
73302
73317
73323
73325
73335
73346
73350
73357
73357
73358
73358
73373
73380
73400
73407
73419
73422
73427
73431
73442
73445
73460
73465
73467
73471
73479
73498
73508
73512
73522
73523
73534
73541
73542
73549
73560
73565
73583
73584
73589
73595
73597
73605
73629
73629
73643
73643
73648
73659
73663
73675
73679
73687
73696
73712
73719
73724
73734
73738
73739
73747
73761
73769
73777
73783
73785
73797
73802
73811
73812
73836
73837
73851
73858
73858
73865
73865
73884
73897
73905
73914
73914
73918
73932
73933
73945
73959
73962
73964
73975
73993
73994
74002
74017
74021
74031
74032
74046
74049
74059
74059
74061
74063
74094
74098
74102
74109
74130
74133
74143
74146
74153
74170
74173
74183
74191
74191
74194
74218
74224
74228
74236
74236
74259
74267
74272
74277
74287
74288
74309
74319
74319
74332
74334
74350
74353
74359
74367
74367
74369
74369
74373
74393
74394
74425
74429
74450
74451
74451
74478
74480
74492
74496
74498
74501
74529
74538
74542
74554
74564
74570
74577
74583
74586
74601
74610
74620
74626
74636
74644
74648
74654
74661
74674
74679
74686
74692
74698
74716
74735
74735
74747
74748
74765
74770
74770
74773
74778
74805
74821
74823
74829
74831
74837
74856
74863
74867
74871
74902
74909
74914
74916
74932
74940
74947
74956
74960
74970
74977
74981
74999
75022
75022
75038
75045
75050
75055
75070
75083
75083
75097
75099
75109
75132
75142
75151
75153
75170
75175
75189
75189
75202
75205
75216
75232
75237
75248
75260
75263
75280
75284
75286
75308
75315
75321
75325
75325
75334
75365
75373
75387
75393
75393
75396
75401
75432
75444
75449
75462
75464
75479
75480
75481
75507
75517
75520
75540
75548
75559
75560
75574
75586
75587
75610
75614
75625
75634
75645
75656
75665
75669
75677
75685
75703
75703
75719
75735
75748
75752
75766
75768
75780
75798
75809
75815
75825
75833
75844
75844
75854
75859
75879
75879
75881
75883
75920
75922
75925
75945
75951
75960
75982
75992
76001
76010
76018
76031
76049
76061
76066
76076
76087
76104
76106
76116
76131
76137
76144
76155
76158
76167
76200
76200
76205
76230
76239
76242
76261
76266
76266
76296
76296
76296
76304
76322
76327
76338
76351
76355
76380
76392
76404
76422
76435
76447
76455
76461
76469
76471
76497
76512
76518
76526
76533
76540
76555
76569
76589
76590
76613
76621
76627
76647
76647
76654
76655
76666
76682
76715
76719
76732
76740
76748
76772
76777
76789
76796
76816
76823
76832
76843
76843
76875
76877
76898
76907
76910
76915
76927
76951
76954
76957
76958
76986
77005
77007
77024
77035
77050
77071
77074
77084
77104
77112
77114
77118
77151
77161
77162
77172
77203
77215
77227
77235
77251
77252
77277
77289
77295
77303
77317
77329
77338
77354
77363
77365
77374
77393
77394
77409
77447
77459
77465
77473
77489
77491
77511
77522
77534
77539
77554
77554
77598
77606
77615
77617
77644
77645
77654
77658
77689
77689
77690
77703
77719
77732
77771
77784
77801
77807
77818
77821
77835
77855
77862
77892
77899
77910
77930
77940
77940
77959
77970
77978
77991
77995
78014
78043
78047
78074
78074
78077
78083
78113
78134
78152
78165
78175
78197
78200
78201
78206
78233
78260
78277
78282
78303
78313
78331
78337
78349
78375
78389
78398
78405
78420
78439
78457
78457
78470
78471
78513
78529
78529
78538
78552
78557
78561
78607
78624
78640
78641
78650
78667
78684
78686
78711
78739
78754
78770
78786
78791
78806
78815
78831
78832
78853
78871
78894
78901
78916
78945
78956
78970
78985
78993
79002
79004
79020
79032
79038
79071
79094
79105
79126
79138
79140
79167
79202
79202
79231
79240
79242
79267
79269
79282
79322
79341
79347
79355
79383
79390
79415
79419
79434
79458
79458
79476
79499
79514
79530
79554
79573
79581
79582
79623
79625
79654
79670
79677
79703
79711
79731
79735
79756
79764
79765
79795
79797
79833
79856
79880
79884
79911
79932
79936
79957
79979
79997
80016
80031
80039
80061
80085
80090
80105
80126
80137
80152
80155
80185
80206
80207
80220
80232
80289
80307
80308
80338
80354
80356
80362
80397
80403
80415
80446
80473
80489
80514
80532
80546
80550
80573
80602
80611
80637
80645
80652
80658
80714
80717
80736
80745
80745
80795
80820
80842
80858
80872
80894
80910
80933
80943
80959
80968
80977
81018
81022
81036
81071
81075
81121
81125
81149
81149
81165
81174
81200
81252
81256
81260
81262
81325
81338
81358
81375
81382
81423
81438
81470
81491
81504
81520
81547
81547
81559
81583
81586
81612
81619
81657
81696
81717
81743
81771
81778
81781
81788
81835
81849
81851
81876
81937
81950
81952
81983
81990
82035
82048
82055
82056
82111
82140
82140
82176
82188
82215
82223
82251
82293
82293
82322
82339
82354
82360
82380
82396
82420
82444
82458
82462
82501
82558
82604
82622
82639
82653
82674
82677
82683
82695
82749
82792
82792
82844
82851
82895
82916
82922
82943
82990
83002
83027
83044
83084
83084
83085
83141
83141
83147
83228
83236
83238
83246
83284
83314
83321
83322
83396
83444
83462
83495
83497
83525
83570
83573
83605
83621
83638
83648
83719
83720
83747
83792
83800
83845
83871
83881
83896
83924
83940
83962
83978
84029
84047
84071
84105
84149
84183
84211
84215
84240
84263
84316
84326
84354
84398
84401
84408
84448
84503
84513
84517
84541
84605
84623
84624
84644
84654
84743
84764
84788
84818
84865
84897
84897
84941
84947
84968
85042
85046
85071
85126
85131
85142
85180
85204
85206
85228
85302
85348
85358
85404
85452
85458
85471
85505
85573
85588
85611
85616
85682
85694
85709
85711
85800
85850
85881
85892
85929
85942
85954
85978
86066
86105
86133
86149
86208
86224
86261
86277
86332
86346
86360
86385
86395
86480
86490
86541
86565
86608
86610
86676
86723
86748
86768
86832
86877
86916
86943
86954
87019
87027
87051
87106
87144
87181
87200
87255
87263
87343
87359
87384
87441
87449
87480
87513
87540
87582
87605
87709
87749
87769
87812
87826
87851
87901
87978
88017
88041
88090
88116
88155
88169
88252
88281
88297
88348
88391
88391
88439
88456
88575
88584
88604
88687
88701
88703
88704
88733
88749
88878
88997
89029
89059
89105
89162
89194
89246
89291
89333
89389
89434
89462
89478
89556
89561
89617
89623
89719
89795
89812
89853
89898
89912
89990
90016
90070
90143
90220
90268
90316
90330
90338
90358
90473
90490
90569
90655
90665
90762
90769
90796
90810
90881
91022
91040
91093
91172
91205
91257
91305
91317
91338
91472
91550
91591
91645
91672
91708
91709
91719
91927
91953
92004
92087
92143
92182
92184
92214
92340
92404
92422
92468
92565
92573
92583
92814
92836
92902
92929
92983
93072
93105
93227
93269
93297
93351
93462
93530
93577
93634
93752
93772
93787
93861
93973
94027
94035
94213
94263
94372
94440
94502
94505
94591
94713
94770
94859
94887
94912
95063
95110
95124
95238
95367
95457
95491
95552
95554
95743
95791
95892
95925
96060
96124
96131
96270
96355
96449
96581
96631
96657
96774
96775
96899
97062
97180
97245
97269
97274
97381
97639
97681
97773
97783
97810
98090
98117
98242
98360
98396
98588
98683
98715
98822
98840
99057
99138
99156
99229
99340
99369
99489
99536
99866
99927
100083
100154
100289
100429
100528
100620
100726
100961
101034
101043
101110
101339
101493
101533
101792
101923
101979
102179
102256
102355
102556
102711
102824
102906
103166
103237
103314
103399
103460
103912
103979
104127
104220
104284
104524
104550
104627
104669
104855
105280
105677
105818
105861
106060
106225
106477
106686
106703
106827
106864
106966
107425
107858
107987
108051
108111
108234
108755
108885
108888
109236
109318
109440
109912
110356
110513
110530
111100
111127
111724
111890
111968
112033
112689
112876
113033
113078
113489
114211
114504
114846
115124
115503
115690
115769
116111
116141
117106
117562
117617
117910
117917
118971
119521
119897
119942
120777
121172
121611
122159
122308
122557
123650
124209
125055
125269
126214
126395
127387
128029
128620
128997
129196
129413
130308
131666
132041
132125
134548
136688
137662
139318
139845
141477
141657
142885
145080
146363
146815
149816
154621
156233
156910
160251
163851
164146
165160
168456
169573
174509
194552
236898
461540
