4980 248695227
33625
33631
33639
33645
33652
33657
33665
33665
33667
33667
33673
33680
33680
33681
33684
33691
33698
33699
33703
33707
33709
33715
33715
33717
33722
33726
33727
33735
33740
33743
33744
33747
33754
33754
33762
33763
33766
33771
33775
33781
33787
33794
33796
33803
33810
33810
33810
33817
33818
33825
33829
33831
33832
33837
33842
33847
33854
33858
33858
33862
33868
33874
33878
33882
33883
33890
33890
33894
33897
33897
33898
33906
33907
33908
33908
33913
33920
33927
33927
33930
33932
33940
33941
33943
33945
33953
33953
33953
33957
33964
33965
33968
33975
33981
33986
33989
33997
34000
34001
34009
34010
34016
34021
34029
34030
34032
34037
34038
34044
34046
34046
34047
34047
34050
34058
34062
34069
34076
34078
34081
34089
34090
34093
34096
34099
34100
34102
34107
34111
34112
34115
34117
34118
34126
34128
34134
34134
34140
34141
34149
34149
34153
34155
34163
34169
34176
34179
34186
34191
34195
34201
34205
34206
34214
34218
34222
34230
34231
34238
34242
34245
34245
34248
34253
34259
34265
34267
34274
34281
34285
34289
34294
34294
34299
34301
34302
34303
34308
34310
34313
34316
34317
34318
34324
34329
34335
34341
34343
34347
34352
34360
34365
34369
34377
34385
34391
34396
34398
34400
34406
34406
34408
34411
34411
34417
34419
34425
34425
34425
34429
34432
34440
34446
34454
34457
34459
34461
34463
34464
34470
34473
34476
34478
34479
34485
34486
34494
34496
34500
34500
34504
34506
34512
34515
34520
34528
34532
34536
34537
34541
34547
34549
34555
34561
34568
34571
34574
34579
34579
34587
34592
34594
34598
34606
34608
34611
34613
34615
34621
34622
34630
34630
34635
34638
34643
34644
34647
34648
34652
34656
34657
34662
34666
34666
34668
34670
34674
34680
34680
34688
34692
34700
34701
34703
34706
34712
34716
34724
34728
34735
34737
34738
34740
34747
34748
34752
34759
34764
34766
34770
34778
34784
34792
34793
34793
34799
34807
34814
34822
34830
34834
34835
34838
34842
34845
34848
34855
34861
34867
34868
34868
34876
34876
34876
34880
34884
34886
34889
34890
34898
34904
34908
34913
34919
34921
34927
34929
34931
34936
34939
34942
34945
34951
34952
34957
34962
34962
34967
34971
34971
34972
34973
34975
34976
34982
34985
34991
34991
34994
35001
35008
35015
35017
35020
35025
35027
35031
35038
35044
35045
35046
35054
35057
35058
35064
35068
35069
35071
35072
35074
35078
35078
35085
35093
35100
35100
35108
35112
35114
35122
35123
35124
35128
35136
35140
35143
35147
35148
35153
35158
35159
35165
35170
35176
35184
35191
35199
35207
35210
35212
35212
35214
35221
35222
35225
35232
35233
35239
35243
35246
35254
35259
35266
35267
35273
35279
35284
35286
35286
35286
35287
35287
35292
35295
35300
35302
35302
35309
35310
35312
35314
35318
35320
35320
35328
35332
35334
35342
35348
35352
35355
35363
35370
35374
35382
35387
35394
35399
35400
35402
35409
35414
35416
35420
35427
35434
35441
35444
35450
35455
35463
35463
35465
35472
35476
35479
35482
35484
35490
35493
35500
35506
35511
35511
35515
35515
35518
35519
35524
35531
35539
35543
35543
35546
35552
35560
35563
35568
35575
35579
35586
35586
35594
35596
35601
35602
35604
35609
35610
35610
35612
35619
35625
35630
35638
35642
35648
35656
35661
35666
35669
35674
35678
35685
35691
35697
35702
35708
35708
35713
35714
35715
35720
35723
35725
35726
35729
35733
35733
35740
35745
35752
35752
35760
35768
35768
35771
35775
35782
35785
35792
35793
35793
35795
35800
35803
35806
35814
35816
35818
35818
35826
35834
35840
35847
35853
35855
35863
35871
35875
35876
35881
35887
35888
35890
35895
35898
35901
35905
35909
35916
35919
35920
35925
35929
35929
35931
35932
35937
35945
35947
35950
35952
35958
35961
35966
35974
35976
35976
35983
35990
35998
36002
36005
36007
36009
36014
36019
36026
36033
36034
36038
36046
36051
36056
36059
36066
36070
36074
36077
36078
36079
36081
36087
36089
36089
36095
36099
36103
36104
36104
36110
36111
36119
36122
36125
36133
36138
36138
36145
36151
36151
36154
36156
36160
36161
36166
36174
36174
36177
36183
36189
36195
36200
36202
36206
36206
36212
36216
36223
36224
36232
36236
36240
36240
36243
36245
36245
36252
36254
36257
36265
36268
36276
36276
36280
36281
36287
36289
36294
36297
36301
36302
36302
36303
36311
36312
36315
36317
36320
36325
36325
36331
36336
36336
36343
36350
36358
36363
36370
36374
36374
36381
36387
36388
36390
36391
36393
36397
36405
36408
36415
36419
36421
36422
36427
36431
36436
36438
36445
36453
36457
36459
36460
36467
36473
36473
36475
36479
36486
36492
36497
36501
36506
36513
36513
36516
36521
36526
36529
36530
36532
36539
36547
36550
36553
36553
36554
36561
36564
36571
36579
36585
36586
36589
36593
36595
36599
36600
36606
36614
36615
36618
36622
36629
36632
36633
36639
36646
36653
36656
36663
36665
36666
36671
36672
36678
36678
36685
36692
36692
36697
36702
36710
36714
36714
36718
36719
36721
36728
36735
36740
36742
36750
36750
36754
36760
36764
36768
36775
36782
36783
36786
36788
36793
36798
36798
36798
36803
36804
36805
36810
36817
36822
36825
36832
36838
36840
36847
36849
36850
36851
36857
36859
36860
36866
36867
36870
36874
36875
36877
36877
36884
36884
36891
36894
36902
36907
36915
36917
36920
36922
36930
36934
36938
36942
36945
36945
36950
36957
48084
49375
50959
52270
52524
53532
53785
54114
54222
54237
54241
54242
54243
54244
54245
54246
54248
54248
54250
54250
54253
54253
54254
54254
54257
54258
54258
54260
54262
54263
54264
54266
54266
54268
54269
54270
54271
54271
54271
54272
54273
54277
54277
54279
54279
54280
54281
54284
54284
54284
54284
54289
54290
54290
54292
54292
54294
54296
54297
54298
54298
54300
54301
54302
54302
54304
54306
54307
54307
54310
54310
54312
54312
54313
54315
54316
54316
54317
54318
54321
54323
54324
54325
54325
54327
54327
54328
54330
54331
54333
54333
54334
54336
54337
54337
54339
54339
54339
54342
54342
54345
54347
54348
54348
54348
54349
54349
54349
54352
54357
54358
54358
54361
54362
54363
54364
54364
54367
54368
54368
54369
54369
54369
54373
54375
54375
54375
54377
54378
54380
54382
54382
54384
54384
54387
54387
54388
54388
54391
54391
54394
54395
54395
54398
54399
54399
54400
54400
54400
54401
54403
54406
54406
54409
54409
54410
54412
54412
54413
54414
54414
54419
54420
54421
54422
54423
54424
54427
54428
54428
54428
54428
54433
54433
54433
54434
54435
54435
54438
54440
54442
54442
54442
54442
54443
54448
54448
54450
54450
54450
54450
54455
54455
54457
54459
54460
54460
54460
54464
54465
54465
54465
54467
54467
54468
54471
54474
54474
54476
54476
54476
54478
54478
54479
54481
54485
54486
54488
54488
54490
54491
54491
54494
54494
54494
54494
54497
54500
54500
54503
54503
54503
54506
54507
54508
54510
54510
54512
54512
54515
54515
54516
54516
54518
54521
54522
54523
54524
54525
54527
54528
54528
54528
54528
54529
54529
54536
54536
54538
54538
54541
54541
54542
54542
54543
54547
54548
54548
54549
54551
54552
54554
54554
54556
54558
54558
54561
54561
54562
54564
54566
54567
54567
54567
54571
54571
54573
54574
54576
54577
54578
54580
54581
54581
54581
54582
54585
54587
54588
54589
54589
54591
54591
54592
54596
54596
54598
54600
54601
54602
54604
54605
54606
54607
54609
54610
54610
54613
54613
54613
54613
54613
54618
54619
54621
54623
54624
54625
54626
54627
54629
54630
54630
54630
54634
54635
54637
54638
54638
54640
54640
54640
54640
54640
54643
54645
54646
54651
54651
54651
54651
54651
54654
54657
54659
54661
54661
54663
54665
54666
54668
54669
54671
54671
54673
54674
54675
54677
54677
54677
54679
54681
54682
54683
54686
54686
54687
54689
54689
54692
54693
54695
54695
54698
54698
54698
54701
54702
54704
54704
54707
54707
54709
54710
54710
54712
54713
54716
54716
54716
54719
54719
54719
54719
54722
54724
54724
54727
54730
54731
54732
54733
54734
54735
54735
54736
54737
54739
54742
54744
54744
54745
54749
54749
54751
54752
54752
54752
54752
54755
54759
54761
54761
54761
54764
54765
54766
54768
54768
54770
54771
54772
54775
54776
54777
54779
54780
54780
54781
54783
54783
54785
54788
54788
54788
54789
54791
54791
54791
54796
54799
54800
54800
54800
54801
54803
54806
54807
54808
54810
54811
54812
54813
54816
54816
54817
54820
54820
54821
54822
54825
54827
54828
54828
54829
54831
54832
54835
54836
54836
54839
54839
54839
54842
54842
54845
54845
54846
54846
54848
54850
54854
54854
54855
54856
54859
54859
54861
54863
54864
54864
54864
54865
54865
54865
54869
54873
54874
54875
54876
54879
54881
54881
54883
54883
54886
54886
54886
54888
54892
54892
54895
54896
54897
54897
54900
54901
54901
54903
54903
54903
54903
54905
54906
54911
54913
54914
54917
54917
54918
54920
54922
54923
54923
54923
54923
54926
54928
54928
54933
54935
54935
54935
54938
54940
54940
54941
54941
54945
54946
54948
54950
54950
54951
54952
54955
54955
54956
54959
54961
54962
54963
54963
54965
54968
54969
54971
54972
54972
54974
54975
54977
54979
54979
54982
54983
54984
54986
54987
54988
54988
54992
54992
54993
54994
54997
54998
54999
55001
55003
55004
55005
55005
55008
55009
55010
55011
55012
55014
55015
55015
55019
55021
55022
55022
55024
55024
55026
55029
55029
55032
55032
55034
55037
55038
55038
55040
55041
55041
55043
55043
55044
55047
55050
55050
55051
55052
55055
55057
55057
55059
55059
55061
55065
55065
55067
55067
55069
55069
55070
55075
55075
55077
55079
55080
55081
55083
55084
55084
55084
55086
55086
55091
55092
55092
55095
55095
55097
55099
55102
55103
55103
55103
55107
55109
55111
55112
55114
55114
55114
55115
55117
55117
55119
55121
55123
55124
55126
55128
55129
55132
55134
55136
55137
55137
55137
55138
55141
55141
55145
55146
55146
55149
55150
55150
55154
55154
55154
55156
55158
55162
55163
55163
55163
55166
55166
55170
55170
55173
55173
55176
55178
55178
55180
55181
55183
55183
55187
55187
55190
55190
55190
55194
55194
55194
55196
55198
55201
55202
55202
55204
55204
55208
55208
55209
55213
55213
55216
55216
55216
55216
55221
55221
55222
55226
55226
55228
55228
55232
55233
55235
55236
55237
55237
55238
55241
55244
55244
55246
55248
55248
55249
55250
55255
55255
55256
55256
55261
55262
55262
55265
55266
55268
55268
55270
55273
55274
55274
55274
55277
55277
55281
55282
55283
55285
55288
55288
55291
55291
55293
55294
55296
55297
55298
55299
55300
55301
55301
55303
55305
55308
55308
55311
55311
55313
55314
55319
55320
55320
55323
55325
55326
55328
55330
55330
55333
55333
55333
55337
55337
55340
55341
55342
55344
55346
55347
55350
55351
55353
55354
55354
55357
55358
55358
55362
55362
55365
55365
55365
55366
55367
55369
55370
55373
55374
55379
55381
55382
55384
55385
55386
55387
55390
55390
55393
55393
55395
55398
55398
55398
55398
55398
55404
55404
55404
55407
55410
55412
55414
55416
55416
55418
55418
55422
55423
55426
55426
55427
55429
55431
55432
55432
55434
55436
55436
55441
55442
55444
55446
55446
55447
55447
55450
55453
55453
55457
55459
55459
55461
55462
55463
55463
55466
55466
55466
55473
55474
55474
55478
55479
55479
55479
55481
55485
55486
55487
55490
55492
55492
55492
55492
55493
55493
55498
55501
55505
55506
55508
55508
55511
55512
55514
55514
55514
55514
55517
55521
55522
55526
55526
55529
55529
55531
55532
55533
55534
55537
55538
55541
55541
55543
55543
55544
55544
55550
55550
55550
55556
55557
55558
55560
55560
55560
55561
55567
55569
55570
55571
55571
55572
55574
55578
55580
55580
55581
55581
55586
55587
55590
55590
55590
55591
55593
55597
55598
55601
55603
55603
55605
55607
55609
55610
55611
55614
55614
55618
55618
55621
55622
55623
55624
55628
55628
55628
55629
55633
55636
55637
55638
55638
55642
55643
55643
55644
55647
55649
55649
55653
55655
55655
55657
55660
55660
55662
55665
55666
55668
55668
55670
55670
55675
55675
55678
55679
55682
55684
55684
55687
55687
55687
55691
55694
55694
55697
55699
55699
55699
55701
55702
55704
55706
55710
55712
55712
55713
55714
55717
55718
55719
55720
55721
55723
55729
55730
55731
55733
55734
55735
55738
55739
55739
55743
55743
55745
55745
55749
55752
55754
55754
55757
55759
55759
55763
55764
55765
55766
55767
55768
55772
55775
55775
55776
55779
55779
55781
55783
55785
55788
55790
55790
55791
55792
55792
55796
55799
55799
55799
55800
55802
55807
55807
55812
55814
55815
55817
55817
55817
55821
55821
55826
55826
55828
55831
55831
55831
55836
55836
55839
55841
55842
55842
55846
55847
55850
55850
55850
55853
55856
55856
55857
55857
55857
55858
55859
55859
55859
55869
55872
55874
55875
55877
55879
55882
55882
55884
55886
55889
55891
55893
55893
55896
55896
55900
55902
55904
55906
55906
55907
55907
55911
55914
55915
55917
55917
55917
55917
55918
55924
55926
55927
55930
55931
55933
55933
55933
55933
55933
55936
55936
55943
55943
55947
55953
55954
55954
55957
55958
55962
55962
55965
55965
55965
55969
55971
55975
55975
55976
55977
55978
55980
55984
55987
55988
55990
55990
55992
55992
55992
55992
55994
55995
56005
56006
56009
56011
56011
56012
56012
56017
56017
56018
56019
56021
56022
56023
56023
56029
56030
56036
56036
56037
56041
56042
56043
56043
56044
56051
56051
56052
56053
56053
56057
56059
56061
56062
56063
56065
56066
56069
56072
56076
56077
56077
56081
56082
56084
56084
56087
56088
56091
56092
56095
56096
56097
56102
56103
56104
56104
56109
56109
56110
56114
56114
56117
56119
56119
56122
56122
56125
56127
56129
56132
56132
56137
56137
56137
56142
56142
56145
56148
56148
56149
56151
56153
56156
56158
56161
56162
56165
56166
56168
56168
56169
56171
56175
56176
56180
56181
56183
56185
56186
56188
56188
56192
56192
56193
56196
56198
56199
56200
56200
56201
56205
56210
56212
56216
56216
56219
56219
56221
56225
56225
56228
56228
56228
56232
56233
56238
56238
56239
56240
56246
56247
56249
56251
56252
56254
56256
56258
56260
56263
56264
56265
56266
56267
56272
56274
56276
56278
56280
56282
56282
56282
56287
56287
56290
56290
56294
56297
56300
56301
56302
56302
56304
56306
56310
56312
56315
56317
56318
56319
56321
56324
56327
56327
56327
56332
56333
56336
56338
56340
56341
56342
56345
56348
56348
56348
56348
56348
56354
56360
56361
56363
56363
56367
56368
56370
56371
56374
56376
56378
56381
56382
56383
56383
56385
56385
56388
56389
56392
56398
56399
56401
56404
56406
56406
56407
56411
56411
56412
56419
56420
56420
56421
56426
56428
56429
56432
56432
56433
56435
56439
56442
56444
56444
56444
56447
56453
56454
56454
56455
56460
56462
56464
56466
56468
56469
56469
56471
56477
56478
56480
56480
56482
56483
56487
56490
56492
56492
56494
56496
56498
56503
56504
56504
56508
56511
56511
56511
56515
56516
56517
56523
56524
56527
56527
56529
56530
56531
56531
56537
56538
56538
56544
56546
56549
56551
56553
56555
56557
56559
56559
56561
56561
56565
56566
56569
56572
56575
56575
56579
56579
56585
56585
56587
56588
56588
56590
56596
56599
56599
56603
56604
56606
56607
56611
56614
56614
56617
56619
56620
56623
56625
56625
56630
56632
56634
56635
56637
56638
56639
56640
56641
56646
56651
56651
56655
56655
56659
56660
56663
56665
56666
56669
56670
56671
56676
56676
56676
56682
56682
56682
56688
56688
56690
56696
56696
56699
56702
56702
56705
56707
56708
56712
56714
56714
56717
56719
56721
56721
56721
56725
56729
56730
56730
56736
56738
56739
56740
56744
56747
56749
56752
56752
56757
56758
56761
56763
56763
56768
56769
56770
56773
56776
56777
56779
56782
56783
56783
56787
56790
56791
56796
56796
56798
56799
56803
56804
56809
56811
56812
56813
56817
56819
56821
56824
56826
56826
56830
56830
56835
56835
56840
56842
56842
56845
56846
56849
56851
56852
56854
56855
56858
56862
56865
56868
56870
56872
56874
56875
56879
56879
56883
56885
56887
56888
56890
56890
56890
56895
56901
56903
56904
56908
56910
56910
56914
56914
56918
56920
56922
56924
56926
56928
56930
56934
56934
56936
56938
56942
56942
56948
56948
56948
56952
56952
56959
56959
56963
56963
56968
56970
56973
56974
56975
56977
56978
56982
56987
56989
56989
56992
56995
56996
56999
57001
57001
57006
57009
57009
57014
57014
57018
57018
57023
57024
57025
57026
57026
57028
57036
57038
57041
57044
57046
57048
57048
57051
57055
57056
57059
57062
57062
57062
57065
57067
57067
57071
57076
57079
57081
57084
57086
57087
57091
57093
57094
57096
57099
57101
57101
57104
57110
57110
57115
57115
57116
57116
57119
57122
57124
57131
57132
57132
57136
57139
57140
57144
57145
57147
57152
57152
57155
57159
57162
57162
57163
57169
57169
57170
57172
57176
57177
57178
57183
57188
57188
57192
57194
57197
57198
57200
57203
57203
57209
57209
57210
57214
57215
57216
57216
57218
57220
57220
57232
57233
57233
57239
57240
57243
57244
57250
57250
57250
57250
57250
57252
57264
57266
57268
57269
57273
57274
57278
57280
57281
57282
57286
57286
57293
57296
57298
57300
57302
57306
57306
57309
57313
57315
57316
57319
57321
57323
57325
57325
57327
57333
57336
57340
57342
57345
57347
57347
57347
57353
57354
57354
57357
57360
57366
57367
57368
57374
57376
57378
57378
57379
57387
57388
57392
57392
57396
57396
57398
57400
57407
57409
57412
57414
57414
57417
57418
57423
57424
57429
57432
57432
57433
57439
57441
57441
57441
57447
57450
57451
57451
57459
57462
57463
57467
57469
57470
57473
57473
57475
57477
57480
57482
57485
57486
57486
57497
57497
57500
57502
57506
57509
57512
57514
57517
57517
57522
57524
57525
57525
57525
57530
57537
57540
57544
57545
57545
57547
57553
57553
57555
57558
57564
57564
57565
57570
57570
57570
57577
57580
57580
57585
57588
57591
57592
57596
57600
57603
57604
57608
57610
57614
57614
57614
57615
57622
57624
57629
57631
57632
57633
57639
57639
57640
57641
57644
57652
57654
57657
57658
57659
57660
57661
57665
57668
57675
57676
57681
57681
57683
57688
57689
57693
57697
57698
57702
57704
57705
57708
57714
57714
57715
57721
57725
57725
57730
57733
57735
57738
57738
57743
57746
57748
57748
57748
57754
57755
57756
57758
57767
57768
57768
57770
57772
57779
57784
57784
57789
57791
57793
57797
57800
57803
57804
57807
57807
57814
57814
57819
57821
57822
57822
57824
57829
57834
57839
57841
57844
57845
57846
57849
57853
57856
57857
57859
57860
57863
57866
57869
57869
57878
57881
57884
57884
57890
57891
57895
57898
57899
57901
57901
57902
57902
57915
57915
57915
57921
57922
57923
57926
57928
57931
57933
57938
57947
57948
57952
57954
57957
57957
57957
57962
57962
57971
57973
57976
57979
57981
57986
57989
57992
57992
57998
58001
58001
58005
58005
58010
58010
58012
58014
58016
58016
58024
58029
58032
58035
58037
58038
58046
58048
58050
58050
58051
58055
58063
58064
58067
58069
58069
58071
58081
58083
58083
58083
58084
58090
58098
58100
58104
58106
58108
58110
58114
58117
58121
58122
58123
58128
58129
58133
58135
58136
58144
58145
58150
58151
58157
58159
58163
58163
58166
58166
58169
58172
58174
58175
58176
58183
58192
58194
58198
58200
58204
58207
58209
58212
58213
58215
58222
58222
58223
58225
58231
58231
58237
58243
58245
58247
58252
58255
58258
58258
58260
58262
58269
58273
58273
58273
58281
58281
58282
58288
58288
58289
58298
58303
58306
58306
58310
58314
58316
58320
58320
58322
58328
58332
58336
58337
58340
58345
58347
58352
58355
58355
58361
58363
58363
58363
58363
58370
58372
58378
58380
58387
58389
58389
58398
58400
58404
58406
58408
58410
58412
58417
58421
58424
58425
58427
58434
58438
58438
58438
58443
58444
58454
58455
58459
58460
58467
58467
58473
58476
58476
58482
58486
58489
58491
58492
58496
58497
58500
58502
58506
58514
58515
58515
58518
58519
58521
58530
58533
58540
58541
58541
58541
58552
58556
58558
58559
58561
58566
58571
58575
58576
58579
58580
58584
58592
58595
58595
58598
58600
58606
58606
58614
58615
58618
58619
58626
58628
58629
58630
58632
58638
58639
58645
58649
58650
58652
58655
58665
58668
58673
58676
58678
58681
58683
58689
58692
58694
58698
58698
58704
58705
58710
58715
58719
58720
58724
58724
58730
58736
58739
58741
58745
58748
58750
58752
58759
58759
58759
58767
58769
58776
58777
58782
58785
58788
58789
58791
58793
58799
58805
58807
58808
58816
58817
58823
58826
58826
58827
58836
58838
58844
58847
58848
58849
58852
58854
58861
58861
58869
58869
58878
58880
58881
58889
58892
58895
58898
58898
58901
58903
58907
58910
58916
58918
58925
58926
58927
58935
58937
58944
58947
58951
58955
58955
58960
58963
58966
58967
58968
58970
58979
58985
58988
58993
58997
58997
58999
59007
59008
59012
59015
59018
59019
59021
59026
59036
59038
59039
59044
59049
59052
59054
59055
59063
59064
59067
59070
59071
59071
59080
59083
59087
59089
59091
59096
59099
59105
59109
59116
59120
59122
59127
59130
59131
59135
59136
59140
59144
59147
59153
59161
59163
59165
59167
59167
59177
59180
59187
59190
59192
59198
59199
59199
59207
59211
59212
59214
59224
59225
59230
59234
59236
59241
59241
59245
59251
59253
59259
59260
59265
59270
59274
59274
59274
59284
59288
59292
59292
59293
59293
59293
59309
59311
59318
59319
59323
59330
59331
59334
59342
59342
59345
59352
59355
59355
59360
59361
59364
59377
59379
59381
59382
59393
59394
59395
59395
59408
59412
59412
59412
59423
59426
59428
59433
59435
59440
59440
59447
59455
59455
59456
59461
59461
59467
59474
59478
59479
59483
59486
59487
59498
59505
59505
59510
59515
59520
59521
59527
59531
59533
59538
59544
59545
59550
59556
59557
59557
59558
59568
59571
59574
59575
59579
59586
59587
59591
59602
59605
59612
59615
59619
59620
59620
59625
59625
59625
59625
59647
59648
59656
59659
59664
59668
59672
59673
59677
59681
59681
59684
59697
59699
59700
59708
59711
59712
59715
59715
59719
59720
59736
59737
59737
59747
59753
59756
59762
59764
59768
59771
59777
59783
59787
59788
59791
59792
59804
59807
59810
59816
59816
59820
59829
59829
59834
59840
59845
59849
59850
59858
59863
59864
59867
59868
59868
59876
59881
59891
59894
59896
59897
59903
59908
59910
59911
59917
59925
59927
59939
59941
59942
59950
59953
59958
59963
59963
59964
59975
59980
59982
59987
59991
59995
60003
60006
60006
60013
60021
60026
60026
60028
60029
60032
60032
60048
60052
60056
60063
60068
60068
60075
60082
60082
60091
60093
60098
60101
60108
60109
60110
60111
60123
60131
60136
60139
60144
60146
60149
60157
60157
60161
60171
60176
60179
60184
60186
60190
60191
60202
60202
60210
60210
60217
60222
60228
60229
60233
60240
60246
60247
60257
60257
60266
60266
60268
60273
60280
60280
60287
60292
60297
60306
60309
60312
60320
60326
60327
60327
60328
60335
60338
60340
60341
60359
60366
60371
60377
60382
60386
60387
60395
60401
60405
60409
60410
60417
60424
60427
60431
60433
60442
60442
60452
60455
60458
60460
60466
60469
60469
60477
60485
60496
60498
60501
60502
60507
60520
60520
60520
60532
60534
60543
60547
60549
60557
60558
60562
60566
60567
60575
60579
60583
60589
60589
60599
60602
60616
60616
60623
60625
60632
60640
60643
60650
60655
60660
60666
60668
60674
60675
60681
60682
60682
60685
60695
60704
60710
60717
60719
60729
60731
60739
60744
60751
60753
60756
60762
60770
60776
60780
60780
60789
60792
60800
60805
60810
60810
60812
60814
60829
60831
60836
60842
60849
60856
60860
60863
60872
60872
60882
60883
60892
60898
60904
60908
60909
60914
60916
60928
60931
60933
60936
60941
60944
60956
60966
60968
60970
60977
60979
60992
60995
61003
61004
61011
61014
61014
61023
61028
61033
61042
61050
61050
61050
61050
61069
61071
61077
61080
61083
61085
61101
61103
61107
61117
61121
61132
61134
61135
61139
61140
61156
61161
61162
61175
61176
61181
61183
61194
61194
61195
61196
61212
61216
61225
61232
61236
61238
61244
61255
61256
61261
61268
61269
61278
61291
61294
61296
61296
61305
61310
61315
61317
61323
61338
61347
61349
61355
61358
61361
61370
61373
61378
61392
61396
61403
61404
61405
61418
61423
61432
61433
61443
61446
61455
61462
61465
61469
61469
61479
61490
61492
61499
61504
61506
61514
61525
61532
61533
61537
61538
61547
61561
61561
61562
61570
61572
61581
61587
61593
61605
61608
61610
61625
61629
61632
61639
61642
61650
61659
61667
61670
61679
61680
61684
61697
61697
61705
61711
61717
61727
61729
61740
61744
61748
61749
61754
61754
61774
61776
61777
61790
61801
61804
61807
61808
61826
61832
61838
61843
61845
61851
61863
61863
61873
61876
61888
61888
61901
61902
61902
61911
61915
61916
61920
61942
61946
61953
61954
61956
61964
61966
61983
61996
62001
62009
62015
62017
62019
62030
62035
62039
62047
62059
62062
62073
62076
62086
62091
62094
62099
62111
62116
62117
62132
62133
62142
62147
62156
62157
62158
62170
62172
62187
62189
62201
62208
62209
62212
62212
62219
62232
62240
62245
62255
62269
62277
62284
62286
62290
62290
62308
62308
62310
62319
62323
62342
62349
62355
62360
62368
62378
62385
62386
62397
62402
62413
62414
62425
62430
62439
62444
62452
62455
62462
62465
62475
62478
62490
62495
62506
62513
62525
62531
62531
62533
62534
62537
62538
62570
62570
62586
62588
62592
62592
62598
62618
62625
62637
62644
62645
62658
62660
62667
62673
62674
62684
62697
62704
62710
62715
62719
62729
62733
62744
62751
62754
62759
62777
62784
62785
62795
62795
62804
62823
62823
62841
62849
62849
62866
62873
62879
62882
62884
62891
62907
62914
62922
62934
62934
62941
62943
62952
62966
62979
62986
62989
63002
63004
63005
63023
63033
63038
63042
63051
63059
63066
63079
63086
63094
63095
63108
63114
63117
63127
63137
63138
63145
63145
63150
63166
63178
63192
63193
63213
63219
63230
63235
63245
63248
63262
63264
63276
63287
63289
63295
63299
63319
63327
63331
63340
63342
63344
63353
63376
63378
63383
63390
63398
63404
63423
63432
63432
63435
63455
63459
63459
63468
63485
63486
63505
63512
63521
63522
63537
63541
63550
63556
63561
63562
63588
63588
63607
63616
63621
63624
63637
63650
63653
63665
63665
63666
63686
63695
63696
63721
63722
63733
63737
63756
63761
63775
63778
63781
63791
63801
63806
63812
63815
63821
63846
63848
63869
63877
63877
63892
63893
63898
63917
63936
63938
63940
63956
63970
63970
63981
63996
64001
64015
64023
64030
64045
64048
64053
64070
64079
64087
64092
64105
64110
64118
64131
64141
64155
64167
64167
64169
64179
64181
64187
64187
64208
64212
64220
64250
64260
64282
64288
64301
64310
64315
64330
64333
64339
64347
64368
64377
64382
64397
64403
64408
64414
64438
64442
64451
64455
64477
64486
64494
64506
64508
64508
64518
64520
64532
64566
64575
64587
64589
64597
64619
64621
64626
64631
64642
64646
64663
64686
64698
64710
64721
64722
64736
64741
64744
64752
64767
64778
64779
64801
64817
64828
64831
64854
64854
64854
64877
64890
64895
64899
64918
64930
64939
64960
64963
64970
64996
65000
65005
65019
65034
65042
65056
65059
65077
65096
65101
65109
65110
65114
65146
65152
65158
65176
65177
65178
65178
65226
65231
65242
65262
65265
65278
65292
65304
65316
65325
65327
65327
65356
65357
65389
65397
65410
65419
65431
65440
65447
65464
65467
65474
65477
65504
65525
65537
65553
65553
65558
65578
65586
65586
65593
65613
65644
65654
65655
65674
65678
65681
65703
65703
65742
65762
65766
65784
65795
65809
65814
65816
65833
65855
65873
65878
65883
65907
65923
65927
65935
65960
65969
65987
65988
66001
66013
66037
66049
66052
66058
66069
66076
66081
66106
66124
66154
66160
66172
66192
66195
66203
66207
66217
66219
66246
66270
66277
66295
66311
66323
66331
66358
66360
66376
66389
66422
66432
66440
66441
66473
66492
66494
66502
66527
66549
66561
66571
66574
66577
66609
66625
66645
66654
66666
66683
66685
66707
66734
66745
66759
66760
66777
66794
66816
66829
66843
66847
66875
66879
66879
66884
66884
66905
66929
66973
66974
67008
67013
67022
67029
67060
67075
67081
67097
67124
67134
67155
67175
67191
67203
67212
67234
67239
67247
67282
67284
67289
67314
67330
67335
67364
67389
67417
67423
67440
67460
67467
67496
67510
67515
67546
67556
67558
67565
67580
67623
67638
67654
67663
67677
67679
67711
67727
67747
67778
67790
67801
67817
67847
67854
67865
67874
67899
67910
67939
67943
67972
67976
68000
68007
68029
68062
68079
68086
68128
68146
68168
68181
68190
68196
68232
68244
68247
68253
68291
68311
68322
68337
68349
68404
68423
68440
68450
68477
68486
68509
68521
68542
68547
68553
68594
68616
68631
68663
68680
68686
68691
68722
68740
68778
68804
68806
68814
68833
68868
68901
68920
68939
68958
68959
68993
68994
69027
69048
69080
69087
69100
69150
69161
69175
69209
69209
69234
69244
69249
69286
69339
69348
69373
69376
69399
69445
69445
69478
69516
69527
69550
69552
69609
69633
69642
69649
69695
69700
69735
69756
69771
69815
69827
69852
69881
69894
69917
69929
69932
69994
70001
70035
70049
70058
70111
70114
70126
70184
70203
70208
70255
70260
70261
70331
70357
70382
70402
70427
70463
70484
70515
70537
70545
70577
70598
70611
70669
70693
70717
70744
70763
70767
70789
70815
70822
70894
70934
70940
70955
70993
71042
71068
71081
71093
71095
71108
71173
71173
71199
71236
71302
71326
71331
71369
71397
71465
71473
71490
71535
71559
71570
71629
71664
71680
71690
71707
71723
71724
71817
71860
71909
71926
71930
71976
71980
72000
72069
72104
72167
72168
72170
72174
72199
72284
72344
72386
72412
72435
72477
72507
72534
72546
72572
72592
72618
72722
72741
72748
72759
72838
72882
72888
72900
72916
72991
73040
73043
73101
73151
73222
73242
73251
73251
73259
73282
73323
73380
73425
73508
73546
73568
73675
73718
73733
73766
73839
73860
73865
73868
73880
73898
73929
74007
74030
74121
74251
74263
74271
74325
74370
74469
74510
74513
74572
74634
74670
74691
74751
74755
74802
74840
74941
74999
75021
75044
75138
75141
75186
75222
75313
75347
75351
75435
75493
75571
75617
75662
75677
75719
75723
75735
75738
75813
75977
76054
76080
76141
76234
76280
76303
76332
76350
76387
76585
76640
76642
76731
76780
76843
76894
76904
77008
77016
77143
77193
77238
77349
77356
77432
77457
77536
77537
77726
77759
77850
77911
77986
78049
78117
78135
78225
78272
78367
78453
78534
78592
78601
78674
78724
78746
78936
78957
78992
79016
79209
79223
79247
79381
79404
79665
79745
79834
79876
79964
79985
80134
80204
80210
80327
80419
80435
80471
80485
80747
80916
80940
81131
81179
81331
81371
81437
81604
81627
81653
81876
81951
81981
82163
82325
82478
82575
82703
82789
82877
82958
83077
83234
83295
83335
83341
83694
83852
83883
84148
84248
84355
84355
84396
84474
84681
85003
85116
85364
85473
85480
85735
85748
86014
86054
86246
86569
86738
86888
86936
87003
87529
87618
87877
87911
87972
88407
88526
88820
88960
89299
89343
89496
89529
89729
89747
90475
90543
90766
90803
91662
91792
91931
92050
92318
92358
92827
93263
93747
94394
94479
94709
95245
95744
96146
96556
96697
97288
97847
98262
98564
99162
99451
100199
100676
100939
101863
102642
103009
103741
104551
104676
105192
105298
106592
108030
109895
110481
112128
112577
114814
115268
117961
119964
121836
124472
127437
127844
132366
138927
143535
150147
151952
303296
