4241 671145185
120195
120195
120226
120243
120247
120250
120261
120293
120301
120320
120328
120349
120373
120401
120434
120467
120495
120517
120550
120582
120612
120622
120625
120631
120663
120680
120699
120706
120710
120728
120754
120776
120791
120814
120814
120814
120837
120851
120875
120885
120905
120935
120946
120954
120962
120984
120995
121006
121029
121053
121058
121064
121090
121091
121107
121132
121137
121138
121168
121193
121220
121252
121280
121284
121303
121322
121342
121361
121390
121400
121416
121437
121446
121475
121477
121490
121503
121511
121519
121543
121558
121589
121592
121606
121635
121650
121658
121680
121691
121701
121702
121733
121763
121781
121798
121816
121825
121856
121875
121901
121926
121931
121931
121944
121978
121988
122006
122039
122065
122068
122095
122118
122125
122134
122145
122161
122178
122210
122215
122227
122252
122279
122300
122327
122330
122347
122374
122393
122413
122419
122434
122450
122482
122505
122532
122543
122569
122594
122625
122639
122664
122683
122690
122692
122705
122731
122750
122751
122762
122790
122814
122814
122848
122852
122860
122890
122917
122943
122958
122985
123018
123033
123066
123098
123120
123130
123147
123174
123190
123204
123221
123251
123284
123306
123321
123344
123361
123370
123390
123420
123449
123466
123484
123493
123527
123542
123559
123576
123601
123616
123640
123656
123660
123682
123705
123711
123714
123720
123729
123736
123757
123789
123815
123828
123834
123867
123900
123917
123932
123944
123951
123985
124008
124041
124045
124078
124095
124103
124121
124144
124167
124187
124199
124207
124222
124235
124241
124257
124290
124296
124311
124339
124355
124388
124391
124399
124406
124436
124465
124469
124494
124526
124534
124542
124566
124586
124609
124641
124645
124668
124682
124716
124718
124720
124749
124775
124789
124799
124822
124835
124850
124871
124885
124885
124910
124918
124948
124979
124988
125003
125032
125061
125075
125095
125123
125135
125155
125183
125194
125210
125224
125225
125237
125250
125262
125269
125270
125297
125305
125308
125328
125334
125357
125387
125395
125428
125436
125462
125484
125498
125529
125547
125576
125582
125600
125630
125656
125657
125667
125694
125729
125761
125790
125794
125815
125830
125831
125855
125864
125897
125905
125927
125927
125931
125944
125954
125963
125964
125969
125972
126003
126008
126024
126031
126063
126065
126087
126117
126145
126164
126188
126204
126231
126243
126278
126291
126310
126315
126322
126335
126370
126404
126418
126445
126453
126461
126486
126520
126538
126543
126564
126565
126589
126600
126620
126622
126633
126651
126686
126704
126710
126719
126742
126767
126768
126801
126831
126843
126850
126853
126887
126902
126934
126944
126949
126957
126992
127020
127051
127051
127081
127081
127105
127135
127164
127179
127195
127230
127249
127279
127286
127309
127327
127328
127334
127351
127372
127376
127406
127418
127448
127457
127480
127509
127513
127529
127548
127555
127560
127578
127606
127637
127671
127694
127700
127719
127754
127763
127794
127809
127809
127824
127827
127844
127879
127912
127930
127942
127953
127969
128000
128035
128038
128054
128059
128086
128109
128110
128129
128162
128172
128196
128211
128219
128229
128251
128281
128281
128293
128298
128304
128321
128350
128359
128382
128410
128431
128434
128452
128467
128493
128515
128520
128527
128529
128531
128544
128578
128582
128599
128627
128629
128647
128659
128668
128681
128707
128707
128709
128741
128751
128762
128786
128787
128819
128825
128858
128889
128919
128937
128949
128957
128978
129008
129018
129018
129052
129058
129059
129078
129101
129137
129169
129177
129196
129214
129220
129248
129253
129253
129270
129301
129335
129342
129359
129376
129410
129422
129444
129453
129461
129496
129504
129535
129568
129579
129610
129632
129636
129641
129666
129691
129705
129712
129730
129748
129752
129763
129793
129826
129826
129844
129860
129871
129907
129915
129932
129954
129990
130010
130019
130030
130034
130049
130079
130093
130105
130136
130160
130169
130174
130183
130201
130234
130254
130289
130323
130346
130367
130384
130417
130426
130442
130449
130450
130481
130512
130541
130575
130596
130615
130621
130651
130679
130690
130702
130737
130747
130766
130787
130792
130824
130829
130847
130881
130913
130919
130929
130937
130937
130938
130962
130977
130994
131008
131012
131025
131026
131046
131078
131084
131096
131119
131149
131168
131201
131234
131235
131240
131247
131281
131309
131328
131328
131363
131385
131413
131420
131421
131442
131474
131510
131519
131526
131550
131572
131606
131612
131627
131629
131638
131655
131656
131659
131661
131670
131670
131683
131691
131703
131725
131725
131733
131758
142892
143073
149152
158697
160883
167858
168162
168202
168207
168209
168215
168218
168223
168223
168225
168236
168240
168242
168247
168248
168258
168264
168267
168272
168276
168280
168285
168287
168293
168296
168301
168301
168301
168306
168314
168314
168328
168331
168333
168333
168335
168335
168341
168348
168353
168360
168371
168375
168375
168381
168383
168387
168395
168399
168405
168410
168410
168413
168415
168427
168429
168432
168434
168442
168444
168444
168451
168451
168453
168463
168466
168476
168481
168481
168489
168495
168498
168505
168510
168511
168515
168515
168521
168522
168535
168538
168544
168546
168546
168549
168559
168564
168565
168566
168569
168582
168587
168589
168597
168601
168601
168608
168612
168614
168618
168623
168633
168635
168641
168645
168649
168654
168659
168660
168660
168669
168672
168680
168681
168685
168688
168693
168697
168704
168704
168717
168719
168724
168728
168728
168728
168739
168744
168752
168754
168754
168759
168770
168771
168776
168782
168785
168791
168791
168798
168800
168802
168813
168819
168819
168826
168828
168831
168831
168835
168841
168854
168858
168861
168864
168872
168872
168878
168882
168890
168891
168896
168899
168904
168911
168917
168921
168926
168928
168934
168934
168941
168942
168947
168948
168962
168962
168967
168976
168978
168983
168990
168992
168995
168996
169008
169009
169015
169020
169024
169027
169032
169039
169042
169046
169048
169050
169058
169066
169072
169072
169076
169077
169079
169080
169089
169094
169102
169109
169110
169116
169127
169129
169135
169139
169143
169146
169146
169155
169157
169164
169170
169174
169175
169175
169188
169188
169197
169201
169209
169210
169216
169221
169225
169227
169230
169237
169241
169251
169253
169254
169262
169268
169268
169278
169282
169283
169290
169297
169299
169306
169306
169315
169316
169326
169326
169334
169337
169339
169344
169349
169349
169362
169365
169365
169367
169368
169380
169388
169388
169389
169389
169392
169394
169408
169414
169427
169429
169432
169438
169446
169448
169449
169455
169456
169467
169469
169480
169484
169485
169485
169493
169502
169504
169513
169513
169523
169523
169529
169534
169542
169542
169548
169556
169558
169560
169569
169569
169576
169579
169583
169592
169593
169593
169602
169612
169614
169617
169618
169619
169636
169640
169641
169647
169654
169658
169663
169669
169675
169678
169684
169684
169685
169687
169704
169708
169713
169718
169720
169722
169727
169731
169739
169746
169751
169751
169753
169756
169757
169757
169773
169778
169785
169795
169799
169803
169807
169813
169813
169816
169826
169826
169830
169844
169848
169849
169852
169855
169864
169864
169869
169877
169886
169886
169891
169893
169899
169903
169907
169914
169923
169923
169927
169934
169943
169950
169955
169955
169956
169967
169969
169977
169982
169984
169991
170001
170002
170004
170016
170016
170020
170030
170032
170038
170038
170049
170055
170055
170060
170067
170075
170077
170081
170087
170087
170088
170098
170101
170105
170108
170115
170130
170130
170131
170140
170140
170147
170159
170164
170167
170169
170172
170181
170185
170192
170199
170200
170209
170210
170217
170219
170223
170234
170235
170240
170243
170251
170258
170262
170262
170265
170265
170282
170286
170291
170298
170299
170306
170314
170314
170324
170329
170334
170339
170343
170344
170349
170359
170359
170362
170369
170371
170376
170387
170395
170395
170406
170411
170416
170418
170423
170427
170427
170438
170440
170440
170443
170455
170464
170469
170476
170477
170479
170492
170492
170494
170505
170506
170514
170515
170516
170521
170522
170528
170543
170548
170552
170561
170567
170568
170574
170574
170584
170588
170600
170600
170610
170610
170614
170621
170623
170632
170634
170638
170645
170652
170657
170657
170658
170666
170682
170683
170683
170692
170698
170705
170709
170716
170723
170723
170733
170741
170742
170744
170751
170761
170762
170767
170770
170773
170774
170779
170785
170798
170804
170807
170818
170819
170827
170832
170836
170839
170845
170852
170860
170862
170867
170875
170875
170878
170888
170897
170900
170901
170901
170901
170909
170913
170930
170935
170940
170950
170953
170959
170963
170973
170973
170979
170986
170994
170999
171002
171004
171006
171015
171025
171028
171032
171042
171045
171045
171050
171050
171068
171074
171078
171078
171084
171090
171093
171098
171106
171117
171122
171122
171127
171130
171134
171148
171148
171157
171159
171163
171165
171168
171173
171175
171187
171193
171198
171198
171210
171212
171223
171230
171241
171242
171247
171253
171259
171265
171268
171271
171278
171283
171294
171300
171304
171305
171309
171312
171315
171318
171334
171336
171345
171354
171357
171360
171365
171369
171381
171386
171387
171396
171402
171404
171414
171420
171426
171429
171430
171443
171447
171448
171448
171456
171460
171468
171482
171482
171489
171494
171497
171507
171508
171514
171524
171529
171537
171542
171543
171549
171553
171561
171567
171568
171569
171574
171583
171589
171593
171605
171613
171617
171625
171630
171632
171643
171647
171650
171652
171656
171661
171677
171681
171686
171690
171696
171704
171711
171717
171720
171725
171727
171735
171744
171748
171755
171758
171765
171771
171772
171774
171785
171789
171800
171807
171810
171815
171818
171826
171829
171839
171840
171841
171845
171849
171865
171865
171877
171887
171890
171891
171896
171901
171910
171913
171926
171929
171933
171940
171942
171949
171955
171965
171972
171972
171976
171978
171978
171979
172004
172012
172018
172021
172028
172033
172036
172039
172051
172058
172059
172064
172076
172078
172083
172092
172099
172104
172109
172115
172120
172124
172133
172134
172144
172146
172152
172152
172160
172160
172166
172177
172186
172197
172201
172205
172209
172210
172222
172223
172234
172235
172238
172241
172241
172253
172261
172264
172280
172284
172284
172287
172308
172311
172311
172317
172330
172340
172345
172346
172358
172359
172363
172372
172380
172387
172387
172394
172403
172406
172410
172414
172418
172418
172439
172444
172449
172458
172459
172467
172468
172471
172485
172490
172496
172498
172508
172514
172524
172526
172531
172533
172545
172554
172554
172560
172562
172573
172580
172583
172591
172598
172598
172604
172606
172606
172621
172635
172641
172645
172647
172661
172666
172667
172667
172675
172677
172694
172697
172706
172715
172722
172726
172733
172733
172743
172750
172761
172765
172768
172778
172782
172786
172795
172795
172805
172806
172813
172823
172827
172840
172845
172846
172855
172856
172859
172872
172874
172888
172896
172896
172899
172900
172900
172924
172926
172938
172942
172948
172957
172960
172969
172969
172979
172987
172991
172992
173006
173008
173014
173016
173017
173029
173036
173045
173056
173059
173060
173071
173075
173077
173077
173082
173103
173112
173120
173125
173131
173135
173138
173141
173147
173159
173168
173168
173172
173183
173194
173197
173199
173200
173214
173218
173218
173218
173245
173251
173255
173265
173265
173267
173272
173288
173291
173299
173305
173310
173311
173325
173330
173337
173343
173343
173355
173358
173366
173368
173370
173374
173384
173400
173405
173414
173422
173425
173426
173442
173446
173454
173458
173466
173472
173473
173476
173483
173499
173507
173511
173512
173515
173523
173527
173532
173546
173547
173556
173572
173578
173578
173588
173588
173601
173612
173616
173622
173628
173636
173638
173650
173653
173663
173666
173669
173669
173689
173695
173703
173709
173714
173721
173728
173735
173736
173746
173755
173762
173768
173773
173776
173785
173789
173802
173803
173811
173821
173825
173825
173829
173845
173849
173861
173861
173862
173879
173889
173891
173896
173904
173913
173918
173918
173933
173938
173945
173948
173960
173966
173969
173977
173983
173992
174002
174008
174014
174020
174021
174032
174036
174045
174055
174062
174066
174075
174081
174082
174092
174092
174110
174111
174121
174130
174133
174135
174148
174152
174159
174171
174176
174182
174184
174197
174203
174205
174205
174209
174230
174238
174243
174249
174253
174254
174267
174267
174286
174288
174291
174292
174294
174320
174320
174329
174342
174347
174348
174355
174364
174375
174380
174385
174387
174390
174405
174413
174418
174418
174432
174441
174444
174444
174462
174471
174479
174487
174489
174496
174506
174515
174519
174524
174524
174543
174548
174555
174563
174566
174567
174583
174588
174588
174588
174590
174615
174623
174627
174630
174640
174649
174656
174669
174669
174669
174673
174674
174688
174690
174694
174716
174725
174736
174737
174752
174756
174759
174766
174779
174785
174788
174803
174808
174819
174820
174830
174831
174847
174853
174860
174861
174863
174873
174888
174896
174898
174911
174912
174913
174928
174940
174941
174943
174959
174959
174974
174977
174986
174993
175003
175010
175015
175026
175026
175029
175045
175055
175058
175064
175069
175076
175088
175091
175100
175106
175120
175126
175134
175137
175140
175148
175155
175168
175177
175187
175188
175196
175198
175202
175205
175218
175231
175239
175245
175249
175251
175267
175273
175286
175293
175297
175309
175309
175321
175334
175338
175341
175342
175355
175365
175372
175372
175373
175395
175404
175415
175422
175431
175435
175435
175446
175452
175459
175467
175483
175485
175487
175495
175510
175514
175529
175530
175538
175545
175555
175555
175563
175564
175570
175571
175575
175584
175618
175623
175623
175634
175645
175648
175656
175657
175670
175678
175693
175699
175705
175710
175718
175730
175735
175735
175740
175761
175764
175767
175779
175781
175781
175798
175803
175807
175825
175826
175842
175851
175855
175858
175873
175882
175888
175892
175904
175915
175925
175933
175938
175945
175946
175950
175956
175978
175984
175995
176000
176005
176007
176020
176024
176026
176029
176040
176042
176047
176070
176082
176088
176100
176109
176118
176126
176130
176144
176149
176156
176165
176174
176178
176188
176197
176205
176206
176212
176225
176234
176239
176249
176252
176260
176263
176279
176291
176292
176294
176298
176312
176312
176326
176334
176351
176352
176352
176379
176385
176392
176393
176406
176410
176410
176421
176435
176437
176446
176448
176461
176479
176492
176500
176507
176514
176525
176531
176542
176542
176555
176560
176568
176581
176589
176590
176596
176602
176602
176615
176624
176646
176656
176663
176670
176675
176679
176691
176702
176705
176707
176713
176716
176729
176744
176760
176770
176771
176772
176779
176789
176794
176809
176809
176828
176836
176851
176859
176866
176871
176874
176891
176899
176901
176916
176924
176924
176943
176949
176955
176964
176968
176974
176985
176995
177003
177003
177007
177024
177039
177044
177060
177066
177074
177075
177076
177098
177104
177108
177125
177131
177145
177151
177158
177167
177168
177177
177184
177193
177206
177212
177216
177220
177225
177229
177247
177272
177280
177291
177296
177296
177298
177300
177308
177317
177335
177336
177347
177348
177358
177360
177395
177402
177410
177417
177435
177435
177440
177446
177465
177474
177485
177492
177506
177513
177516
177520
177533
177535
177549
177567
177569
177576
177586
177596
177596
177602
177603
177629
177641
177644
177658
177672
177681
177689
177694
177700
177716
177724
177730
177730
177742
177750
177768
177776
177785
177789
177795
177799
177807
177812
177816
177836
177838
177857
177862
177881
177892
177897
177904
177908
177928
177935
177942
177951
177955
177966
177971
177976
177986
178000
178002
178018
178021
178029
178051
178059
178062
178076
178086
178089
178105
178118
178127
178130
178142
178154
178158
178158
178181
178191
178196
178207
178210
178213
178232
178240
178244
178248
178261
178267
178271
178294
178309
178318
178328
178330
178342
178353
178365
178369
178380
178389
178397
178410
178411
178413
178427
178437
178443
178447
178466
178476
178486
178497
178511
178516
178529
178530
178544
178550
178557
178572
178574
178594
178595
178602
178620
178628
178643
178648
178650
178659
178663
178672
178678
178705
178711
178717
178725
178742
178747
178754
178770
178783
178792
178795
178802
178805
178823
178828
178851
178862
178862
178862
178887
178897
178902
178918
178918
178922
178943
178945
178949
178959
178967
178989
178995
179001
179013
179025
179035
179043
179060
179063
179077
179084
179091
179098
179113
179127
179130
179133
179145
179162
179174
179183
179191
179191
179215
179227
179229
179237
179239
179258
179267
179279
179286
179304
179307
179318
179328
179344
179356
179365
179372
179373
179388
179396
179409
179422
179430
179438
179452
179466
179467
179477
179492
179492
179505
179518
179527
179537
179549
179560
179568
179586
179596
179605
179607
179611
179616
179641
179649
179666
179669
179679
179684
179687
179696
179725
179733
179744
179756
179761
179764
179776
179776
179797
179816
179826
179832
179832
179844
179856
179871
179888
179890
179890
179895
179923
179923
179926
179961
179966
179975
179979
179986
180003
180022
180032
180044
180054
180054
180075
180075
180088
180098
180116
180119
180122
180124
180148
180165
180170
180171
180177
180186
180205
180225
180238
180247
180257
180268
180274
180276
180288
180294
180318
180330
180345
180348
180349
180365
180384
180390
180401
180413
180418
180425
180443
180460
180467
180487
180492
180494
180508
180509
180516
180548
180558
180566
180573
180584
180595
180612
180623
180629
180640
180654
180656
180661
180662
180684
180686
180702
180715
180716
180730
180760
180774
180784
180798
180810
180818
180826
180842
180852
180861
180864
180876
180879
180886
180892
180931
180942
180949
180949
180950
180955
180984
180990
181009
181030
181033
181035
181050
181073
181074
181075
181079
181089
181102
181125
181128
181128
181141
181182
181193
181206
181206
181218
181223
181235
181255
181258
181268
181276
181297
181313
181319
181339
181350
181357
181360
181381
181402
181406
181408
181422
181431
181456
181462
181471
181477
181505
181511
181528
181537
181550
181557
181568
181569
181591
181602
181615
181631
181634
181652
181656
181670
181680
181687
181703
181712
181717
181719
181731
181747
181766
181787
181804
181805
181807
181836
181842
181856
181876
181878
181883
181900
181908
181920
181920
181939
181959
181973
181973
181979
181984
182006
182026
182044
182062
182070
182085
182091
182096
182122
182122
182126
182138
182155
182161
182161
182186
182219
182224
182230
182237
182241
182260
182267
182290
182297
182320
182336
182342
182358
182372
182390
182392
182395
182415
182415
182420
182433
182440
182453
182481
182507
182511
182513
182540
182545
182549
182550
182584
182593
182604
182607
182615
182615
182636
182678
182691
182703
182706
182715
182731
182752
182770
182772
182785
182797
182819
182834
182835
182845
182861
182881
182894
182903
182905
182925
182927
182944
182951
182955
182969
182985
182997
183027
183031
183046
183058
183080
183093
183104
183113
183115
183117
183139
183148
183182
183197
183206
183221
183238
183240
183264
183273
183286
183302
183309
183328
183336
183346
183367
183373
183377
183398
183401
183428
183447
183457
183461
183464
183485
183505
183523
183535
183550
183556
183559
183577
183595
183600
183617
183624
183638
183668
183670
183688
183695
183721
183727
183737
183750
183766
183780
183782
183788
183819
183837
183849
183863
183882
183893
183903
183906
183914
183930
183946
183964
183984
183999
184016
184029
184031
184033
184041
184049
184071
184077
184121
184135
184143
184153
184171
184183
184199
184217
184229
184238
184245
184256
184260
184287
184298
184321
184343
184347
184360
184386
184386
184408
184408
184419
184449
184459
184462
184473
184495
184497
184515
184516
184525
184538
184541
184591
184624
184628
184634
184637
184663
184668
184699
184722
184735
184741
184742
184779
184788
184796
184824
184827
184827
184843
184872
184890
184908
184912
184927
184939
184957
184974
184995
185006
185017
185039
185053
185059
185059
185084
185086
185088
185097
185108
185152
185155
185199
185206
185207
185237
185240
185244
185253
185279
185286
185291
185293
185327
185358
185383
185401
185409
185431
185434
185442
185451
185492
185504
185521
185523
185524
185526
185575
185593
185613
185625
185628
185652
185658
185664
185688
185704
185732
185749
185761
185777
185781
185809
185825
185832
185851
185867
185873
185895
185910
185927
185934
185958
185958
185988
185991
185999
186018
186036
186064
186066
186083
186105
186122
186141
186141
186161
186175
186198
186198
186211
186244
186256
186280
186296
186296
186318
186328
186353
186376
186397
186413
186416
186437
186451
186468
186470
186488
186489
186496
186530
186559
186576
186596
186602
186628
186637
186664
186684
186700
186714
186728
186747
186752
186769
186773
186785
186787
186817
186859
186875
186879
186887
186898
186927
186949
186956
186977
186984
187010
187012
187020
187058
187059
187101
187114
187116
187130
187131
187144
187196
187216
187235
187246
187264
187282
187292
187292
187310
187314
187366
187383
187384
187391
187400
187447
187463
187466
187479
187494
187514
187557
187568
187587
187610
187622
187623
187641
187645
187676
187691
187707
187738
187757
187758
187763
187765
187803
187823
187857
187883
187884
187919
187931
187942
187942
187943
187966
188008
188018
188040
188052
188084
188107
188107
188125
188163
188179
188191
188213
188235
188248
188255
188276
188299
188300
188319
188325
188361
188364
188384
188394
188437
188460
188483
188502
188518
188535
188553
188561
188589
188592
188616
188618
188622
188679
188693
188713
188727
188743
188765
188765
188770
188815
188828
188854
188858
188859
188864
188905
188918
188957
188965
189004
189004
189008
189041
189069
189100
189120
189134
189146
189174
189192
189212
189230
189256
189271
189288
189296
189316
189320
189330
189339
189378
189382
189401
189445
189461
189477
189479
189532
189557
189575
189599
189606
189622
189630
189646
189667
189676
189720
189723
189733
189771
189776
189796
189848
189859
189862
189900
189928
189950
189969
189980
190005
190011
190022
190062
190074
190082
190088
190127
190155
190155
190177
190191
190219
190234
190264
190269
190269
190333
190354
190357
190400
190411
190422
190468
190488
190502
190506
190524
190566
190580
190585
190596
190650
190672
190677
190706
190733
190750
190772
190772
190801
190813
190849
190858
190896
190903
190934
190946
190962
190967
190978
191034
191053
191063
191076
191122
191133
191150
191164
191207
191214
191219
191242
191249
191284
191325
191325
191331
191393
191423
191448
191467
191481
191498
191504
191539
191539
191542
191573
191585
191647
191652
191674
191729
191739
191759
191781
191815
191825
191845
191876
191893
191918
191934
191934
191996
192005
192016
192043
192067
192095
192114
192126
192143
192181
192191
192213
192244
192272
192304
192322
192324
192338
192386
192391
192442
192469
192490
192502
192538
192545
192563
192567
192580
192618
192627
192630
192686
192730
192748
192754
192812
192834
192842
192870
192891
192929
192952
192956
192974
193021
193033
193047
193096
193098
193122
193147
193189
193205
193217
193250
193273
193308
193311
193345
193381
193391
193391
193437
193481
193484
193489
193521
193572
193594
193611
193641
193657
193672
193680
193704
193732
193772
193783
193787
193824
193845
193847
193939
193971
193974
194003
194011
194020
194024
194043
194115
194152
194171
194198
194227
194274
194291
194321
194352
194376
194392
194414
194444
194463
194488
194524
194526
194563
194590
194597
194660
194684
194711
194738
194739
194765
194798
194824
194845
194880
194895
194899
194928
195000
195010
195010
195078
195087
195105
195127
195153
195164
195176
195251
195272
195315
195338
195361
195380
195382
195403
195433
195485
195518
195518
195551
195575
195598
195673
195686
195718
195738
195766
195780
195816
195835
195869
195890
195907
195961
195963
196013
196063
196069
196078
196089
196153
196174
196215
196244
196287
196319
196345
196348
196399
196423
196440
196486
196519
196536
196575
196605
196614
196614
196692
196718
196721
196767
196774
196831
196843
196847
196871
196925
196956
197008
197016
197051
197060
197121
197148
197176
197221
197253
197255
197272
197313
197317
197391
197408
197422
197472
197510
197552
197568
197595
197628
197679
197690
197729
197756
197791
197797
197819
197852
197877
197920
197939
197945
197960
197967
198071
198084
198148
198158
198222
198263
198298
198328
198368
198372
198403
198428
198463
198482
198551
198573
198596
198660
198677
198705
198729
198736
198738
198771
198882
198893
198947
198979
198979
199016
199050
199120
199120
199167
199203
199230
199240
199306
199311
199367
199402
199416
199460
199523
199542
199582
199608
199645
199659
199695
199725
199757
199824
199848
199901
199937
199967
200003
200028
200041
200096
200134
200168
200193
200200
200254
200283
200288
200335
200400
200403
200447
200488
200488
200583
200614
200675
200676
200744
200753
200756
200783
200851
200858
200925
200936
200958
200982
200985
200988
201024
201186
201202
201274
201326
201337
201368
201453
201495
201518
201537
201577
201629
201675
201706
201760
201786
201803
201822
201862
201913
201989
202005
202040
202114
202151
202183
202224
202230
202271
202328
202371
202416
202460
202483
202515
202572
202596
202623
202623
202715
202744
202762
202860
202903
202920
202961
202963
203038
203078
203085
203130
203214
203270
203319
203360
203364
203425
203452
203478
203569
203615
203619
203698
203712
203719
203749
203750
203774
203790
203862
203972
204000
204037
204168
204201
204250
204276
204309
204390
204423
204445
204521
204526
204565
204656
204686
204715
204730
204822
204870
204921
204965
204979
205031
205103
205118
205168
205234
205280
205315
205375
205437
205447
205468
205552
205553
205652
205667
205676
205712
205813
205845
205861
205862
206020
206074
206100
206120
206214
206257
206286
206338
206354
206443
206526
206582
206629
206667
206724
206781
206832
206868
206870
206898
207034
207075
207105
207176
207180
207220
207338
207347
207405
207479
207503
207525
207578
207606
207671
207787
207849
207907
207945
207990
208068
208092
208171
208187
208204
208335
208383
208405
208409
208539
208581
208649
208700
208714
208800
208864
208925
208938
208976
209025
209125
209175
209206
209296
209318
209331
209379
209463
209487
209615
209710
209759
209766
209866
209950
210006
210025
210092
210175
210219
210306
210363
210392
210414
210509
210546
210637
210727
210779
210793
210819
210939
211002
211084
211140
211151
211173
211333
211398
211459
211495
211585
211626
211692
211747
211759
211802
211824
211985
211996
212134
212134
212286
212311
212425
212482
212515
212565
212605
212664
212778
212850
212857
212940
212946
213049
213176
213261
213345
213418
213444
213523
213553
213708
213724
213771
213919
213987
214026
214111
214186
214203
214211
214309
214358
214449
214608
214613
214693
214809
214858
214862
214878
214881
214988
215156
215242
215380
215463
215552
215599
215742
215770
215894
215896
215991
216027
216036
216137
216292
216449
216469
216590
216597
216774
216808
216903
217006
217102
217104
217117
217260
217304
217464
217573
217619
217758
217842
217857
217997
218003
218182
218234
218275
218312
218433
218576
218710
218783
218796
218908
218997
219065
219071
219094
219326
219503
219508
219630
219773
219852
219924
220042
220125
220190
220210
220245
220416
220516
220663
220751
220815
220905
220940
221020
221277
221297
221469
221494
221512
221515
221767
221833
222079
222181
222241
222410
222491
222629
222689
222810
222840
223017
223097
223190
223362
223366
223498
223508
223631
223782
223822
224014
224093
224360
224447
224578
224626
224707
224884
224931
225002
225274
225375
225504
225530
225572
225751
225862
225869
226079
226234
226329
226419
226716
226785
226962
226971
226980
227116
227291
227380
227419
227748
227915
227942
228096
228303
228476
228566
228750
228789
228976
229025
229082
229474
229612
229744
229819
230012
230094
230309
230350
230424
230473
230596
231037
231047
231247
231459
231655
231810
231955
231969
232000
232375
232474
232495
232673
233044
233141
233242
233431
233452
233746
233826
233870
234319
234358
234360
234433
234775
234848
235236
235454
235683
235856
235976
236176
236473
236568
236884
237038
237264
237452
237516
237562
237571
238115
238296
238412
238702
238763
239200
239439
239545
239858
239960
240083
240389
240694
240802
241067
241172
241467
241665
241926
242058
242187
242620
242776
242799
242890
243603
243754
244082
244116
244608
244852
245029
245325
245569
245714
245884
246259
246725
246841
247279
247564
247751
247865
248180
248184
248359
249127
249252
249328
249484
250093
250732
250981
251123
251669
252035
252215
252539
252664
252997
253098
253986
254338
254620
254698
255272
255512
255751
256093
256220
256313
256657
256695
257555
258054
258099
258268
258674
259130
260655
261190
261809
261928
262432
263537
263755
264031
264279
264910
265444
265814
266504
266674
267631
267752
269093
269140
270047
270980
271262
271401
272463
273157
273927
274063
274557
276068
276150
276658
276727
277617
279385
279854
281482
282161
282770
283868
284470
284576
286025
286609
288344
289565
290573
290669
291341
292961
294224
296276
297207
299076
299756
301762
302829
302985
306187
307513
309260
310429
311290
311332
314642
316786
320312
323900
324407
326078
331888
332481
336991
341412
345572
347623
353713
356421
362885
364989
371835
384915
385003
399190
409143
416009
433288
434687
509297
929825
