137
68 24
68 108
68 134
68 49
24 4
108 80
134 23
134 101
134 110
134 59
49 20
49 98
49 100
49 104
4 2
4 94
80 3
80 96
23 16
23 19
23 5
23 36
101 67
110 51
110 64
110 31
59 117
59 109
20 54
98 40
98 74
100 21
104 135
104 88
2 83
2 73
94 119
3 39
96 9
16 8
19 111
5 41
36 7
67 60
51 70
64 63
31 17
117 106
109 38
54 77
40 14
74 105
21 52
135 78
88 123
83 126
73 50
119 132
39 33
9 42
8 65
111 130
41 75
7 91
60 35
70 97
63 30
17 10
106 58
38 115
77 84
14 22
105 28
52 62
78 116
123 99
126 61
50 118
132 27
33 34
42 57
65 45
130 136
75 13
91 6
35 127
97 113
30 85
10 120
58 95
115 103
84 72
22 133
28 47
62 122
116 48
99 137
61 125
118 71
27 89
34 86
57 114
45 90
136 93
13 107
6 131
127 121
113 32
85 26
120 124
95 53
103 87
72 79
133 82
47 46
122 18
48 37
137 55
125 15
71 56
89 129
86 25
114 44
90 29
93 112
107 11
131 69
121 81
32 1
26 128
124 102
53 92
87 43
79 66
82 12
46 76
