3195
540 3064
3064 1886
3064 1885
3064 1247
1886 3175
1885 2320
1885 2696
1885 1537
1247 3108
3175 3097
3175 2459
3175 3066
2320 554
2696 1019
2696 3134
2696 2848
1537 542
3108 2335
3108 2019
3108 2118
3097 679
3097 1422
3097 2322
2459 1130
3066 1724
554 204
554 921
554 2746
1019 950
1019 743
3134 1133
2848 582
2848 2052
542 2034
542 2363
2335 912
2335 1651
2335 412
2019 1829
2019 2626
2019 2914
2118 2127
2118 922
679 1660
1422 3032
1422 317
1422 1165
2322 2831
1130 2192
1130 301
1724 671
1724 28
1724 898
204 1932
204 1603
921 2931
921 1993
921 442
2746 454
950 1526
950 2038
743 1542
1133 2460
582 1914
2052 3173
2052 609
2034 1341
2363 974
912 371
912 1696
1651 2295
1651 843
412 258
412 1222
1829 2053
1829 1688
2626 1502
2914 2098
2914 1845
2127 499
2127 1375
922 2072
922 784
1660 2442
3032 1686
317 2833
317 2942
1165 3069
2831 726
2831 407
2192 2337
301 1788
671 560
28 765
898 2754
1932 925
1603 1096
2931 1090
1993 694
1993 1459
442 1313
442 1102
454 1024
1526 2271
2038 1732
2038 2581
1542 913
1542 910
2460 2639
1914 826
1914 2458
3173 2730
3173 2876
609 502
1341 538
1341 2593
974 290
371 803
371 678
1696 2310
2295 2005
843 2427
258 366
1222 2057
2053 3092
1688 650
1502 715
2098 2289
1845 167
499 2557
1375 107
2072 66
784 2464
2442 266
1686 881
2833 1098
2942 2568
3069 2605
726 3129
407 2287
2337 2962
1788 2226
560 2788
765 1057
2754 3026
925 1796
1096 369
1090 1983
694 1789
1459 1402
1313 133
1102 1921
1024 1868
2271 2576
1732 2257
2581 1391
913 1977
910 2161
2639 2998
826 2550
2458 1693
2730 2956
2876 1790
502 1087
538 546
2593 1947
290 1858
803 128
678 31
2310 961
2005 489
2427 1821
366 1208
2057 1770
3092 938
650 2968
715 799
2289 82
167 2410
2557 2776
107 642
66 302
2464 165
266 1659
881 2209
1098 2253
2568 1839
2605 805
3129 1477
2287 2937
2962 572
2226 30
2788 1805
1057 907
3026 581
1796 1614
369 358
1983 2796
1789 2191
1402 1530
133 2306
1921 2124
1868 2221
2576 1838
2257 2468
1391 978
1977 2277
2161 1912
2998 1345
2550 2074
1693 1424
2956 248
1790 1992
1087 3104
546 1159
1947 1971
1858 2807
128 2142
31 1163
961 2808
489 451
1821 1106
1208 2806
1770 1671
938 1027
2968 1468
799 924
82 2056
2410 2278
2776 1347
642 3114
302 3167
165 2365
1659 1674
2209 1538
2253 2279
1839 2992
805 53
1477 3043
2937 1093
572 92
30 3121
1805 2208
907 2653
581 1926
1614 1059
358 2643
2796 433
2191 2241
1530 2269
2306 234
2124 2982
2221 1703
1838 2030
2468 1166
978 1268
2277 741
1912 2693
1345 2725
2074 597
1424 219
248 945
1992 124
3104 1901
1159 1088
1971 427
2807 747
2142 1728
1163 2995
2808 870
451 170
1106 2760
2806 574
1671 1316
1027 1884
1468 1310
924 55
2056 38
2278 2113
1347 1032
3114 311
3167 2304
2365 2158
1674 1355
1538 1588
2279 1689
2992 1136
53 1862
3043 270
1093 212
92 526
3121 2801
2208 977
2653 2585
1926 2532
1059 664
2643 1695
433 1579
2241 428
2269 1114
234 334
2982 501
1703 1004
2030 1105
1166 687
1268 1026
741 1234
2693 397
2725 365
597 349
219 1172
945 2388
124 2006
1901 3061
1088 2493
427 686
747 2886
1728 2021
2995 1390
870 33
170 3127
2760 2101
574 1410
1316 48
1884 1607
1310 1293
55 2303
38 1853
2113 2441
1032 1169
311 1082
2304 1955
2158 1446
1355 3189
1588 1730
1689 2553
1136 3029
1862 836
270 2874
212 2236
526 1450
2801 2358
977 429
2585 1034
2532 383
664 2703
1695 2963
1579 2925
428 3005
1114 2184
334 2847
501 2514
1004 1958
1105 2172
687 1694
1026 1960
1234 2000
397 615
365 255
349 590
1172 96
2388 482
2006 2007
3061 134
2493 57
686 1509
2886 1421
2021 1887
1390 2353
33 2047
3127 1650
2101 635
1410 403
48 1407
1607 196
1293 3050
2303 440
1853 3179
2441 2506
1169 1743
1082 2472
1955 3084
1446 2129
3189 1377
1730 1586
2553 2309
3029 1812
836 410
2874 2293
2236 872
1450 162
2358 2054
429 141
1034 2555
383 634
2703 1259
2963 1280
2925 1697
3005 2301
2184 844
2847 1652
2514 2159
1958 2500
2172 1928
1694 1850
1960 193
2000 465
615 2695
255 2082
590 1611
96 47
482 1319
2007 2450
134 1122
57 2827
1509 2953
1421 1866
1887 378
2353 106
2047 1507
1650 2197
635 2254
403 1721
1407 2242
196 22
3050 2448
440 1044
3179 2315
2506 3012
1743 137
2472 2586
3084 466
2129 1338
1377 969
1586 1631
2309 2154
1812 1849
410 19
2293 512
872 1500
162 519
2054 869
141 2224
2555 2748
634 1666
1259 2974
1280 2970
1697 1752
2301 766
844 1934
1652 1907
2159 2077
2500 1425
1928 265
1850 344
193 2128
465 1852
2695 3003
2082 1387
1611 768
47 1437
1319 3057
2450 780
1122 2027
2827 2202
2953 528
1866 2727
378 2654
106 1637
1507 796
2197 1876
2254 294
1721 1739
2242 646
22 2835
2448 2248
1044 493
2315 1179
3012 1223
137 113
2586 71
466 1370
1338 1764
969 702
1631 1612
2154 1079
1849 1567
19 1380
512 367
1500 1086
519 2578
869 2545
2224 2814
2748 2865
1666 2713
2974 2296
2970 1961
1752 1197
766 2521
1934 2171
1907 2294
2077 479
1425 1070
265 180
344 360
2128 3143
1852 2190
3003 2046
1387 759
768 399
1437 185
3057 122
780 2503
2027 2714
2202 960
528 3138
2727 1173
2654 2987
1637 1562
796 2421
1876 2155
294 2607
1739 1373
646 2181
2835 2544
2248 700
493 673
1179 1271
1223 973
113 781
71 176
1370 1125
1764 227
702 2588
1612 2940
1079 2546
1567 1148
1380 2666
367 181
1086 254
2578 838
2545 143
2814 690
2865 2822
2713 3
2296 2385
1961 595
1197 2517
2521 3154
2171 3142
2294 536
479 56
1070 1902
180 553
360 1664
3143 1970
2190 2106
2046 3056
759 745
399 1580
185 897
122 2628
2503 2952
2714 834
960 201
3138 341
1173 1480
2987 1714
1562 2308
2421 3080
2155 775
2607 2014
1373 1325
2181 1771
2544 930
700 3146
673 2298
1271 1414
973 529
781 1516
176 2049
1125 2735
227 2655
2588 875
2940 424
2546 2203
1148 1200
2666 2700
181 226
254 2812
838 1337
143 614
690 2793
2822 675
3 534
2385 1627
595 2734
2517 2661
3154 2263
3142 430
536 418
56 1768
1902 806
553 933
1664 2934
1970 117
2106 3155
3056 739
745 1494
1580 965
897 1431
2628 1629
2952 2620
834 1978
201 3102
341 2786
1480 273
1714 2877
2308 1440
3080 911
775 1524
2014 3038
1325 1539
1771 42
930 1657
3146 998
2298 2598
1414 769
529 1049
1516 2219
2049 1900
2735 2981
2655 46
875 3113
424 952
2203 2508
1200 909
2700 2055
226 725
2812 2540
1337 2368
614 3180
2793 1880
675 1462
534 3186
1627 1830
2734 705
2661 847
2263 135
430 340
418 1157
1768 2090
806 3046
933 390
2934 1529
117 2050
3155 1623
739 1257
1494 649
965 804
1431 1335
1629 1454
2620 1795
1978 1740
3102 1066
2786 2891
273 1600
2877 798
1440 1081
911 414
1524 3117
3038 224
1539 999
42 1848
1657 2216
998 235
2598 2035
769 1656
1049 2928
2219 2384
1900 3041
2981 1464
46 1601
3113 2130
952 214
2508 3002
909 160
2055 2194
725 115
2540 1423
2368 94
3180 849
1880 148
1462 2575
3186 1364
1830 2823
705 177
847 1621
135 578
340 2199
1157 1734
2090 232
3046 32
390 2842
1529 967
2050 2948
1623 643
1257 2275
649 884
804 2907
1335 1356
1454 1799
1795 1602
1740 3157
1066 1162
2891 1673
1600 3030
798 1511
1081 2232
414 2087
3117 2753
224 1882
999 497
1848 277
2216 2247
235 253
2035 2467
1656 1137
2928 139
2384 2376
3041 899
1464 2741
1601 2803
2130 2682
214 2790
3002 2290
160 202
2194 900
115 2862
1423 1035
94 2573
849 52
148 1813
2575 1416
1364 169
2823 2976
177 1107
1621 1095
578 142
2199 544
1734 472
232 892
32 2069
2842 2752
967 1605
2948 2402
643 1117
2275 2558
884 2681
2907 1298
1356 940
1799 1284
1602 1733
3157 2927
1162 240
1673 2213
3030 754
1511 1619
2232 1244
2087 2663
2753 516
1882 1528
497 873
277 767
2247 1374
253 2362
2467 689
1137 2336
139 145
2376 2397
899 693
2741 2471
2803 789
2682 2369
2790 1753
2290 3028
202 2230
900 251
2862 1479
1035 1275
2573 985
52 1250
1813 1930
1416 3045
169 1935
2976 2268
1107 1672
1095 2177
142 610
544 2307
472 2641
892 1002
2069 3089
2752 1439
1605 2003
2402 2259
1117 2539
2558 1077
2681 2073
1298 1220
940 215
1284 147
1733 1662
2927 278
240 1176
2213 1687
754 1555
1619 605
1244 2048
2663 1957
516 85
1528 2389
873 61
767 1177
1374 3191
2362 2162
689 994
2336 217
145 2501
2397 2765
693 3103
2471 2547
789 871
2369 3042
1753 3171
3028 2088
2230 1161
251 2037
1479 2950
1275 1826
985 951
1250 1523
1930 1289
3045 2414
1935 2736
2268 2095
1672 550
2177 517
610 1435
2307 2393
2641 640
1002 740
3089 2283
1439 1776
2003 375
2259 692
2539 498
1077 991
2073 2212
1220 1705
215 746
147 1463
1662 1124
278 2678
1176 2839
1687 1685
1555 850
605 2559
2048 78
1957 697
85 2187
2389 1969
61 476
1177 2670
3191 923
2162 1950
994 1404
217 2135
2501 794
2765 2145
3103 2367
2547 2767
871 2529
3042 1333
3171 2116
2088 2597
1161 1466
2037 936
2950 3194
1826 2227
951 2104
1523 1195
1289 396
2414 3165
2736 392
2095 2262
550 2121
517 885
1435 3058
2393 123
640 18
740 1447
2283 1258
1776 2270
375 2126
692 444
498 2496
991 1548
2212 1702
1705 915
746 1711
1463 3152
1124 2519
2678 827
2839 975
1685 2180
850 2971
2559 328
78 2799
697 1998
2187 1209
1969 1508
476 706
2670 264
923 1465
1950 2244
1404 150
2135 525
794 807
2145 1183
2367 136
2767 471
2529 2398
1333 172
2116 2078
2597 2476
1466 2608
936 2016
3194 1521
2227 868
2104 893
1195 1279
396 1428
3165 3024
392 1110
2262 779
2121 1415
885 1716
3058 2205
123 934
18 2123
1447 2775
1258 1365
2270 1836
2126 422
444 93
2496 2565
1548 2777
1702 1515
915 2604
1711 730
3152 2929
2519 1573
827 2704
975 593
2180 1206
2971 1201
328 259
2799 1286
1998 2415
1209 2738
1508 1626
706 241
264 2316
1465 1018
2244 1988
150 2064
525 10
807 2068
1183 2646
136 1196
471 50
2398 195
172 1634
2078 65
2476 1427
2608 1577
2016 2742
1521 2011
868 1635
893 23
1279 948
1428 2731
3024 2809
1110 2220
779 3184
1415 1986
1716 449
2205 2614
934 2543
2123 2556
2775 1481
1365 263
1836 1075
422 589
93 1684
2565 1445
2777 1198
1515 1060
2604 14
730 1394
2929 2766
1573 1769
2704 481
593 146
1206 1058
1201 2403
259 2323
1286 2745
2415 1834
2738 902
1626 3067
241 1878
2316 1178
1018 2286
1988 1967
2064 3062
10 69
2068 1146
2646 727
1196 3195
50 749
195 2175
1634 3122
65 2980
1427 537
1577 1199
2742 2836
2011 2502
1635 1545
23 1398
948 2912
2731 1965
2809 1269
2220 2469
3184 1655
1986 1682
449 2706
2614 2449
2543 1665
2556 2201
1481 455
263 1040
1075 1354
589 1519
1684 2830
1445 901
1198 1761
1060 2926
14 468
1394 955
2766 49
1769 2345
481 3087
146 2015
1058 2936
2403 815
2323 1997
2745 3022
1834 2569
902 588
3067 231
1878 1123
1178 179
2286 2762
1967 2083
3062 1823
69 1215
1146 1756
727 1987
3195 890
749 2274
2175 1615
3122 338
2980 2784
537 2815
1199 3049
2836 701
2502 2089
1545 1349
1398 757
2912 2724
1965 2711
1269 2645
2469 2196
1655 2802
1682 2759
2706 1296
2449 1811
1665 795
2201 183
455 2699
1040 2617
1354 2474
1519 1369
2830 1068
901 1540
1761 1777
2926 1265
468 662
955 764
49 2312
2345 889
3087 2596
2015 659
2936 2348
815 16
1997 522
3022 579
2569 2625
588 1072
231 2497
1123 1031
179 1587
2762 443
2083 3047
1823 2071
1215 1303
1756 1585
1987 1320
890 2560
2274 879
1615 157
338 2707
2784 75
2815 1729
3049 1141
701 1408
2089 1495
1349 2913
757 377
2724 2321
2711 1906
2645 1205
2196 1778
2802 877
2759 562
1296 2210
1811 2334
795 1182
183 1920
2699 1487
2617 1147
2474 1016
1369 1597
1068 3153
1540 1503
1777 1933
1265 929
662 695
764 1318
2312 34
889 1009
2596 1453
659 1469
2348 758
16 1954
522 1832
579 1302
2625 2392
1072 2871
2497 222
1031 2917
1587 1735
443 126
3047 1754
2071 1931
1303 2481
1585 2841
1320 783
2560 1158
879 3078
157 2256
2707 1028
75 1342
1729 894
1141 1617
1408 363
1495 813
2913 1642
377 839
2321 3065
1906 2751
1205 2133
1778 2872
877 2091
562 772
2210 492
2334 1314
1182 828
1920 1366
1487 981
1147 2961
1016 2899
1597 1399
3153 2723
1503 543
1933 2572
929 1344
695 2473
1318 1245
34 2867
1009 1985
1453 1290
1469 1192
758 1037
1954 1599
1832 216
1302 1281
2392 2117
2871 824
222 2778
2917 861
1735 1772
126 1012
1754 2405
1931 719
2481 2955
2841 1984
783 262
1158 1842
3078 2684
2256 773
1028 1442
1342 617
894 628
1617 1211
363 1962
813 2166
1642 677
839 2235
3065 1188
2751 1474
2133 1940
2872 1113
2091 1749
772 298
492 2716
1314 3027
828 297
1366 1321
981 3018
2961 110
2899 1473
1399 166
2723 1791
543 2993
2572 2010
1344 1972
2473 2200
1245 2629
2867 2495
1985 3039
1290 2168
1192 1131
1037 763
1599 1153
216 1851
1281 1397
2117 1174
824 351
2778 1945
861 2656
1772 1204
1012 2330
2405 1667
719 2897
2955 2600
1984 1239
262 1126
1842 43
2684 548
773 1267
1442 2618
617 842
628 954
1211 1436
1962 1891
2166 1252
677 1649
2235 2265
1188 333
1474 2183
1940 2522
1113 413
1749 841
298 962
2716 2737
3027 2147
297 3145
1321 1654
3018 327
110 1033
1473 603
166 1924
1791 2141
2993 567
2010 382
1972 4
2200 2444
2629 2225
2495 2457
3039 310
2168 1191
1131 2863
763 2888
1153 3124
1851 2650
1397 1405
1174 982
351 2484
1945 1348
2656 2536
1204 653
2330 1566
1667 457
2897 1699
2600 1863
1239 1747
1126 524
43 790
548 1458
1267 439
2618 336
842 1956
954 1618
1436 1767
1891 1308
1252 1679
1649 2120
2265 2004
333 2630
2183 398
2522 99
413 1899
841 1543
962 2554
2737 1833
2147 2979
3145 2896
1654 633
327 2768
1033 2916
603 2418
1924 80
2141 2383
567 1641
382 1213
4 2739
2444 2170
2225 2028
2457 2251
310 2989
1191 1804
2863 156
2888 2990
3124 1640
2650 1457
1405 3162
982 592
2484 1237
1348 1881
2536 752
653 1979
1566 1287
457 494
1699 144
1863 441
1747 1471
524 3048
790 539
1458 2834
439 1030
336 3052
1956 939
1618 3021
1767 199
1308 2281
1679 2134
2120 425
2004 571
2630 810
398 3166
99 1814
1899 1861
1543 105
2554 515
1833 556
2979 2756
2896 51
633 220
2768 186
2916 2718
2418 111
80 1109
2383 2902
1641 707
1213 2679
2739 1946
2170 2915
2028 3133
2251 2883
2989 114
1804 2360
156 1378
2990 2284
1640 2622
1457 2470
3162 2111
592 2609
1237 2898
1881 108
752 2443
1979 611
1287 1476
494 109
144 531
441 1219
1471 1263
3048 292
539 1722
2834 2258
1030 1550
3052 848
939 1340
3021 342
199 1475
2281 1412
2134 102
425 315
571 129
810 2509
3166 1149
1814 2234
1861 1104
105 1989
515 2717
556 1455
2756 3132
51 346
220 565
186 2662
2718 1053
111 2237
1109 2773
2902 2561
707 91
2679 2669
1946 2490
2915 3090
3133 586
2883 1382
114 1185
2360 2825
1378 704
2284 1867
2622 485
2470 1923
2111 2151
2609 2889
2898 2758
108 867
2443 1496
611 2520
1476 503
109 801
531 716
1219 1709
1263 2110
292 1043
1722 2059
2258 602
1550 2138
848 1643
1340 130
342 1011
1475 1676
1412 2488
102 3159
315 1103
129 1048
2509 2435
1149 2870
2234 9
1104 127
1989 1909
2717 225
1455 1893
3132 3164
346 987
565 2061
2662 1214
1053 3091
2237 3109
2773 2923
2561 335
91 1553
2669 2058
2490 1557
3090 2659
586 362
1382 1726
1185 918
2825 319
704 2347
1867 660
485 2255
1923 2633
2151 3174
2889 208
2758 1717
867 755
1496 3008
2520 44
503 304
801 1622
716 778
1709 2530
2110 3176
1043 488
2059 470
602 2890
2138 2100
1643 575
130 355
1011 751
1676 1890
2488 1937
3159 2692
1103 210
1048 1426
2435 2893
2870 274
9 720
127 2515
1909 1047
225 409
1893 1817
3164 2590
987 289
2061 1071
1214 1317
3091 3140
3109 159
2923 3123
335 163
1553 1460
2058 1698
1557 347
2659 1999
362 326
1726 316
918 2174
319 2176
2347 1968
660 1434
2255 2566
2633 545
3174 2574
208 658
1717 1186
755 2245
3008 223
44 242
304 1841
1622 140
778 1005
2530 2498
3176 598
488 2763
470 3015
2890 64
2100 40
575 2109
355 2985
751 613
1890 1773
1937 2480
2692 1927
210 833
1426 1731
2893 1021
274 1020
720 1819
2515 800
1047 1831
409 1936
1817 551
2590 1078
289 949
1071 989
1317 1339
3140 1719
159 1285
3123 1472
163 260
1460 744
1698 631
347 2332
1999 685
326 3118
316 2185
2174 2943
2176 811
1968 2328
1434 639
2566 2233
545 1809
2574 74
658 3163
1186 1484
2245 992
223 1506
242 3034
1841 563
140 1490
1005 2782
2498 908
598 2900
2763 1738
3015 329
64 2910
40 1647
2109 1418
2985 1822
613 1264
1773 3137
2480 345
1927 691
833 2364
1731 2024
1021 376
1020 1112
1819 2977
800 98
1831 1307
1936 1144
551 1023
1078 2528
949 420
989 1202
1339 983
1719 1835
1285 1869
1472 2664
260 2592
744 3077
631 2764
2332 1315
685 3178
3118 644
2185 1544
2943 7
811 2951
2328 2805
639 3185
2233 1691
1809 1216
74 3187
3163 236
1484 197
992 1383
1506 357
3034 483
563 2379
1490 2726
2782 1889
908 305
2900 655
1738 2582
329 2195
2910 2084
1647 95
1418 1888
1822 1350
1264 530
3137 1384
345 3017
691 474
2364 723
2024 116
376 3055
1112 3059
2977 979
98 1084
1307 1941
1144 285
1023 324
2528 2749
420 917
1202 1083
983 3128
1835 1670
1869 2587
2664 2043
2592 3106
3077 619
2764 1855
1315 860
3178 1575
644 1443
1544 1803
7 2813
2951 417
2805 1101
3185 437
1691 2648
1216 2267
3187 2647
236 956
197 1825
1383 2635
357 896
483 213
2379 1358
2726 2378
1889 2453
305 2140
655 475
2582 81
2195 1939
2084 2986
95 155
1888 963
1350 2904
530 2686
1384 200
3017 2439
474 3073
723 2885
116 821
3055 1514
3059 1164
979 2119
1084 2579
1941 3009
285 761
324 2182
2749 2433
917 269
1083 2462
3128 1748
1670 393
2587 621
2043 2636
3106 372
619 568
1855 487
860 1911
1575 2591
1443 2631
1803 797
2813 2996
417 2355
1101 2417
437 464
2648 1352
2267 808
2647 1980
956 1433
1825 2511
2635 1184
896 2674
213 154
1358 622
2378 3130
2453 2740
2140 2791
475 1583
81 282
1939 1240
2986 1807
155 1630
963 2854
2904 2797
2686 3014
200 2374
2439 2634
3073 3006
2885 680
821 2939
1514 3126
1164 86
2119 1187
2579 2873
3009 3156
761 1143
2182 331
2433 2423
269 337
2462 2305
1748 1486
393 709
621 2300
2636 620
372 788
568 2391
487 1055
1911 2228
2591 990
2631 2395
797 1636
2996 1372
2355 39
2417 2217
464 2811
1352 1964
808 1351
1980 1736
1433 426
2511 2852
1184 2132
2674 585
154 1938
622 2864
3130 684
2740 1564
2791 665
1583 2960
282 1576
1240 523
1807 2239
1630 2075
2854 1896
2797 820
3014 627
2374 636
2634 3094
3006 699
680 2434
2939 3098
3126 1860
86 20
1187 652
2873 229
3156 1632
1143 271
331 2627
2423 1568
337 1054
2305 2206
1486 3033
709 2455
2300 286
620 416
788 207
2391 1591
1055 1299
2228 1710
990 2231
2395 198
1636 2972
1372 1277
39 2531
2217 535
2811 2346
1964 1681
1351 2983
1736 1625
426 859
2852 651
2132 2445
585 1787
1938 1683
2864 284
684 2612
1564 2039
665 2878
2960 809
1576 353
523 832
2239 3020
2075 1638
1896 770
820 395
627 882
636 1690
3094 361
699 2850
2434 1251
3098 683
1860 434
20 2097
652 1949
229 158
1632 27
271 1171
2627 1108
1568 26
1054 786
2206 2657
3033 131
2455 3181
286 1800
416 2855
207 2026
1591 2326
1299 1942
1710 1991
2231 1470
198 1793
2972 2908
1277 2327
2531 666
535 2276
2346 1190
1681 504
2983 2211
1625 1326
859 2859
651 1276
2445 450
1787 1015
1683 1780
284 1001
2612 452
2039 2060
2878 3149
809 2817
353 2722
832 2851
3020 1786
1638 419
770 1609
395 3044
882 261
1690 748
361 1386
2850 1616
1251 2243
683 2601
434 2136
2097 1504
1949 527
158 1309
27 389
1171 1904
1108 724
26 1653
786 1361
2657 2542
131 432
3181 2860
1800 2577
2855 2845
2026 2701
2326 308
1942 415
1991 275
1470 2640
1793 121
2908 886
2327 722
666 895
2276 1229
1190 1368
504 1328
2211 291
1326 1139
2859 854
1276 2603
450 2382
1015 1288
1780 1330
1001 1560
452 760
2060 132
3149 2794
2817 2638
2722 995
2851 313
1786 2387
419 831
1609 272
3044 580
261 2404
748 2537
1386 2721
1616 2067
2243 2012
2601 164
2136 3068
1504 1006
527 569
1309 2148
389 1346
1904 250
724 3079
1653 350
1361 2215
2542 2954
432 2549
2860 1843
2577 2651
2845 507
2701 1076
308 1976
415 2525
275 3000
2640 3101
121 1438
886 394
722 845
895 1154
1229 1613
1368 2317
1328 888
291 1336
1139 1127
854 343
2603 1242
2382 514
1288 904
1330 1783
1560 3037
760 2422
132 299
2794 3111
2638 2710
995 825
313 1982
2387 1478
831 625
272 2595
580 339
2404 2446
2537 1392
2721 2152
2067 1485
2012 2611
164 1218
3068 561
1006 230
569 209
2148 1255
1346 2606
250 1513
3079 1534
350 1808
2215 1763
2954 2426
2549 2652
1843 2266
2651 2017
507 2370
1076 916
1976 2973
2525 238
3000 835
3101 2570
1438 2800
394 1301
845 1225
1154 1253
1613 513
2317 2240
888 2041
1336 2408
1127 1535
343 1294
1242 423
514 2318
904 1430
1783 1266
3037 1741
2422 1628
299 1395
3111 1417
2710 2115
825 2901
1982 2081
1478 239
625 385
2595 2708
339 300
2446 2366
1392 2690
2152 1097
1485 1140
2611 1089
1218 1959
561 2524
230 1554
209 532
1255 552
2606 601
1513 402
1534 3023
1808 1951
1763 2094
2426 787
2652 2516
2266 986
2017 2031
2370 630
916 2165
2973 2325
238 2938
835 1840
2570 63
2800 496
1301 2689
1225 819
1253 711
513 1595
2240 1712
2041 3177
2408 2198
1535 971
1294 3182
423 1120
2318 1870
1430 370
1266 2642
1741 1232
1628 2959
1395 2783
1417 281
2115 3144
2901 1802
2081 2534
239 1022
385 307
2708 2624
300 3011
2366 1818
2690 2702
1097 558
1140 3120
1089 2070
1959 3063
2524 2356
1554 944
532 1270
552 1975
601 2658
402 72
3023 36
1951 1547
2094 1248
787 1713
2516 2675
986 2884
2031 1327
630 2157
2165 946
2325 777
2938 2787
1840 1510
63 41
496 1381
2689 1820
819 309
711 2945
1595 119
1712 2407
3177 90
2198 863
971 1042
3182 2526
1120 1549
1870 681
370 2438
2642 3053
1232 490
2959 2819
2783 2475
281 2313
3144 959
1802 1129
2534 600
1022 2750
307 70
2624 2571
3011 3072
1818 2103
2702 2001
558 2785
3120 880
2070 728
3063 1260
2356 1322
944 2401
1270 667
1975 2780
2658 2728
72 2288
36 591
1547 2594
1248 1056
1713 737
2675 2465
2884 1646
1327 1897
2157 244
946 1678
777 1385
2787 1766
1510 2895
41 3115
1381 2487
1820 2821
309 2431
2945 2042
119 668
2407 151
90 58
863 1304
1042 2282
2526 1994
1549 8
681 1212
2438 1541
3053 632
490 2478
2819 1551
2475 17
2313 541
959 445
1129 865
600 669
2750 411
70 306
2571 2430
3072 171
2103 62
2001 1010
2785 1824
880 2880
728 84
1260 1916
1322 776
2401 2709
667 1210
2780 2665
2728 1111
2288 3001
591 1922
2594 6
1056 1116
737 322
2465 1700
1646 2769
1897 864
244 1409
1678 173
1385 59
1766 2436
2895 1746
3115 2999
2487 2080
2821 1505
2431 1604
2042 1929
668 557
151 2096
58 505
1304 1966
2282 484
1994 953
8 267
1212 21
1541 1411
632 1362
2478 2131
1551 549
17 1150
541 2732
445 818
865 356
669 1565
411 3040
306 2409
2430 1413
171 2051
62 252
1010 1563
1824 2361
2880 637
84 3139
1916 187
776 453
2709 189
1210 2144
2665 178
1111 1874
3001 2354
1922 1675
6 2463
1116 2994
322 280
1700 1864
2769 1038
864 2667
1409 1715
173 1895
59 1467
2436 2697
1746 1115
2999 1272
2080 596
1505 2456
1604 364
1929 2372
557 467
2096 988
505 1751
1966 891
484 2329
953 1008
267 2261
21 2406
1411 942
1362 1403
2131 1482
549 2843
1150 2371
2732 2771
818 656
356 3125
1565 1760
3040 928
2409 405
1413 1883
2051 718
252 1737
1563 717
2361 2099
637 984
3139 1680
187 926
453 2114
189 2512
2144 2967
178 1648
1874 2429
2354 2086
1675 914
2463 2964
2994 1816
280 2076
1864 1138
1038 2988
2667 1810
1715 2668
1895 1859
1467 823
2697 2411
1115 1492
1272 73
596 2425
2456 1775
364 1552
2372 1300
467 1704
988 976
1751 1857
891 2341
2329 1461
1008 2941
2261 1134
2406 1727
942 1592
1403 1798
1482 1419
2843 2866
2371 521
2771 1193
656 54
3125 508
1760 2755
928 577
405 771
1883 2610
718 2483
1737 647
717 2040
2099 1062
984 35
1680 1918
926 559
2114 710
2512 2924
2967 1357
1648 2857
2429 15
2086 206
914 1499
2964 616
1816 1569
2076 1007
1138 3158
2988 352
1810 3151
2668 243
1859 1837
823 753
2411 510
1492 354
73 555
2425 1489
1775 1091
1552 388
1300 3085
1704 1181
976 3141
1857 2947
2341 2933
1461 221
2941 1720
1134 2911
1727 1620
1592 3074
1798 3169
1419 1570
2866 594
521 1517
1193 2772
54 2381
508 2918
2755 1644
577 2869
771 1118
2610 791
2483 1952
647 608
2040 2829
1062 2712
35 2143
1918 3150
559 957
710 2013
2924 1558
1357 1334
2857 1119
15 2125
206 330
1499 2146
616 1324
1569 1498
1007 721
3158 1168
352 935
3151 876
243 2583
1837 2761
753 1757
510 1533
354 1226
555 2272
1489 25
1091 1801
388 1875
3085 1608
1181 964
3141 1039
2947 2264
2933 587
221 2946
1720 2108
2911 1794
1620 1238
3074 2733
3169 1797
1570 1233
594 883
1517 1
2772 2623
2381 2207
2918 1572
1644 1003
2869 1944
1118 1207
791 478
1952 76
608 211
2829 247
2712 696
2143 2491
3150 1292
957 1029
2013 2499
1558 138
1334 2691
1119 1501
2125 1420
330 1128
2146 2816
1324 1236
1498 1151
721 1518
1168 1145
935 573
876 2189
2583 1194
2761 2167
1757 1085
1533 2552
1226 2314
2272 2044
25 2849
1801 2153
1875 3112
1608 2160
964 2454
1039 1745
2264 1400
587 2541
2946 2887
2108 2504
1794 2562
1238 814
2733 3131
1797 391
1233 1291
883 970
1 473
2623 1249
2207 2063
1572 1017
1003 2903
1944 2461
1207 2432
478 1256
76 125
211 2856
247 2615
696 932
2491 296
1292 1432
1029 2551
2499 1661
138 1856
2691 2375
1501 194
1420 2613
1128 1589
2816 2377
1236 103
1151 461
1518 1246
1145 460
573 604
2189 2023
1194 318
2167 2466
1085 2164
2552 878
2314 2223
2044 257
2849 68
2153 2285
3112 1913
2160 712
2454 2419
1745 2451
1400 1025
2541 3007
2887 1531
2504 2149
2562 1261
814 431
3131 500
391 2698
1291 742
970 1135
473 792
1249 2673
2063 2311
1017 713
2903 1000
2461 2619
2432 785
1256 2273
125 1525
2856 2965
2615 2975
932 1036
296 736
1432 1332
2551 1243
1661 462
1856 491
2375 1376
194 2882
2613 152
1589 2324
2377 2390
103 3036
461 2299
1246 566
460 2249
604 612
2023 2715
318 3193
2466 79
2164 624
878 782
2223 2079
257 2637
68 2991
2285 2396
1913 857
712 1996
2419 1593
2451 812
1025 2440
3007 2949
1531 2828
2149 2477
1261 2944
431 2214
500 2150
2698 2246
742 2919
1135 2357
792 1283
2673 384
2311 1995
713 2085
1000 674
2619 1051
785 2229
2273 3025
1525 237
2965 1692
2975 2333
1036 2580
736 174
1332 1639
1243 495
462 862
491 2319
1376 2527
2882 459
152 1121
2324 2280
2390 1393
3036 2122
2299 1701
566 906
2249 1429
612 104
2715 1943
3193 1074
79 3031
624 447
782 547
2079 2875
2637 448
2991 2331
2396 386
857 2186
1996 2804
1593 321
812 37
2440 2688
2949 1488
2828 2
2477 1073
2944 438
2214 2482
2150 3160
2246 1331
2919 2452
2357 1203
1283 246
384 381
1995 2380
2085 1175
674 1782
1051 5
2229 2009
3025 1765
237 802
1692 1180
2333 97
2580 570
174 1050
1639 731
495 1520
862 477
2319 1262
2527 676
459 2747
1121 2428
2280 293
1393 2344
2122 2798
1701 1925
906 1305
1429 3147
104 887
1943 1389
1074 714
3031 2894
447 2179
547 1156
2875 161
448 1142
2331 1815
386 3116
2186 2412
2804 1744
321 1590
37 1708
2688 2584
1488 2178
2 3105
1073 638
438 1170
2482 2413
3160 1792
1331 368
2452 2349
1203 3035
246 2861
381 101
2380 2424
1175 2685
1782 1974
5 511
2009 1561
1765 190
802 2092
1180 2394
97 2350
570 2621
1050 1785
731 2781
1520 1658
477 2958
1262 937
676 1596
2747 1598
2428 1483
293 1363
2344 2564
2798 3148
1925 1456
1305 2671
3147 1099
887 83
1389 931
714 3190
2894 3099
2179 518
1156 1784
161 24
1142 2729
1815 2102
3116 1396
2412 3076
1744 3013
1590 1806
1708 708
2584 1581
2178 401
3105 421
638 2538
1170 314
2413 840
1792 2518
368 2930
2349 380
3035 1493
2861 2218
101 1527
2424 3170
2685 1706
1974 2920
511 463
1561 670
190 2838
2092 1444
2394 1306
2350 256
2621 645
1785 2599
2781 2020
1658 1669
2958 228
937 404
1596 2683
1598 2881
1483 1254
1363 576
2564 2694
3148 458
1456 2810
2671 287
1099 2032
83 88
931 2399
3190 3107
3099 469
518 218
1784 374
24 2188
2729 3083
2102 1449
1396 168
3076 295
3013 2494
1806 1898
708 249
1581 2563
401 2858
421 1441
2538 2966
314 1094
840 1582
2518 1865
2930 1645
380 2774
1493 1847
2218 153
1527 1828
3170 435
1706 3088
2920 1080
463 1546
670 1323
2838 966
1444 1448
1306 2826
256 1359
645 2616
2599 1069
2020 2302
1669 1274
228 774
404 520
2683 2339
2881 1221
1254 1750
576 1295
2694 3136
458 1762
2810 2489
287 1915
2032 607
88 738
2399 1774
3107 1758
469 2066
218 2250
374 3071
2188 1827
3083 2840
1449 663
168 1559
295 661
2494 641
1898 846
249 320
2563 1228
2858 688
1441 2757
2966 3086
1094 2984
1582 268
1865 1343
1645 1045
2774 1235
1847 1781
153 816
1828 3060
435 1065
3088 2644
1080 283
1546 2351
1323 2163
966 1879
1448 1155
2826 1273
1359 958
2616 1353
1069 1406
2302 1725
1274 762
774 2510
520 2978
2339 852
1221 920
1750 2033
1295 2548
3136 2112
1762 379
2489 1160
1915 2238
607 996
738 1041
1774 3082
1758 1990
2066 480
2250 89
3071 1903
1827 2879
2840 2868
663 1367
1559 1723
661 682
641 1873
846 583
320 855
1228 2935
688 2535
2757 972
3086 1360
2984 188
268 2719
1343 332
1045 3192
1235 837
1781 858
816 288
3060 2932
1065 2107
2644 1063
283 2853
2351 2416
2163 533
1879 1953
1155 1755
1273 2045
958 2386
1353 1663
1406 2997
1725 2025
762 1908
2510 373
2978 2523
852 997
920 1919
2033 733
2548 1064
2112 2818
379 2844
1160 2906
2238 2400
996 943
1041 1189
3082 1014
1990 1312
480 359
89 12
1903 3110
2879 203
2868 735
1367 1594
1723 1606
682 851
1873 1844
583 1224
855 2173
2935 2589
2535 1624
972 903
1360 3075
188 2373
2719 2065
332 2169
3192 1371
837 2002
858 1571
288 1536
2932 2008
2107 729
1063 1584
2853 3172
2416 279
533 2744
1953 1963
1755 184
2045 1872
2386 1877
1663 2957
2997 1452
2025 1388
1908 3183
373 648
2523 3016
997 2832
1919 1892
733 387
1064 2533
2818 323
2844 1132
2906 1241
2400 2292
943 2036
1189 2437
1014 698
1312 118
359 2649
12 446
3110 182
203 1905
735 87
1594 2062
1606 817
851 2420
1844 3093
1224 993
2173 2905
2589 1578
1624 856
903 947
3075 2677
2373 629
2065 2567
2169 1633
1371 192
2002 1707
1571 980
1536 13
2008 1948
729 1556
1584 1067
3172 2093
279 2789
2744 2492
1963 2680
184 866
1872 1167
1877 1451
2957 2485
1452 1522
1388 2352
3183 408
648 2969
3016 2720
2832 3019
1892 2792
387 1052
2533 1282
323 2770
1132 3054
1241 2705
2292 623
2036 2338
2437 1046
698 1227
118 1329
2649 1677
446 1894
182 29
1905 1910
87 941
2062 1311
817 205
2420 734
3093 2193
993 2297
2905 2909
1578 1610
856 2018
947 67
2677 1152
629 564
2567 2139
1633 2204
192 1379
1707 456
980 3081
13 2892
1948 77
1556 2359
1067 1278
2093 1759
2789 2676
2492 112
2680 3135
866 3070
1167 60
1451 1100
2485 2486
1522 1574
2352 3168
408 2820
2969 2837
2720 276
3019 1297
2792 2340
1052 2022
1282 2632
2770 2921
3054 822
2705 1532
623 968
2338 191
1046 2137
1227 2779
1329 1981
1677 45
1894 312
29 2922
1910 100
941 2672
1311 2505
205 2260
734 2291
2193 3188
2297 1013
2909 3004
1610 3051
2018 1092
67 732
1152 874
564 175
2139 3161
2204 2507
1379 1401
456 1718
3081 2342
2892 853
77 245
2359 618
1278 2105
1759 436
2676 1742
112 2824
3135 1854
3070 672
60 120
1100 3100
2486 829
1574 2479
3168 1871
2820 11
2837 2795
276 1497
1297 2846
2340 509
2022 2447
2632 657
2921 303
822 2602
1532 1668
968 3095
191 486
2137 2743
2779 2222
1981 919
45 626
312 3119
2922 1231
100 233
2672 3010
2505 1917
2260 1846
2291 793
3188 2513
1013 1230
3004 506
3051 1973
1092 2252
732 606
874 703
175 750
3161 2660
2507 2156
1401 1491
1718 905
2342 2343
853 2029
245 584
618 348
2105 1779
436 830
1742 654
2824 149
1854 1061
672 756
120 599
3100 1512
829 1217
2479 927
1871 400
11 2687
2795 3096
1497 325
2846 406
