1813
1799 712
1799 1682
1799 854
1799 846
712 337
712 492
712 1056
712 39
1682 799
854 23
854 10
854 464
846 896
846 1680
846 29
846 45
337 1507
337 100
337 1674
492 1307
492 89
492 588
1056 1579
1056 900
1056 1535
39 879
799 571
23 1539
23 1046
23 475
23 589
10 518
10 781
10 1623
464 769
464 673
896 716
1680 170
1680 1648
1680 862
1680 5
29 905
29 1461
29 321
45 1792
45 425
1507 704
100 1005
100 1357
1674 64
1674 632
1674 1766
1307 359
1307 1078
89 1237
89 807
89 720
588 1098
1579 81
1579 1711
1579 168
900 1591
900 248
900 744
1535 1605
879 790
879 181
571 1304
571 41
1539 1544
1539 1194
1046 670
1046 1251
1046 1488
475 474
589 659
589 1721
589 1732
518 1751
518 1099
518 1700
781 137
781 1777
1623 1720
769 1137
673 1550
716 1128
170 564
1648 1807
862 832
5 1390
905 1350
1461 195
321 372
1792 1466
425 1688
704 1044
1005 980
1357 384
64 102
632 1340
1766 1625
359 326
1078 1279
1237 17
807 1741
720 871
1098 245
81 235
1711 1063
168 1563
1591 757
248 324
744 342
1605 1143
790 68
181 810
1304 1497
41 1262
1544 130
1194 250
670 1082
1251 1315
1488 1690
474 1658
659 1469
1721 414
1732 527
1751 646
1099 840
1700 1042
137 1795
1777 312
1720 1232
1137 66
1550 1460
1128 628
564 1512
1807 834
832 24
1390 700
1350 1267
195 529
372 1406
1466 705
1688 752
1044 297
980 1359
384 1094
102 1269
1340 135
1625 1073
326 486
1279 585
17 1722
1741 1490
871 1026
245 273
235 196
1063 740
1563 1140
757 1768
324 1296
342 1285
1143 18
68 1662
810 180
1497 932
1262 246
130 851
250 1725
1082 1257
1315 160
1690 748
1658 63
1469 16
414 1256
527 308
646 1743
840 598
1042 1275
1795 295
312 993
1232 1316
66 1404
1460 445
628 918
1512 782
834 1781
24 574
700 520
1267 1573
529 1189
1406 595
705 1478
752 1775
297 1198
1359 778
1094 1462
1269 733
135 249
1073 836
486 1229
585 322
1722 1696
1490 1493
1026 1051
273 1586
196 1240
740 813
1140 555
1768 1635
1296 379
1285 30
18 159
1662 74
180 96
932 1763
246 726
851 1029
1725 163
1257 434
160 1106
748 440
63 184
16 1494
1256 537
308 21
1743 1184
598 975
1275 627
295 1353
993 559
1316 946
1404 394
445 6
918 1647
782 1277
1781 1130
574 1327
520 389
1573 1150
1189 157
595 257
1478 539
1775 1481
1198 37
778 892
1462 1710
733 579
249 1110
836 1318
1229 149
322 1393
1696 1672
1493 358
1051 575
1586 1050
1240 969
813 1562
555 267
1635 902
379 679
30 331
159 1274
74 1684
96 61
1763 842
726 891
1029 1436
163 340
434 933
1106 251
440 1575
184 1609
1494 1801
537 430
21 392
1184 139
975 876
627 203
1353 1345
559 999
946 1656
394 319
6 1364
1647 1077
1277 990
1130 654
1327 1260
389 1333
1150 112
157 1443
257 441
539 1707
1481 65
37 397
892 325
1710 1735
579 637
1110 225
1318 1669
149 345
1393 941
1672 1742
358 755
575 1387
1050 553
969 745
1562 91
267 299
902 1424
679 1017
331 653
1274 815
1684 1339
61 1518
842 816
891 1381
1436 1193
340 1347
933 1482
251 1450
1575 1439
1609 126
1801 1445
430 1266
392 192
139 1109
876 859
203 28
1345 152
999 1430
1656 1718
319 1319
1364 36
1077 1561
990 644
654 1687
1260 426
1333 1800
112 374
1443 517
441 1024
1707 798
65 1504
397 1474
325 1630
1735 1006
637 1369
225 428
1669 307
345 1355
941 521
1742 450
755 1151
1387 286
553 978
745 597
91 695
299 1052
1424 1382
1017 373
653 40
815 573
1339 1116
1518 38
816 1300
1381 608
1193 636
1347 1329
1482 1519
1450 774
1439 639
126 739
1445 237
1266 241
192 1444
1109 688
859 1227
28 258
152 498
1430 680
1718 1273
1319 1419
36 1071
1561 1724
644 968
1687 455
426 578
1800 1545
374 1085
517 84
1024 1754
798 172
1504 213
1474 1776
1630 956
1006 554
1369 697
428 719
307 261
1355 1288
521 958
450 272
1151 1612
286 1755
978 1530
597 642
695 880
1052 1283
1382 964
373 303
40 1297
573 478
1116 444
38 494
1300 722
608 937
636 1428
1329 223
1519 1703
774 777
639 1002
739 731
237 984
241 1399
1444 231
688 333
1227 1001
258 343
498 996
680 714
1273 43
1419 1064
1071 913
1724 1362
968 948
455 234
578 165
1545 421
1085 124
84 1759
1754 418
172 1559
213 1691
1776 432
956 1614
554 1108
697 31
719 1126
261 998
1288 1752
958 1045
272 1762
1612 193
1755 791
1530 367
642 814
880 1409
1283 652
964 1007
303 906
1297 1516
478 376
444 1107
494 1789
722 713
937 511
1428 1695
223 787
1703 1556
777 1219
1002 795
731 1570
984 202
1399 1697
231 736
333 1610
1001 1641
343 1021
996 344
714 868
43 1783
1064 886
913 2
1362 823
948 1019
234 1540
165 1594
421 827
124 1750
1759 390
418 599
1559 953
1691 216
432 502
1614 1636
1108 507
31 449
1126 1416
998 309
1752 761
1045 1596
1762 1376
193 463
791 657
367 1215
814 219
1409 1640
652 1471
1007 603
906 1748
1516 298
376 281
1107 568
1789 1344
713 1423
511 8
1695 960
787 907
1556 776
1219 1379
795 943
1570 1271
202 190
1697 422
736 1551
1610 217
1641 1509
1021 1622
344 1627
868 749
1783 770
886 1084
2 118
823 1180
1019 1016
1540 1772
1594 1536
827 530
1750 188
390 1788
599 1383
953 448
216 481
502 1367
1636 497
507 805
449 1258
1416 613
309 471
761 1282
1596 1398
1376 1686
463 1655
657 171
1215 224
219 317
1640 821
1471 981
603 962
1748 1188
298 1745
281 789
568 262
1344 53
1423 380
8 768
960 1503
907 606
776 1320
1379 95
943 1739
1271 1346
190 718
422 1322
1551 488
217 443
1509 1136
1622 1520
1627 232
749 1650
770 1199
1084 328
118 490
1180 383
1016 973
1772 1338
1536 944
530 1577
188 1603
1788 131
1383 616
448 1621
481 1201
1367 1407
497 884
805 1410
1258 812
613 78
471 1154
1282 1145
1398 741
1686 35
1655 352
171 26
224 362
317 1253
821 205
981 594
962 259
1188 1467
1745 645
789 1813
262 901
53 1499
380 1129
768 885
1503 803
606 825
1320 1765
95 954
1739 1211
1346 210
718 592
1322 917
488 1102
443 332
1136 1287
1520 1392
232 103
1650 1553
1199 524
328 314
490 42
383 533
973 164
1338 229
944 1047
1577 117
1603 1349
131 621
616 1356
1621 1485
1201 666
1407 1242
884 746
1410 1284
812 894
78 1224
1154 762
1145 1437
741 1567
35 1778
352 1459
26 1146
362 921
1253 915
205 1798
594 708
259 1375
1467 338
645 174
1813 1797
901 1434
1499 1165
1129 1782
885 1127
803 1583
825 1502
1765 1552
954 797
1211 47
210 986
592 83
917 1061
1102 1163
332 375
1287 1624
1392 1034
103 1178
1553 197
524 1245
314 835
42 1456
533 1324
164 1628
229 947
1047 692
117 643
1349 802
621 1011
1356 442
1485 1160
666 735
1242 641
746 1429
1284 1185
894 115
1224 1183
762 154
1437 1247
1567 1651
1778 1310
1459 783
1146 1241
921 69
915 123
1798 1095
708 1246
1375 1394
338 1079
174 611
1797 1440
1434 304
1165 864
1782 1500
1127 1446
1583 7
1502 1
1552 424
797 266
47 1574
986 877
83 863
1061 446
1163 289
375 1426
1624 698
1034 1513
1178 1336
197 1354
1245 260
835 356
1456 1664
1324 699
1628 1421
947 177
692 1118
643 951
802 1289
1011 1280
442 1170
1160 49
735 1226
641 988
1429 242
1185 1181
115 1112
1183 624
154 265
1247 201
1651 1018
1310 1348
783 270
1241 615
69 1681
123 72
1095 1649
1246 353
1394 513
1079 558
611 1418
1440 194
304 1030
864 1133
1500 420
1446 400
7 1528
1 724
424 1216
266 1196
1574 669
877 1342
863 58
446 1615
289 187
1426 99
698 1239
1513 1448
1336 1372
1354 292
260 1517
356 1593
1664 1155
699 734
1421 1132
177 1402
1118 296
951 607
1289 408
1280 1632
1170 648
49 1038
1226 1804
988 1489
242 46
1181 1272
1112 1486
624 661
265 522
201 410
1018 436
1348 1521
270 754
615 509
1681 75
72 1639
1649 94
353 1501
513 487
558 926
1418 977
194 452
1030 582
1133 1604
420 145
400 1100
1528 1097
724 971
1216 1228
1196 1805
669 858
1342 729
58 1510
1615 209
187 1092
99 465
1239 546
1448 1408
1372 349
292 1744
1517 385
1593 1220
1155 1447
734 1012
1132 1317
1402 129
296 881
607 1506
408 453
1632 1309
648 685
1038 581
1804 493
1489 1131
46 1442
1272 114
1486 1191
661 800
522 1105
410 796
436 560
1521 563
754 4
509 920
75 1004
1639 647
94 183
1501 1602
487 291
926 602
977 1705
452 676
582 1785
1604 1213
145 665
1100 15
1097 1043
971 391
1228 1495
1805 819
858 1332
729 1243
1510 138
209 1757
1092 908
465 280
546 982
1408 1458
349 1714
1744 586
385 416
1220 1464
1447 1326
1012 764
1317 1134
129 305
881 804
1506 1667
453 233
1309 650
685 3
581 1629
493 228
1131 1037
1442 1652
114 1217
1191 1569
800 403
1105 1414
796 1153
560 674
563 561
4 547
920 142
1004 1138
647 1712
183 306
1602 1003
291 431
602 1600
1705 1067
676 1415
1785 1585
1213 737
665 239
15 1673
1043 806
391 1613
1495 1779
819 1657
1332 311
1243 841
138 1187
1757 935
908 1578
280 1796
982 1496
1458 1793
1714 931
586 1425
416 556
1464 1023
1326 411
764 427
1134 405
305 460
804 1125
1667 364
233 208
650 535
3 1276
1629 121
228 936
1037 79
1652 959
1217 1281
1569 792
403 728
1414 1048
1153 407
674 869
561 794
547 710
142 1780
1138 50
1712 950
306 207
1003 732
431 1027
1600 1791
1067 1794
1415 1298
1585 200
737 690
239 413
1673 857
806 1769
1613 672
1779 784
1657 542
311 1554
841 1631
1187 186
935 57
1578 686
1796 771
1496 1723
1793 1515
931 276
1425 222
556 1303
1023 143
411 1548
427 1526
405 1179
460 34
1125 290
364 459
208 1157
535 651
1276 167
121 1726
936 1351
79 1431
959 1475
1281 1221
792 1141
728 1698
1048 500
407 1172
869 1592
794 817
710 1533
1780 482
50 671
950 927
207 1008
732 67
1027 388
1791 1661
1794 1124
1298 1268
200 90
690 1074
413 1087
857 348
1769 1727
672 1477
784 620
542 1580
1554 605
1631 214
186 945
57 140
686 1558
771 1608
1723 1728
1515 368
276 1028
222 683
1303 1096
143 562
1548 1093
1526 550
1179 963
34 1433
290 1115
459 895
1157 1731
651 70
167 1764
1726 878
1351 1321
1431 1378
1475 1738
1221 1543
1141 32
1698 329
500 119
1172 678
1592 538
817 191
1533 12
482 1480
671 633
927 1049
1008 1476
67 949
388 1113
1661 1325
1124 979
1268 98
90 909
1074 1730
1087 1218
348 811
1727 480
1477 1075
620 1311
1580 1090
605 1463
214 1035
945 882
140 1532
1558 747
1608 85
1728 25
368 111
1028 1360
683 1811
1096 105
562 717
1093 1465
550 1238
963 470
1433 1328
1115 515
895 1395
1731 1368
70 583
1764 1646
878 1308
1321 339
1378 1373
1738 320
1543 839
32 898
329 1468
119 1149
678 33
538 1060
191 1144
12 1176
1480 287
633 271
1049 1666
1476 1671
949 1161
1113 92
1325 532
979 93
98 693
909 1058
1730 148
1218 701
811 715
480 113
1075 77
1311 116
1090 127
1463 1292
1035 1638
882 843
1532 788
747 1033
85 1352
25 499
111 912
1360 1637
1811 1753
105 893
717 617
1465 1676
1238 1537
470 684
1328 874
515 914
1395 753
1368 1523
583 206
1646 1015
1308 667
339 268
1373 179
320 1076
839 664
898 1492
1468 27
1149 9
33 593
1060 828
1144 1420
1176 1511
287 176
271 1749
1666 629
1671 1645
1161 363
92 675
532 965
93 590
693 485
1058 961
148 751
701 86
715 618
113 1391
77 942
116 831
127 361
1292 660
1638 1086
843 1377
788 1225
1033 930
1352 656
499 596
912 888
1637 995
1753 220
893 393
617 809
1676 682
1537 1487
684 1306
874 335
914 551
753 1261
1523 351
206 838
1015 52
667 1736
268 508
179 334
1076 566
664 227
1492 1483
27 1202
9 1205
593 1089
828 315
1420 1036
1511 939
176 1715
1749 662
629 503
1645 423
363 1709
675 484
965 567
590 1729
485 525
961 1595
751 1083
86 150
618 1787
1391 1534
942 681
831 1233
361 1222
660 447
1086 1200
1377 82
1225 1634
930 1773
656 461
596 80
888 972
995 253
220 1025
393 883
809 1384
682 1259
1487 71
1306 1670
335 989
551 711
1261 476
351 1236
838 1531
52 1449
1736 1767
508 1740
334 1626
566 1498
227 54
1483 1644
1202 1455
1205 1706
1089 182
315 1588
1036 1223
939 19
1715 904
662 1401
503 120
423 1733
1709 1451
484 727
567 1174
1729 1653
525 572
1595 786
1083 310
150 1337
1787 1397
1534 1457
681 1197
1233 110
1222 531
447 591
1200 59
82 853
1634 622
1773 855
461 1020
80 1302
972 454
253 974
1025 610
883 243
1384 1286
1259 1514
71 263
1670 1454
989 983
711 640
476 1802
1236 370
1531 634
1449 1299
1767 360
1740 1566
1626 957
1498 1168
54 689
1644 247
1455 178
1706 756
182 44
1588 1790
1223 1470
19 369
904 73
1401 721
120 1606
1733 496
1451 738
727 512
1174 185
1653 763
572 51
786 1435
310 1601
1337 1565
1397 923
1457 1206
1197 549
110 1301
531 1054
591 133
59 1080
853 924
622 830
855 938
1020 1135
1302 437
454 544
974 1564
610 244
243 1312
1286 399
1514 97
263 1270
1454 1422
983 1527
640 1062
1802 1088
370 1581
634 870
1299 934
360 1803
1566 435
957 1400
1168 1396
689 1343
247 1234
178 587
756 1620
44 1101
1790 1472
1470 107
369 144
73 1786
721 406
1606 848
496 1774
738 13
512 1380
185 269
763 155
51 780
1435 1560
1601 1756
1565 849
923 1597
1206 336
549 238
1301 1055
1054 240
133 516
1080 1173
924 723
830 1014
938 910
1135 1452
437 1659
544 1386
1564 952
244 1158
1312 104
399 1103
97 1643
1270 1618
1422 1589
1527 1117
1062 1747
1088 1385
1581 1119
870 300
934 409
1803 1713
435 88
1400 1249
1396 282
1343 221
1234 467
587 1660
1620 1314
1101 1363
1472 709
107 1568
144 1212
1786 925
406 1734
848 760
1774 404
13 1413
1380 1770
269 576
155 366
780 327
1560 1508
1756 1473
849 1441
1597 283
336 1692
238 1059
1055 580
240 1405
516 966
1173 1248
723 456
1014 429
910 255
1452 346
1659 1654
1386 199
952 1208
1158 1784
104 1760
1103 491
1643 323
1618 1689
1589 230
1117 1313
1747 60
1385 773
1119 1081
300 162
409 1361
1713 543
88 173
1249 833
282 1323
221 395
467 198
1660 355
1314 929
1363 211
709 1104
1568 1069
1212 20
925 994
1734 1066
760 1231
404 1642
1413 1808
1770 1702
576 1541
366 577
327 1371
1508 1555
1473 158
1441 1331
283 1693
1692 451
1059 1164
580 1694
1405 691
966 1039
1248 970
456 696
429 501
255 1547
346 1290
1654 552
199 1582
1208 477
1784 457
1760 1542
491 528
323 766
1689 1388
230 347
1313 226
60 419
773 76
1081 759
162 401
1361 398
543 1244
173 614
833 707
1323 62
395 301
198 279
355 495
929 128
211 1195
1104 1264
1069 1295
20 742
994 1148
1066 1235
1231 1009
1642 703
1808 1737
1702 1716
1541 166
577 439
1371 1022
1555 1529
158 341
1331 1557
1693 1250
451 772
1164 1210
1694 1576
691 381
1039 1000
970 1417
696 468
501 1114
1547 1167
1290 1070
552 55
1582 415
477 396
457 1162
1542 377
528 365
766 866
1388 1341
347 1254
226 1411
419 354
76 294
759 136
401 1072
398 1214
1244 1809
614 1122
707 466
62 1484
301 890
279 1252
495 417
128 252
1195 1683
1264 1192
1295 134
742 48
1148 649
1235 108
1009 540
703 765
1737 1120
1716 1546
166 985
439 1761
1022 1617
1529 1685
341 302
1557 1432
1250 635
772 1230
1210 473
1576 889
381 469
1000 856
1417 1619
468 976
1114 1278
1167 87
1070 1169
55 1607
415 845
396 1717
1162 600
377 1370
365 534
866 510
1341 826
1254 663
1411 569
354 867
294 991
136 106
1072 1587
1214 1633
1809 275
1122 479
466 677
1484 872
890 313
1252 274
417 1121
252 860
1683 1209
1192 14
134 288
48 548
649 820
108 1057
540 1505
765 922
1120 378
1546 1479
985 264
1761 156
1617 767
1685 1758
302 1335
1432 1389
635 861
1230 254
473 293
889 801
469 626
856 750
1619 1665
976 916
1278 743
87 316
1169 1358
1607 1675
845 1679
1717 56
600 462
1370 1293
534 1708
510 887
826 847
663 899
569 940
867 619
991 775
106 109
1587 1305
1633 412
275 1810
479 141
677 808
872 875
313 967
274 1549
1121 1746
860 730
1209 793
14 132
288 489
548 1139
820 1203
1057 1255
1505 818
922 472
378 1453
1479 1152
264 850
156 523
767 1182
1758 702
1335 11
1389 153
861 601
254 215
293 101
801 822
626 897
750 584
1665 911
916 1611
743 1438
316 1572
1358 706
1675 1538
1679 1065
56 1175
462 844
1293 256
1708 1522
887 1701
847 1374
899 785
940 1403
619 1186
775 1584
109 829
1305 189
412 1041
1810 382
141 330
808 694
875 1699
967 570
1549 545
1746 1678
730 1031
793 1412
132 609
489 1010
1139 284
1203 458
1255 151
818 483
472 955
1453 655
1152 1427
850 903
523 1668
1182 668
702 161
11 278
153 1142
601 122
215 565
101 1812
822 625
897 1291
584 1068
911 175
1611 519
1438 1123
1572 987
706 204
1538 997
1065 865
1175 1330
844 536
256 504
1522 506
1701 1171
1374 779
785 318
1403 687
1186 146
1584 212
829 1177
189 1677
1041 1294
382 1159
330 1366
694 1013
1699 541
570 630
545 1091
1678 505
1031 824
1412 1207
609 1147
1010 285
284 1265
458 218
151 125
483 1491
955 1616
655 236
1427 837
903 433
1668 147
668 1771
161 1524
278 919
1142 604
122 557
565 928
1812 992
625 1571
1291 1263
1068 1525
175 386
519 1053
1123 1806
987 1156
204 1190
997 1719
865 169
1330 1040
536 1663
504 371
506 277
1171 1704
779 438
318 623
687 514
146 1365
212 758
1177 612
1677 22
1294 402
1159 638
1366 387
1013 1111
541 1598
630 350
1091 1590
505 873
824 1204
1207 526
1147 1599
285 725
1265 852
218 357
125 631
1491 1032
1616 1334
236 658
837 1166
