1709
1070 1046
1070 1093
1070 832
1046 1360
1046 1101
1046 901
1093 1124
832 805
832 973
832 945
832 883
1360 58
1360 1023
1101 43
1101 1419
901 263
901 1226
901 915
1124 384
1124 438
805 1428
805 1494
973 1036
973 1689
973 1252
945 956
883 1671
883 782
883 4
58 1447
58 1553
58 710
58 1077
1023 1314
43 219
43 511
43 289
1419 616
1419 1460
1419 220
263 1653
263 1022
263 893
263 1695
1226 73
1226 468
1226 1198
915 477
915 1298
915 188
384 1617
384 116
384 1203
384 791
438 1058
438 1363
438 1607
438 1424
1428 664
1428 1028
1428 286
1494 1628
1494 1678
1036 1367
1036 886
1036 1560
1036 821
1689 190
1689 1558
1689 399
1689 1159
1252 1506
1252 316
1252 497
956 746
956 32
956 529
1671 67
1671 554
1671 984
1671 662
782 602
782 1125
782 1286
782 1068
4 335
4 123
4 1180
1447 175
1447 1543
1447 467
1553 614
710 368
1077 35
1077 455
1314 966
1314 854
1314 575
219 275
219 714
219 536
511 873
511 1597
511 672
289 1302
616 740
616 313
616 626
1460 362
220 5
220 793
1653 564
1022 242
893 466
893 500
1695 724
73 299
73 44
73 1578
468 1000
1198 1356
1198 111
477 549
1298 576
188 221
188 420
1617 1197
116 16
1203 847
1203 1371
791 374
1058 683
1363 1579
1363 1453
1607 822
1607 1405
1424 875
1424 1035
664 13
1028 1430
286 1129
1628 499
1678 952
1367 803
1367 1050
886 168
1560 923
1560 1373
821 726
190 1640
190 29
1558 1345
1558 239
399 610
1159 1260
1506 1033
1506 1259
316 580
316 280
497 104
746 1539
32 1562
529 784
67 339
554 762
984 1680
662 1429
602 1566
1125 688
1286 510
1068 371
335 226
123 929
1180 154
175 1443
1543 850
467 298
614 709
368 495
35 1532
455 1063
966 1667
854 931
575 1503
275 1478
714 1308
536 677
873 587
1597 1084
672 1064
1302 1414
740 1147
313 453
626 1091
362 751
5 1293
793 882
564 1369
242 1621
466 375
500 696
724 1385
299 352
44 1399
1578 680
1000 1645
1356 222
111 979
549 1079
576 1322
221 1580
420 978
1197 1515
16 1441
847 465
1371 1168
374 1315
683 1404
1579 569
1453 1556
822 1476
1405 475
875 1143
1035 513
13 157
1430 202
1129 321
499 767
952 1351
803 1132
1050 1652
168 1499
923 870
1373 1684
726 1471
1640 1559
29 1639
1345 1636
239 995
610 1533
1260 1706
1033 428
1259 572
580 1615
280 1461
104 1184
1539 173
1562 179
784 117
339 1294
762 427
1680 1010
1429 216
1566 630
688 259
510 542
371 852
226 991
929 749
154 1105
1443 1188
850 250
298 272
709 1268
495 684
1532 159
1063 1245
1667 349
931 589
1503 285
1478 470
1308 331
677 804
587 1564
1084 96
1064 1381
1414 1266
1147 1398
453 971
1091 450
751 1312
1293 1304
882 1600
1369 1311
1621 860
375 1235
696 134
1385 1292
352 604
1399 1416
680 100
1645 164
222 6
979 1131
1079 697
1322 1130
1580 1169
978 516
1515 462
1441 959
465 1452
1168 745
1315 1709
1404 1650
569 905
1556 243
1476 186
475 2
1143 894
513 1675
157 70
202 611
321 1052
767 83
1351 181
1132 960
1652 1445
1499 1666
870 183
1684 18
1471 855
1559 625
1639 1406
1636 530
995 1320
1533 1692
1706 57
428 136
572 234
1615 155
1461 633
1184 122
173 1273
179 309
117 1576
1294 75
427 1567
1010 1670
216 651
630 356
259 1479
542 318
852 1538
991 1548
749 1626
1105 1034
1188 1524
250 546
272 1331
1268 1438
684 52
159 919
1245 1204
349 498
589 1013
285 841
470 1608
331 1092
804 71
1564 631
96 413
1381 1605
1266 279
1398 65
971 719
450 437
1312 433
1304 1612
1600 944
1311 992
860 514
1235 1629
134 1209
1292 504
604 974
1416 722
100 436
164 170
6 1488
1131 825
697 94
1130 1301
1169 1049
516 193
462 246
959 1647
1452 1644
745 410
1709 87
1650 534
905 887
243 231
186 1016
2 1056
894 1193
1675 1581
70 1686
611 59
1052 294
83 528
181 293
960 343
1445 1172
1666 891
183 553
18 1590
855 834
625 256
1406 815
530 909
1320 659
1692 130
57 520
136 196
234 1589
155 277
633 820
122 1047
1273 1155
309 1098
1576 892
75 1359
1567 1280
1670 795
651 766
356 648
1479 674
318 1118
1538 225
1548 1450
1626 986
1034 835
1524 647
546 1643
1331 600
1438 460
52 1191
919 203
1204 1656
498 42
1013 276
841 888
1608 605
1092 482
71 1455
631 507
413 755
1605 1554
279 395
65 545
719 1570
437 205
433 785
1612 215
944 1251
992 161
514 1483
1629 1541
1209 322
504 1690
974 965
722 1153
436 1297
170 525
1488 1342
825 1120
94 400
1301 206
1049 1463
193 160
246 1536
1647 300
1644 1066
410 1513
87 1329
534 1299
887 1237
231 1321
1016 567
1056 691
1193 1306
1581 1071
1686 169
59 747
294 459
528 1550
293 1434
343 1144
1172 306
891 1283
553 398
1590 903
834 1002
256 618
815 1448
909 654
659 1509
130 1585
520 1687
196 708
1589 1152
277 689
820 1255
1047 47
1155 941
1098 1435
892 508
1359 358
1280 813
795 1529
766 446
648 1014
674 588
1118 733
225 1165
1450 586
986 629
835 1030
647 432
1643 194
600 866
460 423
1191 469
203 598
1656 133
42 1584
276 1110
888 1633
605 1440
482 713
1455 1048
507 307
755 690
1554 1122
395 1210
545 1394
1570 518
205 889
785 926
215 351
1251 1038
161 1449
1483 416
1541 877
322 509
1690 522
965 1604
1153 1703
1297 1669
525 1328
1342 163
1120 1384
400 748
206 1496
1463 1128
160 1624
1536 457
300 1089
1066 1270
1513 1641
1329 387
1299 526
1237 910
1321 695
567 963
691 597
1306 947
1071 385
169 3
747 1025
459 678
1550 512
1434 403
1144 1568
306 837
1283 1262
398 1325
903 1415
1002 1346
618 1480
1448 916
654 711
1509 1265
1585 1520
1687 1241
708 1660
1152 1638
689 1485
1255 1458
47 932
941 942
1435 1215
508 1026
358 1194
813 814
1529 867
446 151
1014 129
588 1061
733 890
1165 862
586 712
629 345
1030 809
432 1340
194 1087
866 1243
423 1019
469 1039
598 232
133 1676
1584 735
1110 849
1633 758
1440 698
713 254
1048 798
307 1186
690 1158
1122 7
1210 95
1394 1489
518 1546
889 658
926 456
351 558
1038 864
1449 1017
416 641
877 818
509 501
522 426
1604 874
1703 621
1669 878
1328 1127
163 936
1384 145
748 1317
1496 1290
1128 1610
1624 1593
457 1495
1089 856
1270 1083
1641 93
387 768
526 590
910 138
695 1362
963 78
597 150
947 1573
385 1275
3 1060
1025 463
678 715
512 577
403 197
1568 240
837 1477
1262 288
1325 1682
1415 1024
1346 1269
1480 1134
916 224
711 442
1265 671
1520 574
1241 1547
1660 1432
1638 1146
1485 650
1458 596
932 871
942 760
1215 1224
1026 102
1194 505
814 213
867 378
151 86
129 808
1061 1412
890 957
862 55
712 295
345 682
809 759
1340 584
1087 209
1243 97
1019 1368
1039 1473
232 1029
1676 964
735 734
849 561
758 675
698 859
254 922
798 297
1186 452
1158 1117
7 1378
95 670
1489 753
1546 98
658 1337
456 139
558 165
864 811
1017 844
641 578
818 447
501 364
426 868
874 543
621 267
878 601
1127 1397
936 1162
145 1227
1317 968
1290 702
1610 440
1593 1100
1495 999
856 720
1083 1497
93 1296
768 958
590 332
138 235
1362 200
78 1407
150 1113
1573 1365
1275 660
1060 409
463 668
715 1510
577 1518
197 1238
240 1586
1477 1145
288 1693
1682 46
1024 1526
1269 1505
1134 45
224 608
442 105
671 790
574 218
1547 933
1432 1484
1146 418
650 1528
596 296
871 1370
760 704
1224 379
102 204
505 380
213 319
378 1212
86 406
808 131
1412 639
957 1466
55 1457
295 1121
682 1444
759 290
584 397
209 1490
97 419
1368 429
1473 1694
1029 199
964 1439
734 934
561 1594
675 1090
859 320
922 1154
297 172
452 1420
1117 1388
1378 765
670 1185
753 1231
98 830
1337 21
139 843
165 9
811 1140
844 342
578 829
447 89
364 1691
868 823
543 109
267 1574
601 732
1397 1160
1162 53
1227 771
968 949
702 851
440 40
1100 464
999 930
720 566
1497 283
1296 1565
958 773
332 863
235 1679
200 223
1407 360
1113 1264
1365 1347
660 1551
409 1379
668 124
1510 1195
1518 972
1238 667
1586 396
1145 1705
1693 761
46 474
1526 951
1505 506
45 1202
608 669
105 900
790 479
218 81
933 1657
1484 1549
418 391
1528 925
296 865
1370 472
704 807
379 255
204 872
380 1348
319 739
1212 812
406 287
131 1295
639 1099
1466 1602
1457 20
1121 38
1444 1323
290 1059
397 1668
1490 1271
419 789
429 1176
1694 1472
199 1535
1439 260
934 1512
1594 1005
1090 1230
320 907
1154 1507
172 493
1420 1357
1388 1456
765 415
1185 103
1231 975
830 998
21 1284
843 1107
9 961
1140 839
342 742
829 819
89 1375
1691 85
823 1349
109 1527
1574 36
732 444
1160 607
53 1659
771 394
949 1707
851 82
40 1326
464 1358
930 1658
566 845
283 1261
1565 1619
773 1393
863 149
1679 1383
223 838
360 367
1264 1508
1347 1482
1551 836
1379 663
124 228
1195 1663
972 1481
667 141
396 23
1705 523
761 211
474 451
951 750
506 962
1202 1072
669 1632
900 1599
479 1545
81 1491
1657 1361
1549 486
391 1108
925 810
865 757
472 334
807 948
255 1324
872 1008
1348 341
739 619
812 1211
287 1040
1295 1355
1099 132
1602 1088
20 147
38 233
1323 622
1059 424
1668 1216
1271 637
789 515
1176 1699
1472 927
1535 737
260 788
1512 1376
1005 879
1230 1055
907 769
1507 1213
493 72
1357 989
1456 386
415 1220
103 101
975 876
998 187
1284 938
1107 848
961 1163
839 1493
742 252
819 61
1375 1534
85 1500
1349 1467
1527 1655
36 135
444 1136
607 982
1659 1244
394 1111
1707 1421
82 1436
1326 1011
1358 939
1658 445
845 623
1261 858
1619 993
1393 407
149 1233
1383 1411
838 214
367 361
1508 14
1482 1256
836 736
663 1181
228 1104
1663 1704
1481 673
141 1501
23 686
523 898
211 88
451 827
750 783
962 794
1072 1222
1632 184
1599 1514
1545 1400
1491 326
1361 1469
486 1431
1108 1382
810 198
757 826
334 1300
948 550
1324 333
1008 694
341 312
619 1279
1211 1408
1040 1577
1355 1654
132 681
1088 741
147 408
233 1309
622 1041
424 461
1216 323
637 1009
515 114
1699 1178
927 1020
737 402
788 1511
1376 1696
879 192
1055 1007
769 896
1213 1164
72 1531
989 1097
386 937
1220 1175
101 1054
876 1327
187 1557
938 74
848 355
1163 405
1493 182
252 763
61 1141
1534 1451
1500 774
1467 570
1655 373
135 665
1136 1307
982 69
1244 1102
1111 533
1421 113
1436 652
1011 17
939 1700
445 1080
623 1417
858 328
993 908
407 1339
1233 772
1411 357
214 266
361 1239
14 997
1256 881
736 1201
1181 1683
1104 22
1704 1267
673 1464
1501 853
686 30
898 1635
88 538
827 490
783 292
794 471
1222 106
184 1413
1514 642
1400 91
326 824
1469 430
1431 66
1382 1015
198 778
826 950
1300 880
550 171
333 609
694 1402
312 1192
1279 1674
1408 1095
1577 217
1654 1613
681 1492
741 1519
408 1187
1309 857
1041 571
461 435
323 41
1009 787
114 1177
1178 756
1020 1086
402 764
1511 412
1696 1232
192 1634
1007 568
896 559
1164 1427
1531 1601
1097 15
937 247
1175 1661
1054 592
1327 492
1557 153
74 441
355 262
405 148
182 1065
763 1258
1141 828
1451 606
774 1627
570 955
373 1274
665 1537
1307 1475
69 1701
1102 1247
533 1042
113 366
652 1569
17 1018
1700 1115
1080 270
1417 591
328 365
908 1530
1339 1123
772 485
357 48
266 581
1239 723
997 1395
881 1223
1201 1504
1683 1390
22 1698
1267 1517
1464 817
853 264
30 1572
1635 1648
538 110
490 481
292 1012
471 1114
106 1611
1413 64
642 655
91 236
824 634
430 251
66 1003
1015 701
778 178
950 551
880 717
171 166
609 981
1402 1206
1192 1027
1674 1109
1095 24
217 227
1613 770
1492 1389
1519 489
1187 521
857 1199
571 1474
435 612
41 555
787 1043
1177 1139
756 12
1086 869
764 274
412 1250
1232 779
1634 902
568 943
559 359
1427 478
1601 92
15 897
247 210
1661 1588
592 699
492 1150
153 1281
441 325
262 1561
148 1057
1065 729
1258 1697
828 311
606 1563
1627 1350
955 268
1274 1157
1537 679
1475 317
1701 1446
1247 1032
1042 540
366 1571
1569 1330
1018 1067
1115 969
270 31
591 1403
365 565
1530 1544
1123 924
485 1625
48 752
581 918
723 1334
1395 1433
1223 1523
1504 1310
1390 1465
1698 1685
1517 921
817 346
264 1598
1572 1681
1648 401
110 615
481 692
1012 1409
1114 904
1611 738
64 990
655 1582
236 80
634 1001
251 207
1003 1708
701 381
178 327
551 797
717 1112
166 1179
981 146
1206 620
1027 1062
1109 954
24 344
227 1422
770 1354
1389 987
489 281
521 953
1199 786
1474 112
612 1
555 422
1043 291
1139 946
12 68
869 1542
274 716
1250 1174
779 1575
902 1277
943 1470
359 284
478 305
92 1372
897 1552
210 537
1588 1156
699 1081
1150 77
1281 1591
325 390
1561 1253
1057 1410
729 1074
1697 1229
311 212
1563 730
1350 517
268 458
1157 1637
679 119
317 1426
1446 780
1032 635
540 324
1571 33
1330 1240
1067 802
969 336
31 303
1403 189
565 1623
1544 121
924 705
1625 1225
752 1423
918 376
1334 1282
1433 314
1523 1208
1310 636
1465 1285
1685 8
921 1142
346 449
1598 1004
1681 1665
401 1335
615 613
692 26
1409 1336
904 487
738 377
990 1502
1582 1702
80 700
1001 1218
207 126
1708 1353
381 1205
327 229
797 911
1112 1606
1179 1459
146 1006
620 434
1062 278
954 370
344 1219
1422 645
1354 912
987 1596
281 582
953 1166
786 816
112 27
1 1242
422 448
291 488
946 120
68 556
1542 595
716 657
1174 261
1575 985
1277 988
1470 1288
284 265
305 1316
1372 140
1552 527
537 1257
1156 806
1081 801
77 913
1591 920
390 1486
1253 125
1410 1595
1074 496
1229 1138
212 1462
730 350
517 884
458 1096
1637 50
119 1082
1426 473
780 1133
635 39
324 1170
33 372
1240 1614
802 1338
336 176
303 846
189 1190
1623 63
121 917
705 649
1225 976
1423 585
376 744
1282 940
314 1366
1208 1313
636 107
1285 1333
8 483
1142 1673
449 51
1004 476
1665 544
1335 1149
613 1630
26 49
1336 25
487 579
377 535
1502 310
1702 1217
700 1196
1218 727
126 861
1353 257
1205 1688
229 1106
911 1677
1606 1616
1459 127
1006 271
434 627
278 1343
370 439
1219 195
645 1620
912 383
1596 1651
582 599
1166 799
816 775
27 1214
1242 137
448 503
488 1094
120 1254
556 329
595 1078
657 158
261 60
985 1364
988 245
1288 19
265 393
1316 532
140 484
527 249
1257 728
806 258
801 34
913 935
920 632
1486 1200
125 796
1595 443
496 928
1138 1468
1462 1487
350 840
884 1418
1096 666
50 162
1082 1341
473 1374
1133 644
39 573
1170 191
372 624
1614 1521
1338 661
176 238
846 1664
1190 1248
63 731
917 363
649 906
976 248
585 914
744 548
940 687
1366 831
1313 1592
107 1609
1333 180
483 62
1673 1053
51 643
476 1587
544 425
1149 1135
1630 1272
49 156
25 1649
579 593
535 230
310 244
1217 1454
1196 1522
727 142
861 304
257 174
1688 721
1106 524
1677 1391
1616 99
127 128
271 519
627 382
1343 143
439 1278
195 1276
1620 899
383 792
1651 1631
599 833
799 547
775 1642
1214 1662
137 1126
503 1207
1094 1352
1254 84
329 1672
1078 1442
158 1246
60 502
1364 725
245 531
19 842
393 491
532 431
484 1249
249 895
728 108
258 494
34 1646
935 1228
632 388
1200 693
796 583
443 1319
928 552
1468 1498
1487 354
840 776
1418 118
666 1305
162 885
1341 1075
1374 201
644 777
573 1051
191 656
624 392
1521 37
661 79
238 1037
1664 1045
1248 1103
731 1437
363 253
906 1583
248 685
914 557
548 340
687 970
831 308
1592 28
1609 414
180 1555
62 646
1053 541
643 983
1587 56
425 1044
1135 1289
1272 90
156 653
1649 421
593 800
230 1396
244 703
1454 563
1522 967
142 1516
304 241
174 389
721 338
524 1148
1391 1263
99 781
128 269
519 1171
382 1182
143 1287
1278 1332
1276 1173
899 1151
792 1386
1631 980
833 977
547 10
1642 1344
1662 1073
1126 1525
1207 417
1352 1189
84 167
1672 1221
1442 1291
1246 603
502 1161
725 1116
531 1021
842 1603
491 1618
431 1076
1249 718
895 594
108 539
494 115
1646 562
1228 369
388 1119
693 1183
583 301
1319 743
552 282
1498 1401
354 353
776 454
118 404
1305 347
885 480
1075 330
201 1234
777 1137
1051 11
656 315
392 273
37 1031
79 54
1037 1303
1045 237
1103 302
1437 638
253 617
1583 337
685 996
557 76
340 1318
970 628
308 152
28 1622
414 348
1555 706
646 208
541 185
983 676
56 707
1044 560
1289 177
90 1069
653 1425
421 640
800 1540
1396 411
703 144
563 994
967 1085
1516 754
241 1236
389 1387
338 1167
1148 1392
1263 1377
781 1380
