2042
1083 1267
1083 432
1267 1609
1267 501
1267 1800
432 1539
432 812
432 458
1609 134
501 1036
501 1437
501 586
501 932
1800 992
1539 1504
1539 1957
812 2031
812 1340
458 1801
458 1054
134 241
134 289
134 355
134 1573
1036 1260
1036 133
1036 999
1437 1748
1437 931
586 1583
932 1704
992 1080
1504 1538
1504 58
1504 1873
1957 1161
2031 894
2031 1890
2031 1889
1340 863
1340 67
1340 172
1801 443
1801 912
1801 1547
1054 699
1054 602
1054 1518
241 1731
241 872
289 1829
289 207
355 1033
1573 478
1573 390
1573 154
1573 492
1260 1149
1260 938
1260 538
1260 299
133 882
999 577
999 1209
999 979
999 1755
1748 1520
1748 194
1748 1782
931 495
1583 1273
1583 661
1583 881
1704 420
1080 1511
1080 1467
1080 706
1080 678
1538 1000
1538 1908
1538 2010
58 1253
58 949
58 1243
1873 214
1873 329
1161 895
1161 1866
894 21
894 750
894 1921
894 496
1890 665
1890 1038
1889 1016
863 582
863 1534
67 1837
172 1319
172 508
172 1111
172 708
443 517
912 997
912 1679
1547 183
1547 653
1547 964
699 345
699 46
699 1347
602 220
602 1698
602 1455
1518 1742
1731 756
1731 1224
872 117
872 785
1829 1275
207 1910
1033 892
1033 1850
478 498
390 406
154 189
492 1489
1149 1159
938 759
538 583
299 159
882 1136
577 1565
1209 196
979 736
1755 1072
1520 308
194 1274
1782 1887
495 854
1273 365
661 1405
881 401
420 1186
1511 1495
1467 1337
706 59
678 1384
1000 1983
1908 138
2010 54
1253 422
949 1590
1243 844
214 279
329 315
895 284
1866 1238
21 573
750 638
1921 1615
496 1981
665 477
1038 1584
1016 1811
582 1966
1534 666
1837 1217
1319 278
508 1024
1111 1996
708 1831
517 1313
997 1852
1679 1991
183 915
653 1314
964 216
345 1895
46 550
1347 1810
220 1839
1698 1453
1455 580
1742 606
756 450
1224 830
117 376
785 14
1275 52
1910 410
892 232
1850 5
498 165
406 182
189 351
1489 1515
1159 1268
759 294
583 1806
159 1868
1136 1166
1565 1716
196 1264
736 1765
1072 1815
308 529
1274 555
1887 578
854 903
365 454
1405 612
401 1990
1186 674
1495 488
1337 1443
59 982
1384 1505
1983 168
138 1751
54 1003
422 1689
1590 1199
844 153
279 25
315 1026
284 1668
1238 1183
573 202
638 1413
1615 249
1981 415
477 1015
1584 1912
1811 1093
1966 585
666 1919
1217 162
278 855
1024 258
1996 2003
1831 1931
1313 1821
1852 1410
1991 1377
915 1182
1314 1557
216 1369
1895 1402
550 301
1810 27
1839 810
1453 128
580 84
606 610
450 268
830 1131
376 1374
14 1830
52 860
410 281
232 337
5 2007
165 231
182 520
351 576
1515 1119
1268 910
294 1714
1806 1594
1868 996
1166 1543
1716 407
1264 1335
1765 428
1815 1841
529 1746
555 1215
578 24
903 1678
454 1935
612 939
1990 180
674 1805
488 1259
1443 1461
982 1892
1505 1086
168 1170
1751 260
1003 1229
1689 1237
1199 1720
153 1708
25 104
1026 421
1668 2028
1183 1356
202 1137
1413 1906
249 1728
415 685
1015 1950
1912 1409
1093 1633
585 928
1919 1695
162 559
855 2014
258 45
2003 1836
1931 300
1821 897
1410 1503
1377 502
1182 1900
1557 1431
1369 1279
1402 1263
301 955
27 1056
810 1989
128 987
84 1579
610 70
268 1478
1131 637
1374 1561
1830 447
860 688
281 497
337 1106
2007 47
231 1216
520 1231
576 885
1119 1563
910 1875
1714 1692
1594 1332
996 1654
1543 2035
407 1733
1335 1187
428 753
1841 1164
1746 1257
1215 17
24 1289
1678 1786
1935 557
939 1284
180 764
1805 1712
1259 1857
1461 1010
1892 607
1086 1791
1170 1545
260 389
1229 1327
1237 1972
1720 357
1708 436
104 417
421 384
2028 562
1356 103
1137 1071
1906 1160
1728 39
685 79
1950 1308
1409 32
1633 48
928 826
1695 204
559 1527
2014 670
45 1021
1836 700
300 1809
897 1849
1503 1571
502 1965
1900 77
1431 961
1279 1702
1263 198
955 795
1056 1961
1989 256
987 1341
1579 206
70 692
1478 342
637 849
1561 743
447 1194
688 1941
497 1946
1106 822
47 816
1216 1389
1231 1497
885 1960
1563 1192
1875 147
1692 593
1332 1929
1654 1879
2035 1917
1733 792
1187 1412
753 794
1164 1129
1257 1300
17 1158
1289 95
1786 1675
557 1081
1284 34
764 173
1712 1681
1857 1292
1010 945
607 877
1791 209
1545 424
389 1705
1327 789
1972 1422
357 374
436 1057
417 1200
384 1014
562 603
103 1155
1071 177
1160 1685
39 1426
79 533
1308 1354
32 1496
48 506
826 1479
204 1650
1527 119
670 1140
1021 1548
700 1394
1809 808
1849 339
1571 1701
1965 1468
77 1592
961 472
1702 283
198 349
795 1673
1961 1100
256 414
1341 1686
206 2021
692 402
342 1452
849 1652
743 682
1194 1634
1941 2026
1946 1189
822 211
816 69
1389 144
1497 1659
1960 831
1192 644
147 1288
593 645
1929 1151
1879 1282
1917 1110
792 711
1412 1311
794 1795
1129 325
1300 728
1158 634
95 1212
1675 608
1081 851
34 802
173 176
1681 530
1292 285
945 1447
877 683
209 1930
424 900
1705 1672
789 235
1422 1114
374 1620
1057 1596
1200 1758
1014 1241
603 858
1155 348
177 1278
1685 1255
1426 331
533 709
1354 1967
1496 525
506 200
1479 1175
1650 739
119 462
1140 61
1548 1699
1394 1663
808 677
339 1825
1701 1936
1468 1383
1592 1792
472 950
283 314
349 1171
1673 309
1100 73
414 868
1686 1680
2021 1416
402 865
1452 174
1652 461
682 2041
1634 140
2026 53
1189 86
211 476
69 1123
144 1456
1659 269
831 448
644 101
1288 1905
645 1570
1151 1085
1282 98
1110 442
711 1220
1311 654
1795 1502
325 993
728 320
634 1706
1212 456
608 966
851 514
802 1554
176 839
530 403
285 105
1447 954
683 507
1930 368
900 1588
1672 675
235 1399
1114 1628
1620 305
1596 215
1758 596
1241 1575
858 1541
348 1321
1278 1077
1255 1291
331 1371
709 1860
1967 210
525 1606
200 1688
1175 110
739 1363
462 186
61 1665
1699 244
1663 2033
677 838
1825 1924
1936 536
1383 1472
1792 1926
950 1406
314 245
1171 179
309 1397
73 1173
868 1741
1680 1785
1416 978
865 967
174 464
461 361
2041 1457
140 770
53 1108
86 1142
476 571
1123 1128
1456 804
269 1855
448 1619
101 862
1905 10
1570 510
1085 1974
98 29
442 1763
1220 584
654 1230
1502 121
993 866
320 1009
1706 1853
456 834
966 397
514 1359
1554 261
839 917
403 1551
105 1658
954 798
507 1146
368 344
1588 317
675 544
1399 1509
1628 790
305 1381
215 1008
596 360
1575 1152
1541 227
1321 1206
1077 539
1291 1798
1371 286
1860 783
210 622
1606 1823
1688 1859
110 1713
1363 1490
186 1897
1665 1150
244 426
2033 1864
838 115
1924 890
536 234
1472 1759
1926 1276
1406 698
245 1891
179 797
1397 1157
1173 1207
1741 1602
1785 1684
978 90
967 841
464 1568
361 323
1457 1048
770 847
1108 277
1142 1302
571 36
1128 554
804 326
1855 1156
1619 1195
862 669
10 1088
510 239
1974 1204
29 1331
1763 1390
584 1558
1230 689
121 362
866 2004
1009 1087
1853 714
834 470
397 590
1359 1113
261 1696
917 1
1551 1802
1658 96
798 1285
1146 26
344 1338
317 1090
544 1130
1509 1691
790 773
1381 479
1008 1002
360 1572
1152 474
227 1233
1206 99
539 1540
1798 825
286 1411
783 444
622 1636
1823 1139
1859 23
1713 772
1490 352
1897 570
1150 1818
426 33
1864 42
115 297
890 187
234 1943
1759 1240
1276 22
698 1597
1891 483
797 1091
1157 44
1207 908
1602 88
1684 318
90 516
841 1948
1568 1500
323 282
1048 1958
847 18
277 11
1302 527
36 1933
554 398
326 1272
1156 1303
1195 760
669 469
1088 1603
239 1796
1204 1822
1331 1044
1390 742
1558 1172
689 1107
362 1844
2004 924
1087 1722
714 721
470 293
590 383
1113 981
1696 1984
1 1885
1802 1888
96 911
1285 647
26 1005
1338 957
1090 7
1130 1145
1691 1225
773 1462
479 195
1002 60
1572 1934
474 1569
1233 1861
99 650
1540 1773
825 778
1411 392
444 1254
1636 429
1139 1117
23 757
772 321
352 837
570 1480
1818 701
33 761
42 887
297 1638
187 1537
1943 1578
1240 1163
22 139
1597 136
483 155
1091 453
44 242
908 296
88 1025
318 811
516 1646
1948 1379
1500 1353
282 732
1958 1198
18 28
11 1621
527 662
1933 500
398 393
1272 1372
1303 1234
760 649
469 635
1603 1939
1796 1324
1822 965
1044 473
742 1874
1172 468
1107 1531
1844 1883
924 1676
1722 382
721 1307
293 459
383 512
981 1325
1984 782
1885 893
1888 818
911 873
647 1074
1005 175
957 1528
7 1662
1145 1471
1225 676
1462 735
195 353
60 556
1934 748
1569 1060
1861 1816
650 367
1773 741
778 1871
392 1671
1254 1524
429 1863
1117 1388
757 275
321 994
837 1346
1480 265
701 446
761 1644
887 388
1638 1094
1537 332
1578 710
1163 745
139 222
136 243
155 842
453 856
242 672
296 509
1025 1118
811 840
1646 404
1379 1168
1353 636
732 809
1198 726
28 1724
1621 274
662 437
500 640
393 1487
1372 1050
1234 1252
649 64
635 1190
1939 1367
1324 633
965 292
473 859
1874 1132
468 1721
1531 1851
1883 1600
1676 1425
382 1438
1307 1013
459 1611
512 50
1325 534
782 878
893 1775
818 853
873 913
1074 1880
175 1992
1528 626
1662 1154
1471 625
676 303
735 1779
353 1840
556 641
748 181
1060 799
1816 1581
367 1513
741 916
1871 1246
1671 1055
1524 1776
1863 100
1388 463
275 1923
994 643
1346 1599
265 777
446 208
1644 1355
388 2038
1094 1626
332 548
710 160
745 1482
222 1969
243 980
842 1747
856 1988
672 1743
509 89
1118 648
840 599
404 2020
1168 137
636 1752
809 1398
726 371
1724 774
274 1283
437 372
640 1122
1487 1004
1050 324
1252 338
64 1847
1190 971
1367 363
633 788
292 651
859 977
1132 1999
1721 1097
1851 1870
1600 962
1425 205
1438 960
1013 1848
1611 1317
50 1670
534 1305
878 796
1775 1436
853 1185
913 1286
1880 1095
1992 988
626 737
1154 519
625 572
303 217
1779 1623
1840 250
641 522
181 1415
799 225
1581 358
1513 592
916 948
1246 937
1055 327
1776 985
100 1256
463 1250
1923 109
643 1610
1599 125
777 1112
208 457
1355 765
2038 843
1626 1401
548 1647
160 57
1482 400
1969 1738
980 288
1747 1222
1988 1778
1743 541
89 1020
648 616
599 1096
2020 1385
137 1450
1752 1196
1398 521
371 490
774 37
1283 832
372 1177
1122 237
1004 1460
324 423
338 1147
1847 1445
971 1947
363 690
788 898
651 145
977 30
1999 1501
1097 2039
1870 1001
962 1559
205 1018
960 976
1848 1630
1317 1221
1670 1660
1305 1318
796 438
1436 369
1185 2006
1286 1007
1095 1674
988 236
737 1642
519 1239
572 1902
217 150
1623 620
250 589
522 1918
1415 1485
225 504
358 1694
592 1938
948 561
937 1232
327 440
985 775
1256 263
1250 1973
109 1375
1610 56
125 2037
1112 253
457 203
765 151
843 624
1401 1614
1647 1533
57 1280
400 122
1738 1211
288 803
1222 1053
1778 157
541 927
1020 316
616 1328
1096 568
1385 1493
1450 786
1196 1092
521 2019
490 1595
37 763
832 1964
1177 114
237 1982
1460 940
423 1940
1147 1310
1445 546
1947 1342
690 1277
898 935
145 1362
30 1382
1501 1997
2039 1011
1001 2018
1559 445
1018 1629
976 1393
1630 1423
1221 1180
1660 998
1318 1867
438 251
369 1927
2006 673
1007 1789
1674 1223
236 776
1642 298
1239 311
1902 1970
150 1976
620 1903
589 1440
1918 2036
1485 923
504 975
1694 1552
1938 1643
561 1364
1232 1994
440 1526
775 814
263 922
1973 1012
1375 767
56 434
2037 120
253 487
203 1648
151 1784
624 805
1614 1165
1533 952
1280 405
122 1208
1211 1598
803 1898
1053 1637
157 942
927 1827
316 1358
1328 983
568 715
1493 740
786 1378
1092 762
2019 240
1595 452
763 333
1964 1613
114 1617
1982 558
940 255
1940 619
1310 905
546 1144
1342 252
1277 723
935 1553
1362 731
1382 642
1997 926
1011 697
2018 1968
445 178
1629 322
1393 598
1423 1069
1180 1631
998 1901
1867 1133
251 659
1927 902
673 1911
1789 972
1223 1420
776 1029
298 419
311 1556
1970 102
1976 1719
1903 312
1440 929
2036 1978
923 704
975 1813
1552 411
1643 1877
1364 1035
1994 1995
1526 1729
814 1138
922 8
1012 1109
767 749
434 1627
120 491
487 1693
1648 1316
1784 15
805 80
1165 1191
952 720
405 1084
1208 1645
1598 494
1898 380
1637 1793
942 1858
1827 523
1358 354
983 1718
715 291
740 1739
1378 780
762 1794
240 968
452 1414
333 850
1613 1006
1617 1153
558 1464
255 193
619 1817
905 515
1144 545
252 40
723 1059
1553 820
731 1258
642 441
926 587
697 1661
1968 1019
178 594
322 482
598 1787
1069 1287
1631 83
1901 1448
1133 1737
659 1265
902 1711
1911 946
972 660
1420 485
1029 1601
419 97
1556 944
102 503
1719 1357
312 1051
929 1790
1978 551
704 112
1813 2042
411 1612
1877 1249
1035 1306
1995 867
1729 1717
1138 1854
8 1756
1109 1522
749 1058
1627 223
491 1783
1693 1391
1316 386
15 947
80 846
1191 909
720 306
1084 806
1645 1245
494 1916
380 1247
1793 1514
1858 13
523 76
354 1213
1718 65
291 1295
1739 574
780 188
1794 1803
968 1102
1414 1042
850 1463
1006 1925
1153 611
1464 899
193 1076
1817 55
515 1727
545 1761
40 1066
1059 768
820 1333
1258 43
441 238
587 16
1661 621
1019 169
594 1975
482 1535
1787 1419
1287 290
83 919
1448 628
1737 1380
1265 604
1711 185
946 92
660 341
485 1953
1601 595
97 1764
944 1625
503 1458
1357 537
1051 848
1790 126
551 569
112 2002
2042 197
1612 784
1249 2029
1306 1281
867 130
1717 1470
1854 1804
1756 1632
1522 1562
1058 549
223 364
1783 451
1391 1667
386 1030
947 1032
846 1070
909 1882
306 1824
806 1980
1245 752
1916 1360
1247 85
1514 91
13 38
76 377
1213 1041
65 1449
1295 1549
574 1065
188 313
1803 148
1102 471
1042 746
1463 228
1925 1639
611 141
899 356
1076 869
55 1082
1727 754
1761 1944
1066 702
768 888
1333 2000
43 1296
238 475
16 1525
621 1432
169 1134
1975 1043
1535 1932
1419 6
290 656
919 1842
628 1845
1380 1819
604 1512
185 605
92 827
341 1226
1953 460
595 943
1764 1477
1625 920
1458 958
537 1040
848 1749
126 781
569 505
2002 1125
197 618
784 535
2029 1682
1281 1624
130 542
1470 1334
1804 1956
1632 1550
1562 991
549 680
364 833
451 864
1667 1271
1030 418
1032 986
1070 1116
1882 703
1824 953
1980 1135
752 1242
1360 395
85 1387
91 254
38 1184
377 1546
1041 51
1449 1421
1549 1544
1065 564
313 163
148 1508
471 346
746 1120
228 328
1639 1914
141 553
356 1986
869 2030
1082 1022
754 366
1944 791
702 484
888 257
2000 87
1296 347
475 1985
1525 1669
1432 1607
1134 995
1043 896
1932 1101
6 247
656 1856
1842 632
1845 1400
1819 2017
1512 845
605 1483
827 1429
1226 489
460 1488
943 1352
1477 1788
920 959
958 1574
1040 409
1749 131
781 1730
505 724
1125 532
618 1865
535 989
1682 681
1624 1343
542 1201
1334 273
1956 918
1550 1909
991 813
680 1498
833 427
864 1618
1271 1339
418 449
986 1210
1116 930
703 1608
953 880
1135 560
1242 901
395 1709
1387 280
254 1507
1184 1506
1546 738
51 1037
1421 716
1544 191
564 218
163 1202
1508 1023
346 1710
1120 118
328 1687
1914 1881
553 230
1986 430
2030 717
1022 387
366 828
791 1589
484 1262
257 1103
87 12
347 617
1985 1781
1669 1373
1607 1949
995 108
896 1348
1101 1744
247 623
1856 1519
632 1433
1400 1214
2017 199
845 127
1483 686
1429 425
489 1396
1488 1098
1352 146
1788 1521
959 518
1574 1386
409 330
131 264
1730 1298
724 1330
532 1517
1865 1797
989 1577
681 1124
1343 990
1201 907
273 769
918 166
1909 359
813 601
1498 1039
427 2032
1618 221
1339 1697
449 540
1210 1536
930 1027
1608 693
880 1244
560 31
901 1349
1709 1843
280 72
1507 1424
1506 379
738 658
1037 1768
716 1807
191 1666
218 1121
1202 874
1023 1876
1710 1297
118 378
1687 481
1881 233
230 431
430 1454
717 1605
387 135
828 629
1589 1127
1262 1178
1103 1141
12 262
617 526
1781 1299
1373 691
1949 1336
108 1203
1348 719
1744 1484
623 733
1519 951
1433 1878
1214 267
199 35
127 1952
686 936
425 819
1396 631
1098 1750
146 455
1521 1799
518 1492
1386 1532
330 399
264 1028
1298 1499
1330 684
1517 75
1797 1312
1577 1772
1124 1251
990 1266
907 588
769 695
166 730
359 1236
601 1586
1039 707
2032 1442
221 718
1697 1031
540 1105
1536 2022
1027 1962
693 671
1244 547
31 1808
1349 687
1843 1403
72 1304
1424 49
379 615
658 1366
1768 1745
1807 493
1666 914
1121 1368
874 511
1876 336
1297 304
378 1987
481 41
233 657
431 310
1454 1516
1605 224
135 439
629 1494
1127 1439
1178 149
1141 1529
262 1167
526 933
1299 93
691 729
1336 984
1203 1766
719 2009
1484 1067
733 1922
951 1435
1878 1486
267 1677
35 1444
1952 871
936 1641
819 123
631 334
1750 1582
455 963
1799 167
1492 1942
1532 1826
399 272
1028 158
1499 543
684 1309
75 663
1312 652
1772 614
1251 82
1266 1034
588 171
695 1530
730 779
1236 1993
1586 1832
707 1269
1442 1757
718 302
1031 921
1105 1329
2022 62
1962 2
671 1640
547 266
1808 1474
687 565
1403 116
1304 2016
49 1418
615 78
1366 1365
1745 335
493 1430
914 1777
1368 1219
511 712
336 1475
304 1904
1987 974
41 1176
657 1886
310 1089
1516 941
224 1491
439 876
1494 213
1439 1169
149 852
1529 2040
1167 1635
933 1576
93 727
729 295
984 925
1766 396
2009 889
1067 132
1922 1862
1435 480
1486 668
1677 1441
1444 886
871 1465
1641 891
123 1049
334 152
1582 1770
963 1915
167 725
1942 1079
1826 1434
272 1270
158 486
543 627
1309 747
663 394
652 68
614 552
82 259
1034 192
171 801
1530 664
779 1427
1993 1555
1832 111
1269 857
1757 1954
302 1143
921 1293
1329 1566
62 1771
2 1616
1640 1476
266 1664
1474 758
565 1162
116 2015
2016 1653
1418 1428
78 1064
1365 1734
335 71
1430 2008
1777 744
1219 694
712 875
1475 1715
1904 705
974 1248
1176 1899
1886 1893
1089 161
941 1580
1491 807
876 835
213 499
1169 1361
852 751
2040 639
1635 771
1576 465
727 563
295 1376
925 1466
396 815
889 1725
132 1820
1862 1769
480 800
668 20
1441 2011
886 63
1465 1767
891 1075
1049 1218
152 1148
1770 129
1915 1928
725 609
1079 190
1434 385
1270 1370
486 1451
627 1656
747 1591
394 113
68 1920
552 1814
259 1657
192 466
801 1235
664 1979
1427 1188
1555 528
111 883
857 956
1954 755
1143 829
1293 1290
1566 350
1771 1481
1616 1073
1476 1326
1664 1959
758 319
1162 531
2015 381
1653 106
1428 1017
1064 823
1734 124
71 1052
2008 591
744 600
694 1063
875 1351
1715 1736
705 1971
1248 1047
1899 1872
1893 787
161 879
1580 1315
807 655
835 271
499 1587
1361 870
751 107
639 969
771 1945
465 1649
563 1350
1376 1407
1466 74
815 1227
1725 1977
1820 1760
1769 904
800 164
20 2012
2011 613
63 229
1767 2027
1075 817
1218 370
1148 9
129 1735
1928 1078
609 1115
190 1392
385 1193
1370 1963
1451 824
1656 1690
1591 2001
113 1417
1920 575
1814 412
1657 1683
466 1062
1235 906
1979 1726
1188 1459
528 1045
883 1846
956 1205
755 1473
829 94
1290 1869
350 66
1481 270
1073 861
1326 1834
1959 156
319 1523
531 1408
381 1604
106 2023
1017 1828
823 1833
124 1907
1052 1622
591 19
600 1228
1063 581
1351 307
1736 1838
1971 970
1047 793
1872 1564
787 2034
879 1884
1315 1446
655 1181
271 934
1587 219
870 1774
107 4
969 246
1945 1179
1649 1754
1350 1780
1407 1395
74 1567
1227 1707
1977 766
1760 1099
904 435
164 2024
2012 1951
613 1812
229 567
2027 81
817 287
370 142
9 143
1735 1510
1078 630
1115 248
1392 566
1193 391
1963 1762
824 1913
1690 1261
2001 340
1417 1404
575 1998
412 1344
1683 1294
1062 1740
906 1723
1726 3
1459 679
1045 722
1846 343
1205 1937
1473 416
94 276
1869 2005
66 734
270 1896
861 579
1834 413
156 524
1523 1197
1408 408
1604 212
2023 1469
1828 1542
1833 713
1907 1320
1622 1174
19 1703
1228 1955
581 170
307 1835
1838 375
970 2025
793 1560
1564 597
2034 1753
1884 696
1446 1301
1181 1322
934 513
219 1126
1774 1651
4 1732
246 433
1179 1061
1754 646
1780 184
1395 884
1567 1046
1707 1345
766 467
1099 1323
435 836
2024 1104
1951 1068
1812 2013
567 821
81 1700
287 1894
142 1585
143 373
1510 973
630 667
248 226
566 201
391 1655
1762 1593
