6389
577 3707
577 2842
577 5095
3707 5010
3707 2081
2842 3675
2842 3886
2842 143
5095 1038
5010 3091
2081 2405
3675 2566
3675 2584
3675 393
3886 5589
143 1338
143 2404
1038 5083
1038 5525
3091 3569
3091 3967
2405 5315
2405 121
2405 2049
2566 1115
2566 3083
2584 2814
2584 538
393 588
393 400
393 1014
5589 1725
5589 5722
5589 1834
1338 2449
1338 6153
2404 3949
2404 3417
2404 2170
5083 6314
5083 553
5525 1189
3569 4295
3967 5602
3967 5900
5315 2390
121 279
121 2950
2049 1352
1115 5424
1115 5112
3083 5593
2814 4794
538 890
538 4952
588 4863
400 5909
400 772
1014 5928
1014 6267
1725 1069
1725 4239
5722 3121
1834 5066
1834 989
2449 1295
2449 2865
6153 4524
6153 436
3949 1305
3417 1588
2170 3889
6314 3088
553 311
1189 5516
4295 6231
5602 5903
5900 5559
2390 369
279 25
2950 3683
1352 375
5424 4980
5112 1961
5593 4969
4794 3024
890 1630
4952 6324
4863 5331
5909 2795
772 2624
5928 3303
6267 1136
1069 3769
4239 3293
3121 3988
5066 5181
989 3021
1295 4123
2865 3318
4524 841
436 215
1305 4598
1588 4045
3889 3681
3088 5931
311 5822
5516 2032
6231 1350
5903 4463
5559 3597
369 2178
25 3148
3683 4367
375 962
4980 5762
1961 5601
4969 446
3024 3003
1630 5718
6324 2072
5331 1344
2795 2646
2624 6356
3303 104
1136 1641
3769 4892
3293 5788
3988 616
5181 5802
3021 932
4123 2104
3318 1121
841 5405
215 1265
4598 3722
4045 4290
3681 1206
5931 2736
5822 1948
2032 5068
1350 3429
4463 1785
3597 165
2178 2156
3148 4047
4367 674
962 4781
5762 4790
5601 4594
446 3824
3003 5503
5718 1836
2072 554
1344 3458
2646 2031
6356 5378
104 4035
1641 852
4892 3103
5788 4256
616 1830
5802 927
932 3227
2104 271
1121 4109
5405 4911
1265 1381
3722 1829
4290 5229
1206 4391
2736 6142
1948 671
5068 60
3429 4307
1785 1565
165 1081
2156 453
4047 5053
674 1690
4781 1531
4790 3919
4594 4355
3824 2940
5503 655
1836 3433
554 1404
3458 5524
2031 4329
5378 5937
4035 2529
852 6002
3103 3404
4256 6081
1830 2436
927 4898
3227 5032
271 2130
4109 4638
4911 758
1381 2158
1829 5680
5229 3810
4391 3126
6142 4297
671 3473
60 6352
4307 100
1565 6052
1081 4452
453 3884
5053 1216
1690 5381
1531 2945
3919 2500
4355 2523
2940 5501
655 1218
3433 3207
1404 6240
5524 2675
4329 5968
5937 2380
2529 1819
6002 276
3404 3357
6081 6343
2436 1254
4898 560
5032 2976
2130 5628
4638 3798
758 4055
2158 3217
5680 3310
3810 2772
3126 294
4297 190
3473 272
6352 1065
100 326
6052 575
4452 124
3884 3665
1216 3496
5381 2301
2945 5491
2500 715
2523 3926
5501 1901
1218 4987
3207 663
6240 649
2675 3448
5968 3080
2380 1672
1819 6375
276 1313
3357 4014
6343 5526
1254 762
560 1928
2976 2217
5628 156
3798 1337
4055 2131
3217 384
3310 1463
2772 4907
294 2278
190 3512
272 1970
1065 4090
326 948
575 3982
124 4921
3665 5207
3496 6364
2301 277
5491 198
715 3767
3926 846
1901 5143
4987 5480
663 2154
649 4396
3448 5023
3080 2911
1672 5813
6375 4006
1313 891
4014 6306
5526 3772
762 6027
1928 450
2217 6011
156 1809
1337 1990
2131 2489
384 3834
1463 2644
4907 941
2278 2718
3512 3107
1970 3848
4090 4460
948 1472
3982 1172
4921 5447
5207 2711
6364 5934
277 4970
198 2562
3767 5860
846 1494
5143 38
5480 6334
2154 5301
4396 1428
5023 1287
2911 1429
5813 818
4006 4976
891 1976
6306 4919
3772 6255
6027 2815
450 2757
6011 4225
1809 430
1990 6141
2489 3739
3834 1821
2644 5267
941 865
2718 6238
3107 4664
3848 2878
4460 6200
1472 6217
1172 2411
5447 310
2711 4629
5934 4659
4970 5009
2562 3619
5860 1221
1494 1510
38 4584
6334 4154
5301 5774
1428 2933
1287 6151
1429 3820
818 16
4976 1918
1976 5874
4919 1282
6255 1118
2815 3972
2757 95
4225 2570
430 3203
6141 81
3739 4193
1821 182
5267 3622
865 5394
6238 3038
4664 6208
2878 4808
6200 4658
6217 4153
2411 2349
310 1806
4629 175
4659 1139
5009 2343
3619 5064
1221 6030
1510 4078
4584 608
4154 4107
5774 24
2933 4875
6151 347
3820 870
16 4884
1918 1375
5874 381
1282 783
1118 5265
3972 2810
95 1018
2570 4990
3203 4516
81 5125
4193 1314
182 5440
3622 218
5394 1867
3038 5806
6208 2552
4808 6152
4658 3490
4153 5211
2349 567
1806 5333
175 2048
1139 4793
2343 5266
5064 598
6030 997
4078 2368
608 6114
4107 1946
24 3748
4875 3157
347 2938
870 923
4884 3346
1375 54
381 1908
783 2916
5265 2567
2810 1740
1018 3653
4990 454
4516 4244
5125 5950
1314 6245
5440 5657
218 2269
1867 5326
5806 6251
2552 770
6152 2141
3490 3284
5211 4959
567 4027
5333 2984
2048 3743
4793 5239
5266 3015
598 4386
997 1595
2368 2841
6114 2387
1946 5749
3748 1843
3157 4033
2938 853
923 4401
3346 1784
54 5894
1908 3031
2916 120
2567 5655
1740 5260
3653 4680
454 5307
4244 293
5950 5128
6245 5580
5657 718
2269 1326
5326 1964
6251 2055
770 604
2141 2295
3284 5838
4959 2282
4027 1972
2984 1127
3743 1931
5239 4719
3015 4640
4386 885
1595 909
2841 1621
2387 2243
5749 2832
1843 1146
4033 1691
853 3710
4401 3155
1784 4497
5894 1182
3031 2642
120 4878
5655 576
5260 756
4680 382
5307 6160
293 5843
5128 6127
5580 1717
718 2952
1326 5263
1964 1890
2055 660
604 4831
2295 3612
5838 3426
2282 4686
1972 4115
1127 5832
1931 3865
4719 2340
4640 5240
885 2755
909 6379
1621 4024
2243 1396
2832 1957
1146 146
1691 205
3710 883
3155 2631
4497 5898
1182 3946
2642 875
4878 4779
576 682
756 2673
382 1793
6160 4954
5843 5786
6127 3594
1717 5925
2952 5962
5263 3812
1890 4985
660 4782
4831 5409
3612 6313
3426 4960
4686 5961
4115 329
5832 237
3865 266
2340 806
5240 1542
2755 1041
6379 594
4024 3829
1396 3759
1957 5591
146 6258
205 812
883 1572
2631 2671
5898 4163
3946 1382
875 5247
4779 4046
682 4695
2673 721
1793 4088
4954 4519
5786 3061
3594 5417
5925 3344
5962 2824
3812 1214
4985 127
4782 2407
5409 934
6313 6024
4960 1668
5961 12
329 705
237 5573
266 4642
806 6252
1542 5037
1041 1608
594 816
3829 150
3759 886
5591 3749
6258 3267
812 4854
1572 4454
2671 2921
4163 5005
1382 1712
5247 5987
4046 2005
4695 6099
721 3867
4088 2134
4519 1059
3061 3947
5417 1148
3344 2117
2824 3896
1214 1781
127 1138
2407 5622
934 6063
6024 241
1668 255
12 6369
705 6045
5573 1470
4642 346
6252 4093
5037 2774
1608 4170
816 888
150 2418
886 788
3749 6271
3267 749
4854 2470
4454 456
2921 1405
5005 1759
1712 6246
5987 2942
2005 5681
6099 2176
3867 6026
2134 1994
1059 5322
3947 3951
1148 4968
2117 3002
3896 3902
1781 1616
1138 618
5622 4800
6063 4242
241 427
255 911
6369 1493
6045 2993
1470 4432
346 2474
4093 1068
2774 2735
4170 6195
888 4721
2418 1655
788 106
6271 3632
749 3308
2470 84
456 1293
1405 6335
1759 503
6246 167
2942 1736
5681 2324
2176 4665
6026 232
1994 2082
5322 3464
3951 2901
4968 2553
3002 368
3902 6193
1616 4087
618 3391
4800 5995
4242 3469
427 5966
911 6344
1493 2177
2993 536
4432 1016
2474 1714
1068 6135
2735 43
6195 2937
4721 3056
1655 4326
106 3097
3632 1459
3308 3142
84 3554
1293 1590
6335 3437
503 3420
167 3372
1736 578
2324 2270
4665 1256
232 615
2082 3373
3464 4001
2901 873
2553 2571
368 1102
6193 3861
4087 4856
3391 4937
5995 2527
3469 4281
5966 4572
6344 4774
2177 298
536 3116
1016 828
1714 1228
6135 2077
43 4
2937 2531
3056 918
4326 6041
3097 4704
1459 6359
3142 4184
3554 2161
1590 3261
3437 3544
3420 444
3372 1905
578 1859
2270 3906
1256 4485
615 5287
3373 3791
4001 4509
873 967
2571 6133
1102 3508
3861 4009
4856 4550
4937 2303
2527 3573
4281 776
4572 3910
4774 2544
298 700
3116 4787
828 6277
1228 1458
2077 5710
4 614
2531 2493
918 1607
6041 249
4704 448
6359 6015
4184 6004
2161 5913
3261 4416
3544 1184
444 3993
1905 1001
1859 670
3906 2863
4485 935
5287 3593
3791 1194
4509 2311
967 3001
6133 4103
3508 105
4009 5015
4550 4538
2303 1849
3573 6198
776 2894
3910 3523
2544 2759
700 2630
4787 1651
6277 6073
1458 3360
5710 3386
614 5522
2493 6022
1607 1567
249 305
448 2929
6015 5670
6004 5999
5913 5504
4416 6042
1184 4417
3993 5203
1001 4504
670 4348
2863 1835
935 6116
3593 5880
1194 3738
2311 2392
3001 65
4103 2580
105 1676
5015 6029
4538 1374
1849 804
6198 1363
2894 1111
3523 748
2759 3237
2630 3581
1651 1364
6073 473
3360 6162
3386 4877
5522 5711
6022 3317
1567 579
305 432
2929 1653
5670 6085
5999 4819
5504 4611
6042 5664
4417 5859
5203 4277
4504 5081
4348 5727
1835 5869
6116 351
5880 5228
3738 1211
2392 3136
65 2314
2580 1108
1676 1333
6029 777
1374 5309
804 6083
1363 2208
1111 2233
748 4740
3237 3218
3581 2347
1364 2561
473 556
6162 1606
4877 2589
5711 6368
3317 322
579 5464
432 2304
1653 5541
6085 4062
4819 4715
4611 5751
5664 3728
5859 4476
4277 5732
5081 4945
5727 2827
5869 5694
351 2496
5228 3519
1211 849
3136 6069
2314 4849
1108 1870
1333 5031
777 2375
5309 3983
6083 4254
2208 5422
2233 6079
4740 797
3218 4579
2347 1851
2561 4433
556 2628
1606 1053
2589 172
6368 5363
322 5867
5464 442
2304 2913
5541 653
4062 6298
4715 3881
5751 1243
3728 1776
4476 6105
5732 2491
4945 5943
2827 1637
5694 1978
2496 1224
3519 1995
849 5224
6069 3873
4849 4219
1870 6125
5031 4167
2375 5896
3983 5938
4254 2096
5422 5618
6079 583
797 2028
4579 609
1851 2345
4433 1093
2628 4806
1053 3057
172 6146
5363 5856
5867 3352
442 596
2913 947
653 1066
6298 6323
3881 552
1243 5079
1776 4758
6105 2235
2491 5616
5943 3706
1637 956
1978 1399
1224 4978
1995 4771
5224 4931
3873 4293
4219 1185
6125 5177
4167 1233
5896 4104
5938 380
2096 4374
5618 179
583 1496
2028 3158
609 2023
2345 968
1093 2438
4806 2433
3057 5878
6146 712
5856 1983
3352 2785
596 2573
947 1283
1066 6272
6323 490
552 4548
5079 4705
4758 1362
2235 2207
5616 5087
3706 3228
956 5258
1399 1353
4978 5050
4771 1534
4931 4298
4293 1028
1185 4384
5177 3911
1233 2719
4104 6229
380 1702
4374 5789
179 4092
1496 5775
3158 5640
2023 5173
968 2775
2438 871
2433 2867
5878 5506
712 1909
1983 3570
2785 5103
2573 5644
1283 1812
6272 3511
490 3256
4548 358
4705 5423
1362 458
2207 5352
5087 915
3228 4148
5258 1813
1353 4312
5050 162
1534 5407
4298 2990
1028 1569
4384 291
3911 304
2719 2569
6229 6305
1702 4646
5789 213
4092 5321
5775 1191
5640 5481
5173 1240
2775 2157
871 2744
2867 4133
5506 4041
1909 3555
3570 1500
5103 3331
5644 2545
1812 3695
3511 4369
3256 1615
358 4636
5423 897
458 6299
5352 1160
915 4192
4148 4798
1813 1209
4312 2821
162 1575
5407 3060
2990 240
1569 6278
291 2163
304 365
2569 4773
6305 1372
4646 2583
213 4510
5321 3986
1191 6337
5481 1895
1240 125
2157 3938
2744 3577
4133 5242
4041 1410
3555 1729
1500 5612
3331 313
2545 4786
3695 4409
4369 1603
1615 1506
4636 5818
897 5996
6299 5145
1160 4922
4192 2239
4798 37
1209 3186
2821 5200
1575 1397
3060 688
240 4464
6278 3072
2163 5395
365 4446
4773 1954
1372 1270
2583 6261
4510 1298
3986 2885
6337 716
1895 1267
125 6078
3938 4377
3577 5105
5242 832
1410 1938
1729 1074
5612 3364
313 3034
4786 506
4409 6034
1603 1898
1506 908
5818 5686
5996 1921
5145 58
4922 1444
2239 2905
37 1523
3186 4405
5200 1842
1397 5835
688 2100
4464 4607
3072 5295
5395 6117
4446 953
1954 589
1270 2203
6261 5425
1298 1003
2885 4904
716 2346
1267 3854
6078 5915
4377 2029
5105 4575
832 3090
1938 4230
1074 2765
3364 1800
3034 1730
506 2084
6034 3042
1898 2764
908 3406
5686 1048
1921 2541
58 306
1444 5890
2905 3305
1523 4397
4405 131
1842 677
5835 2542
2100 5574
4607 6171
5295 2482
6117 2180
953 6031
589 3863
2203 4568
5425 2189
1003 610
4904 2306
2346 4467
3854 4920
5915 5237
2029 2656
4575 1998
3090 6036
4230 1818
2765 1230
1800 1536
1730 5658
2084 3141
3042 640
2764 5949
3406 1723
1048 4410
2541 2627
306 3369
5890 3732
3305 2731
4397 1688
131 971
677 4897
2542 4434
5574 5485
6171 1247
2482 6066
2180 5801
6031 2503
3863 3541
4568 4419
2189 2274
610 5905
2306 570
4467 2374
4920 5413
5237 3470
2656 2034
1998 72
6036 5045
1818 1507
1230 5396
1536 87
5658 5910
3141 4197
640 6331
5949 1418
1723 625
4410 5062
2627 4818
3369 3376
3732 1768
2731 2015
1688 4986
971 3151
4897 5305
4434 1791
5485 5761
1247 244
6066 4578
5801 2943
2503 2776
3541 1192
4419 4623
2274 4429
5905 3794
570 3953
2374 2712
5413 4825
3470 6124
2034 584
72 858
5045 2648
1507 5273
5396 2427
87 4567
5910 1320
4197 4479
6331 5800
1418 2087
625 3219
5062 930
4818 921
3376 429
1768 5912
2015 1238
4986 4948
3151 1811
5305 6028
1791 2241
5761 4189
244 4200
4578 2962
2943 3446
2776 5726
1192 1933
4623 6340
4429 3783
3794 5348
3953 2115
2712 1296
4825 5189
6124 6221
584 4261
858 2383
2648 839
5273 3276
2427 5864
4567 2947
1320 1886
4479 4708
5800 2904
2087 2430
3219 2621
930 4499
921 3231
429 378
5912 740
1238 6262
4948 2353
1811 4593
6028 2230
2241 3598
4189 1657
4200 3942
2962 1763
3446 5499
5726 3378
1933 2700
6340 2097
3783 2923
5348 5035
2115 3036
1296 5167
5189 4620
6221 4357
4261 1297
2383 5855
839 1520
3276 4935
5864 5854
2947 2133
1886 5647
4708 827
2904 36
2430 5420
2621 3000
4499 5454
3231 709
378 2520
740 4648
6262 1739
2353 504
4593 323
2230 2101
3598 122
1657 3343
3942 5383
1763 4234
5499 1525
3378 1361
2700 1461
2097 3663
2923 2871
5035 1432
3036 5276
5167 3239
4620 4358
4357 4894
1297 2211
5855 4762
1520 1852
4935 2400
5854 2265
2133 2954
5647 2906
827 2695
36 4745
5420 3154
3000 5714
5454 1415
709 142
2520 5134
4648 1941
1739 2822
504 4720
323 3399
2101 2946
122 4843
3343 3049
5383 5406
4234 6387
1525 1135
1361 2249
1461 1581
3663 3243
2871 3016
1432 4891
5276 5596
3239 5804
4358 5106
4894 6242
2211 5069
4762 2876
1852 1455
2400 2782
2265 41
2954 1720
2906 4836
2695 245
4745 2559
3154 2001
5714 5442
1415 1665
142 4207
5134 2737
1941 3530
2822 2370
4720 1098
3399 2858
2946 360
4843 5557
3049 3888
5406 2300
6387 1323
1135 5887
2249 4492
1581 5712
3243 1872
3016 88
4891 3171
5596 1543
5804 3789
5106 4043
6242 2839
5069 6215
2876 3582
1455 56
2782 3778
41 5679
1720 523
4836 5488
245 1930
2559 1642
2001 6149
5442 2606
1665 1744
4207 955
2737 5339
3530 5097
2370 2791
1098 3959
2858 264
360 137
5557 3940
3888 2148
2300 5986
1323 842
5887 3041
4492 6204
5712 2123
1872 1625
88 4785
3171 2883
1543 3402
3789 1762
4043 4273
2839 1696
6215 3610
3582 5760
56 2684
3778 1754
5679 1499
523 4176
5488 3327
1930 4453
1642 45
6149 2536
2606 2042
1744 3633
955 4072
5339 1862
5097 2137
2791 3272
3959 4436
264 2651
137 634
3940 1985
2148 4545
5986 1774
842 5380
3041 1475
6204 2043
2123 4362
1625 3564
4785 5006
2883 2924
3402 836
1762 2540
4273 4182
1696 2920
3610 3257
5760 133
2684 5246
1754 417
1499 370
4176 4049
3327 612
4453 5716
45 445
2536 2742
2042 4975
3633 1897
4072 332
1862 1151
2137 2257
3272 4858
4436 4532
2651 3651
634 2472
1985 5621
4545 5302
1774 4310
5380 3887
1475 2762
2043 4735
4362 19
3564 4008
5006 5981
2924 5537
836 3134
2540 4744
4182 2238
2920 1673
3257 214
133 4209
5246 4652
417 1848
370 580
4049 2277
612 4075
5716 3830
445 3805
2742 1728
4975 3613
1897 4302
332 3229
1151 4441
2257 4857
4858 2455
4532 5815
3651 3669
2472 1893
5621 1318
5302 678
4310 6237
3887 5462
2762 5354
4735 5026
19 5720
4008 4569
5981 1369
5537 994
3134 493
4744 4625
2238 189
1673 3551
214 57
4209 3635
4652 1896
1848 3526
580 3095
2277 5916
4075 1466
3830 6310
3805 4783
1728 3370
3613 168
4302 3163
3229 1975
4441 3491
4857 5660
2455 2705
5815 3687
3669 3247
1893 4973
1318 2413
678 3592
6237 3248
5462 5104
5354 569
5026 6283
5720 1517
4569 5311
1369 3325
994 5178
493 6295
4625 1002
189 719
3551 2004
57 2688
3635 1988
1896 256
3526 4717
3095 5472
5916 3699
1466 3232
6310 2699
4783 3546
3370 1947
168 983
3163 1291
1975 4963
3491 5924
5660 659
2705 834
3687 1143
3247 2486
4973 2290
2413 4929
3592 6203
3248 4178
5104 479
569 3679
6283 1029
1517 5098
5311 563
3325 3415
5178 4313
6295 35
1002 2891
719 2870
2004 4183
2688 4010
1988 6167
256 201
4717 2242
5472 3934
3699 5317
3232 1960
2699 1864
3546 4165
1947 974
983 5932
1291 2152
4963 1177
5924 542
659 2812
834 1713
1143 1460
2486 2939
2290 233
4929 2140
6203 4245
4178 4943
479 2887
3679 2965
1029 5376
5098 4060
563 154
3415 2351
4313 317
35 6163
2891 2811
2870 1734
4183 1168
4010 1981
6167 3392
201 1480
2242 6051
3934 6074
5317 195
1960 192
1864 868
4165 1339
974 652
5932 3730
2152 1039
1177 3692
542 3981
2812 1414
1713 2199
1460 3825
2939 5257
233 557
2140 2168
4245 405
4943 667
2887 743
2965 3390
5376 803
4060 6062
154 4131
2351 6236
317 5862
6163 2223
2811 1468
1734 2629
1168 3328
1981 2915
3392 3802
1480 4778
6051 1380
6074 5296
195 2786
192 2331
868 5569
1339 3423
652 3251
3730 5391
1039 333
3692 2083
3981 6233
1414 4559
2199 2645
3825 728
5257 742
557 4844
2168 4709
405 2535
667 1916
743 2266
3390 1276
803 4994
6062 2525
4131 1124
6236 2476
5862 6289
2223 2739
1468 5555
2629 5566
3328 4535
2915 2941
3802 6144
4778 5515
1380 4530
5296 376
2786 3362
2331 242
5569 1602
3423 6173
3251 907
5391 4938
333 3009
2083 5191
6233 5160
4559 5008
2645 3143
728 3630
742 3836
4844 212
4709 6010
2535 3931
1916 3273
2266 30
1276 6070
4994 4687
2525 4280
1124 1161
2476 161
6289 20
2739 3073
5555 1286
5566 737
4535 1123
2941 5978
6144 2972
5515 6361
4530 5918
376 2013
3362 912
242 5115
1602 5729
6173 5055
907 790
4938 5174
3009 1871
5191 1179
5160 6056
5008 6053
3143 2420
3630 4222
3836 3008
212 1779
6010 5142
3931 5723
3273 2011
30 476
6070 3493
4687 829
4280 247
1161 4304
161 1392
20 5899
3073 2041
1286 2352
737 5941
1123 3801
5978 383
2972 1735
6361 5674
5918 5179
2013 798
912 3553
5115 900
5729 3697
5055 3733
790 4852
5174 191
1871 5805
1179 529
6056 5202
6053 1157
2420 6005
4222 4821
3008 3921
1779 5517
5142 3621
5723 2989
2011 1477
476 4746
3493 5094
829 3744
247 1325
4304 636
1392 1165
5899 2922
2041 4444
2352 6259
5941 1697
3801 3640
383 464
1735 4053
5674 896
5179 840
798 251
3553 628
900 3785
3697 549
3733 3608
4852 261
191 3955
5805 5952
529 3128
5202 4158
1157 4751
6005 1015
4821 2126
3921 892
5517 6119
3621 1638
2989 1790
1477 5597
4746 3752
5094 4459
3744 4161
1325 4077
636 3026
1165 1013
2922 1096
4444 1648
6259 4152
1697 2342
3640 605
464 1439
4053 1252
896 3030
840 2036
251 5598
628 4547
3785 6378
549 5842
3608 4807
261 461
3955 3701
5952 5107
3128 1610
4158 1025
4751 425
1015 5625
2126 3531
892 5448
6119 494
1638 914
1790 466
5597 1559
3752 5017
4459 4841
4161 4199
4077 3674
3026 2149
1013 4628
1096 2715
1648 6044
4152 6357
2342 3401
605 4805
1439 1612
1252 1290
3030 3841
2036 5264
5598 5669
4547 2108
6378 2926
5842 6286
4807 200
461 3903
3701 4421
5107 1061
1610 5204
1025 4100
425 2798
5625 5270
3531 2139
5448 1187
494 4712
914 4913
466 3270
1559 4118
5017 273
4841 3654
4199 3505
3674 3286
2149 4204
4628 283
2715 1502
6044 3856
6357 4713
3401 3104
4805 2572
1612 4282
1290 2467
3841 6122
5264 3278
5669 4590
2108 6082
2926 6046
6286 3624
200 2910
3903 163
4421 4566
1061 5731
5204 5432
4100 1441
2798 2318
5270 1203
2139 5245
1187 5133
4712 3682
4913 5990
3270 624
4118 1566
273 5063
3654 2479
3505 4318
3286 5338
4204 1583
283 5581
1502 645
3856 2974
4713 5940
3104 300
2572 528
4282 534
2467 40
6122 5458
3278 174
4590 2665
6082 5989
6046 3589
3624 5875
2910 2668
163 766
4566 4237
5731 2639
5432 5734
1441 3568
2318 5439
1203 6166
5245 4597
5133 4011
3682 2999
5990 5953
624 78
1566 309
5063 3377
2479 5826
4318 5089
5338 2232
1583 4512
5581 5565
645 6293
2974 1064
5940 2657
300 3296
528 3368
534 3198
40 4213
5458 1204
174 6060
2665 1044
5989 5772
3589 6332
5875 4335
2668 2524
766 2025
4237 5449
2639 1262
5734 4802
3568 4328
5439 4909
6166 5946
4597 6172
4011 2080
2999 2902
5953 2961
78 1425
309 145
3377 5737
5826 4635
5089 2356
2232 225
4512 745
5565 4667
6293 4414
1064 2669
2657 5642
3296 2601
3368 1817
3198 5715
4213 773
1204 522
6060 2513
1044 2264
5772 6325
6332 5791
4335 2069
2524 2184
2025 5668
5449 1709
1262 2417
4802 3606
4328 2964
4909 5251
5946 132
6172 4314
2080 7
2902 722
2961 4337
1425 2713
145 4032
5737 5816
4635 5397
2356 1045
225 1445
745 6309
4667 4388
4414 4676
2669 1301
5642 3928
2601 1797
1817 230
5715 657
773 2687
522 1816
2513 6366
2264 4600
6325 3690
5791 3875
2069 6130
2184 5292
5668 2664
1709 1376
2417 2291
3606 4674
2964 2917
5251 3717
132 3961
4314 1035
7 5624
722 5713
4337 2284
2713 4670
4032 4842
5816 5058
5397 4589
1045 3425
1445 1465
6309 2267
4388 899
4676 3646
1301 5086
3928 4725
1797 82
230 1195
657 1560
2687 2167
1816 6077
6366 6234
4600 2045
3690 6139
3875 3561
6130 778
5292 514
2664 751
1376 6068
2291 3149
4674 4346
2917 1355
3717 2960
3961 3852
1035 3547
5624 2151
5713 462
2284 3566
4670 2127
4842 4439
5058 2174
4589 4279
3425 343
1465 460
2267 5414
899 4896
3646 4928
5086 6257
4725 3170
82 6339
1195 5040
1560 5313
2167 2958
6077 398
6234 140
2045 2315
6139 4731
3561 6168
778 2828
514 2763
751 5168
6068 259
3149 822
4346 1020
1355 1940
2960 1117
3852 1147
3547 1605
2151 4327
462 6111
3566 5901
2127 717
4439 668
2174 3150
4279 2136
343 2173
460 5372
5414 4124
4896 5362
4928 1623
6257 1815
3170 4059
6339 1920
5040 3202
5313 486
2958 1591
398 1547
140 3661
2315 5249
4731 4549
6168 1853
2828 2625
2763 3768
5168 3380
259 5745
822 3960
1020 697
1940 5552
1117 1528
1147 2279
1605 3636
4327 3188
6111 1042
5901 3332
717 4007
668 1518
3150 4068
2136 109
2173 262
5372 6067
4124 5429
5362 96
1623 3704
1815 5144
4059 975
1920 3048
3202 3672
486 5218
1591 5906
1547 229
3661 5137
5249 2258
4549 1011
1853 747
2625 4294
3768 4082
3380 6220
5745 4146
3960 498
697 1249
5552 5763
1528 499
2279 5297
3636 1564
3188 4890
1042 3943
3332 2587
4007 3384
1518 2296
4068 3074
109 3548
262 3900
6067 1497
5429 1936
96 3351
3704 3502
5144 3503
975 6386
3048 2194
3672 1094
5218 5421
5906 5764
229 1718
5137 2035
2258 1715
1011 4900
747 3132
4294 6250
4082 285
6220 4627
4146 820
498 5830
1249 3890
5763 5904
499 3974
5297 3281
1564 1804
4890 4315
3943 6020
2587 6201
3384 6019
2296 3476
3074 6132
3548 4039
3900 1126
1497 1558
1936 1225
3351 3350
3502 424
3503 5365
6386 4332
2194 4817
1094 5002
5421 963
5764 4780
1718 5436
2035 1915
1715 5227
4900 118
3132 2216
6250 1937
285 571
4627 275
820 5955
5830 238
3890 786
5904 1152
3974 3720
3281 1170
1804 774
4315 5831
6020 415
6201 5197
6019 6224
3476 4155
6132 3615
4039 2849
1126 4428
1558 1857
1225 2283
3350 2095
424 1840
5365 687
4332 641
4817 1112
5002 597
963 4003
4780 701
5436 3877
1915 5551
5227 377
118 2600
2216 4132
1937 4517
571 5060
275 1544
5955 3811
238 5846
786 3845
1152 1711
3720 3069
1170 1060
774 4756
5831 4301
415 1678
5197 5767
6224 5553
4155 6316
3615 4828
2849 5792
4428 4470
1857 4274
2283 3901
2095 141
1840 5072
687 1516
641 6037
1112 5508
597 5641
4003 3169
701 6040
3877 93
5551 878
377 5244
2600 1535
4132 3579
4517 2294
5060 3930
1544 1767
3811 4400
5846 681
3845 2632
1711 5253
3069 4083
1060 1134
4756 4515
4301 6330
1678 5748
5767 5122
5553 5456
6316 5141
4828 2410
5792 4276
4470 6302
4274 3719
3901 2385
141 5586
5072 1974
1516 2003
6037 5252
5508 1183
5641 2497
3169 3260
6040 316
93 478
878 2860
5244 5434
1535 6013
3579 2680
2294 5139
3930 6035
1767 4020
4400 6291
681 1346
2632 1371
5253 3472
4083 3183
1134 467
4515 3758
6330 4286
5748 2973
5122 5074
5456 5318
5141 5693
2410 475
4276 6219
6302 2442
3719 53
2385 3725
5586 3958
1974 4050
2003 3345
5252 6086
1183 1150
2497 5216
3260 5892
316 4669
478 4799
2860 4634
5434 2576
6013 3740
2680 1022
5139 1175
6035 2966
4020 4912
6291 1512
1346 1860
1371 3866
3472 1202
3183 4527
467 5841
3758 5746
4286 3968
2973 2338
5074 5483
5318 5709
5693 5114
475 2948
6219 5603
2442 1050
53 4371
3725 3139
3958 4587
4050 4406
3345 89
6086 5544
1150 3957
5216 4223
5892 4291
4669 6032
4799 5051
4634 5884
2576 1686
3740 1395
1022 6150
1175 5682
2966 2501
4912 5387
1512 2982
1860 1997
3866 4906
1202 5291
4527 2068
5841 4491
5746 814
3968 4456
2338 4203
5483 5626
5709 5820
5114 1548
2948 5230
5603 3664
1050 4142
4371 5535
3139 1384
4587 63
4406 1259
89 477
5544 399
3957 2539
4223 4951
4291 6348
6032 2488
5051 3980
5884 5130
1686 2859
1395 1899
6150 1269
5682 637
2501 463
5387 1090
2982 3233
1997 5972
4906 4595
5291 1823
2068 3920
4491 3605
814 2381
4456 196
4203 2231
5626 4030
5820 4711
1548 1680
5230 3718
3664 1033
4142 3731
5535 5939
1384 6235
63 434
1259 5785
477 364
399 713
2539 5056
4951 3760
6348 5588
2488 2198
3980 348
5130 6194
2859 5269
1899 3441
1269 3721
637 5399
463 568
1090 1526
3233 987
5972 692
4595 4243
1823 94
3920 3716
3605 4443
2381 4196
196 4212
2231 4110
4030 6321
4711 1650
1680 3516
3718 2602
1033 4106
3731 2453
5939 2288
6235 6121
434 2547
5785 5329
364 2895
713 1253
5056 1047
3760 4382
5588 2271
2198 4173
348 3385
6194 4029
5269 2850
3441 3133
3721 4699
5399 297
568 3941
1526 3012
987 3440
692 2075
4243 1095
94 2975
3716 228
4443 3534
4196 2103
4212 2341
4110 2672
6321 4264
1650 574
3516 5897
2602 5076
4106 337
2453 3913
2288 4979
6121 2200
2547 5619
5329 4259
2895 2441
1253 2730
1047 815
4382 6296
2271 3668
4173 2808
3385 3187
4029 5863
2850 1167
3133 527
4699 1888
297 1097
3941 171
3012 4316
3440 6039
2075 4387
1095 2794
2975 1879
228 97
3534 2773
2103 6232
2341 1348
2672 4546
4264 535
574 735
5897 2995
5076 6304
337 500
3913 2074
4979 3452
2200 2614
5619 447
4259 1120
2441 1869
2730 1613
815 6353
6296 3773
3668 4603
2808 4066
3187 925
5863 4272
1167 2317
527 3028
1888 5654
1097 780
171 3518
4316 2026
6039 4151
4387 3454
2794 4941
1879 2076
97 2864
2773 1652
6232 4880
1348 3939
4546 6175
535 4149
735 147
2995 844
6304 1227
500 2439
2074 2162
3452 4097
2614 1037
447 977
1120 5241
1869 5965
1613 135
6353 3937
3773 1411
4603 3932
4066 5571
925 3181
4272 5286
2317 1284
3028 590
5654 2706
780 3862
3518 3917
2026 1158
4151 3269
3454 4615
4941 661
2076 265
2864 2846
1652 4127
4880 617
3939 217
6175 894
4149 5108
147 5020
844 5192
1227 2299
2439 4633
2162 4201
4097 2056
1037 2016
977 139
5241 3658
5965 6362
135 6188
3937 32
1411 18
3932 926
5571 4580
3181 6385
5286 1271
1284 2164
590 1258
2706 4577
3862 4764
3917 5427
1158 957
3269 4028
4615 1067
661 690
265 4331
2846 2857
4127 3584
617 4490
217 3052
894 4101
5108 4425
5020 1771
5192 5036
2299 518
4633 4820
4201 517
2056 5078
2016 6263
139 2175
3658 2603
6362 2717
6188 21
32 2145
18 3375
926 3311
4580 5777
6385 1431
1271 2579
2164 5127
1258 5138
4577 3996
4764 5536
5427 3987
957 887
4028 4111
1067 5615
690 5460
4331 3382
2857 5542
3584 1927
4490 6088
3052 4342
4101 2855
4425 6134
1771 6363
5036 1670
518 1743
4820 34
517 4616
5078 2928
6263 407
2175 5736
2603 2817
2717 5188
21 3792
2145 893
3375 4071
3311 3389
5777 1263
1431 2302
2579 902
5127 4493
5138 3925
3996 3693
5536 1077
3987 2319
887 3054
4111 5527
5615 2851
5460 3788
3382 6177
5542 910
1927 3766
6088 3471
4342 2752
2855 2511
6134 3495
6363 5310
1670 2983
1743 1926
34 3306
4616 1721
2928 4645
407 2112
5736 5643
2817 5367
5188 6097
3792 1629
893 1119
4071 2245
3389 1046
1263 183
2302 5687
902 6268
4493 4777
3925 5341
3693 2253
1077 1599
2319 1708
3054 302
5527 4784
2851 4924
3788 1110
6177 5840
910 340
3766 184
3471 710
2752 4644
2511 1658
3495 4673
5310 314
2983 5109
1926 2054
3306 1775
1721 3700
4645 4947
2112 3574
5643 1316
5367 5428
6097 4949
1629 103
1119 2490
2245 1549
1046 352
183 1385
5687 769
6268 1807
4777 3087
5341 929
2253 1156
1599 3513
1708 4871
302 402
4784 3992
4924 5893
1110 4529
5840 847
340 4893
184 1962
710 3762
4644 1617
1658 2793
4673 1448
314 4552
5109 2464
2054 2057
1775 5967
3700 341
4947 3857
3574 5061
1316 62
5428 1051
4949 2027
103 5357
2490 4079
1549 197
352 5067
1385 1288
769 5163
1807 1573
3087 5944
929 4330
1156 4482
3513 2636
4871 2191
402 308
3992 4404
5893 6136
4529 1144
847 2218
4893 791
1962 116
3762 959
1617 1128
2793 193
1448 379
4552 6164
2464 2468
2057 5717
5967 945
341 2063
3857 4839
5061 5044
62 3119
1051 1745
2027 6273
5357 4114
4079 5546
197 3443
5067 5498
1288 270
5163 1174
1573 1486
5944 711
4330 416
4482 3815
2636 2988
2191 3822
308 4796
4404 3255
6136 5435
1144 1433
2218 5888
791 1753
116 6365
959 4270
1128 2997
193 4940
379 5330
6164 4741
2468 2728
5717 1956
945 2886
2063 3162
4839 4125
5044 4258
3119 1471
1745 5319
6273 6112
4114 4729
5546 367
3443 3735
5498 2618
270 4955
1174 223
1486 1082
711 3348
416 3538
3815 4537
2988 3780
3822 1667
4796 5695
3255 4012
5435 6206
1433 2312
5888 6076
1753 1379
6365 1280
4270 2607
2997 2022
4940 3550
5330 3833
4741 2980
2728 181
1956 5850
2886 572
3162 3192
4125 3578
4258 5974
1471 3571
5319 2237
6112 2549
4729 5510
367 2748
3735 1342
2618 1757
4955 5054
223 961
1082 4694
3348 1132
3538 1760
4537 969
3780 4991
1667 6243
5695 401
4012 4748
6206 1089
2312 531
6076 4961
1379 4993
1280 5853
2607 5282
2022 5350
3550 2344
3833 3990
2980 1521
181 5833
5850 5342
572 6322
3192 949
3578 972
5974 1449
3571 4727
2237 2458
2549 3102
5510 1731
2748 1341
1342 4086
1757 4408
5054 4145
961 2179
4694 423
1132 801
1760 3823
969 4571
4991 1257
6243 3334
401 4238
4748 3923
1089 1919
531 3796
4961 795
4993 2129
5853 1796
5282 4953
5350 5236
2344 3474
3990 354
1521 5124
5833 3899
5342 5374
6322 3365
949 4809
972 5457
1449 3737
4727 1925
2458 939
3102 6165
1731 736
1341 1402
4086 1874
4408 5672
4145 2307
2179 6080
423 6000
801 781
3823 4338
4571 5332
1257 3879
3334 2378
4238 2105
3923 3529
1919 566
3796 3963
795 5418
2129 5403
1796 1420
4953 396
5236 6320
3474 2574
354 1193
5124 1682
3899 866
5374 2709
3365 1242
4809 5340
5457 3434
3737 1261
1925 565
939 979
6165 1996
736 2769
1402 155
1874 484
5672 5022
2307 1582
6080 5400
6000 320
781 1515
4338 4556
5332 3020
3879 666
2378 2246
2105 3599
3529 1894
566 4228
3963 204
5418 3075
5403 2881
1420 3005
396 2650
6320 5003
2574 5870
1193 1504
1682 1580
866 4672
2709 1452
1242 4026
5340 4822
3434 2912
1261 3160
565 601
979 3333
1996 2934
2769 2437
155 4865
484 2909
5022 505
1582 3409
5400 2653
320 631
1515 3205
4556 3713
3020 555
666 3263
2246 5567
3599 74
1894 5316
4228 1092
204 2592
3075 3691
2881 2350
3005 3428
2650 449
5003 246
5870 5475
1504 6108
1580 823
4672 4681
1452 562
4026 5922
4822 746
2912 42
3160 6345
601 1726
3333 6317
2934 3907
2437 5349
4865 3806
2909 188
505 6349
3409 3813
2653 2986
631 4220
3205 4411
3713 292
555 3140
3263 4701
5567 110
74 3312
5316 1056
1092 1031
2592 2286
3691 3795
2350 1684
3428 2280
449 4864
246 6185
5475 874
6108 5048
823 6303
4681 3497
562 924
5922 4051
746 5609
42 3478
6345 5550
1726 4431
6317 752
3907 5809
5349 5554
3806 4617
188 2046
6349 5600
3813 1868
2986 3998
4220 4775
4411 2530
292 5659
3140 3137
4701 5793
110 6230
3312 3123
1056 1912
1031 2169
2286 178
3795 2165
1684 5248
2280 470
4864 3307
6185 3438
874 3507
5048 203
6303 410
3497 4942
924 5280
4051 1765
5609 981
3478 730
5550 1199
4431 130
752 1272
5809 4678
5554 5691
4617 4275
2046 1546
5600 6290
1868 4363
3998 4135
4775 1555
2530 49
5659 210
3137 452
5793 4555
6230 2674
3123 3821
1912 5470
2169 2703
178 4198
2165 4693
5248 3576
470 3603
3307 6008
3438 3444
3507 1622
203 6253
410 10
4942 3984
5280 5199
1765 1073
981 1887
730 3287
1199 1260
130 1481
1272 3078
4678 3359
5691 1677
4275 794
1546 1669
6290 4543
4363 491
4135 3410
1555 5735
49 739
210 1647
452 5606
4555 4655
2674 6186
3821 958
5470 5355
2703 5834
4198 4126
4693 3515
3576 4647
3603 2751
6008 1529
3444 2783
1622 3797
6253 2201
10 90
3984 3152
5199 4776
1073 2051
1887 2528
3287 895
1260 1413
1481 3611
3078 3018
3359 4236
1677 4944
794 1902
1669 4838
4543 5611
491 3583
3410 3124
5735 4156
739 1409
1647 59
5606 1719
4655 757
6186 1540
958 2919
5355 1398
5834 1137
4126 6370
3515 2462
4647 5895
2751 3631
1529 5778
2783 2212
3797 3027
2201 64
90 3017
3152 2949
4776 720
2051 3032
2528 5214
895 2106
1413 152
3611 4036
3018 2006
4236 363
4944 1847
1902 1360
4838 3989
5611 644
3583 6061
3124 1710
4156 4933
1409 2456
59 5194
1719 5345
757 5920
1540 4859
2919 5209
1398 1464
1137 4311
6370 1505
2462 5730
5895 4619
3631 3447
5778 2360
2212 5692
3027 2229
64 3120
3017 1435
2949 761
720 603
3032 208
5214 2259
2106 4462
152 6021
4036 1661
2006 4927
363 4202
1847 544
1360 854
3989 5304
644 5303
6061 1084
1710 3044
4933 169
2456 889
5194 4710
5345 3066
5920 296
4859 6274
5209 3634
1464 6300
4311 1188
1505 2487
5730 5630
4619 626
3447 5837
2360 5983
5692 2447
2229 513
3120 4305
1435 4654
761 5879
603 1663
208 3408
2259 5412
4462 2227
6021 5043
1661 3058
4927 2202
4202 339
544 1088
854 3912
5304 6205
5303 482
1084 374
3044 4810
169 6176
889 1949
4710 1579
3066 4965
296 3268
6274 3999
3634 3678
6300 3680
1188 3517
2487 4754
5630 4923
626 1101
5837 6239
5983 3299
2447 2448
513 4000
4305 4339
4654 867
5879 5977
1663 3455
3408 4706
5412 5808
2227 2563
5043 6157
3058 4044
2202 5093
339 1903
1088 3855
3912 4551
6205 1180
482 4166
374 4869
4810 1837
6176 315
1949 421
1579 5223
4965 2308
3268 2581
3999 5685
3678 1219
3680 4139
3517 269
4754 3449
4923 1386
1101 3808
6239 2260
3299 4278
2448 4240
4000 5455
4339 1482
867 4169
5977 70
3455 4684
4706 648
5808 2153
2563 1451
6157 3
4044 4803
5093 2471
1903 1103
3855 965
4551 3620
1180 1075
4166 4205
4869 2805
1837 998
315 3520
421 4255
5223 5135
2308 808
2581 1424
5685 5678
1219 5825
4139 3927
269 1114
3449 4174
1386 5136
3808 267
2260 2454
4278 931
4240 1968
5455 4696
1482 5570
4169 199
70 138
4684 807
648 2595
2153 91
1451 4412
3 2305
4803 1492
2471 3450
1103 3484
965 2834
3620 6284
1075 403
4205 2328
2805 355
998 1553
3520 1519
4255 6038
5135 4424
808 4881
1424 1024
5678 4017
5825 3482
3927 2225
1114 5131
4174 1356
5136 3094
267 4558
2454 3723
931 250
1968 6187
4696 3660
5570 1979
199 2078
138 389
807 4750
2595 1971
91 669
4412 1910
2305 3235
1492 2804
3450 4344
3484 2908
2834 4685
6284 2337
403 4413
2328 2367
355 734
1553 3383
1519 3363
6038 1080
4424 2862
4881 2431
1024 646
4017 1698
3482 4324
2225 414
5131 3339
1356 5478
3094 6050
4558 582
3723 4351
250 6266
6187 6210
3660 1679
1979 4691
2078 3398
389 4707
4750 5071
1971 3063
669 2364
1910 3215
3235 5930
2804 457
4344 940
2908 6226
4685 3499
2337 4608
4413 3210
2367 5132
734 3652
3383 3043
3363 1884
1080 3285
2862 5790
2431 1129
646 5945
1698 3847
4324 2777
414 5935
3339 3500
5478 1738
6050 546
582 5493
4351 4542
6266 1351
6210 2276
1679 1273
4691 5238
3398 3265
4707 1773
5071 5120
3063 287
2364 3876
3215 2659
5930 2024
457 3736
940 5479
6226 6161
3499 5
4608 3978
3210 3657
5132 4187
3652 5992
3043 6071
1884 4824
3285 3991
5790 904
1129 6101
5945 1387
3847 371
2777 5187
5935 3869
3500 3006
1738 2802
546 5688
5493 2160
4542 126
1351 5159
2276 2060
1273 5272
5238 4726
3265 3100
1773 4850
5120 226
287 3294
3876 3586
2659 5471
2024 4522
3736 3131
5479 2247
6161 5520
5 4160
3978 2969
3657 2978
4187 5443
5992 51
6071 4235
4824 5699
3991 3222
904 2414
6101 5914
1387 6087
371 4761
5187 68
3869 3371
3006 3898
2802 2521
5688 5873
2160 707
126 1705
5159 2873
2060 5959
5272 5954
4726 4426
3100 775
4850 2508
226 2693
3294 5277
3586 4285
5471 3108
4522 1419
3131 3414
2247 5631
5520 5004
4160 4624
2969 4448
2978 2261
5443 1365
51 3291
4235 4229
5699 4094
3222 4469
2414 1694
5914 3708
6087 5921
4761 1755
68 4618
3371 5917
3898 3750
2521 5371
5873 3045
707 5473
1705 5416
2873 1782
5959 1987
5954 3175
4426 2262
775 5998
2508 2289
2693 5770
5277 492
4285 3880
3108 2825
1419 5157
3414 1846
5631 2017
5004 6098
4624 2033
4448 2818
2261 3587
1365 4475
3291 5865
4229 1140
4094 2745
4469 2840
1694 5847
3708 5848
5921 2244
1755 5152
4618 2593
5917 3388
3750 2389
5371 5444
3045 3782
5473 6017
5416 6209
1782 4089
1987 1181
3175 1604
2262 1255
5998 1747
2289 6049
5770 5186
492 1251
3880 3642
2825 1310
5157 2831
1846 4246
2017 9
6098 3138
2033 3361
2818 1012
3587 2421
4475 2461
5865 4885
1140 6280
2745 3051
2840 5702
5847 2781
5848 325
2244 2193
5152 2477
2593 4481
3388 5016
2389 2716
5444 1900
3782 3649
6017 3477
6209 654
4089 3510
1181 431
1604 1030
1255 3319
1747 6319
6049 1332
5186 3314
1251 1989
3642 76
1310 5306
2831 4415
4246 3671
9 813
3138 3936
3361 4370
1012 664
2421 5923
2461 6328
4885 1917
6280 4349
3051 4747
5702 3600
2781 3838
325 6014
2193 2050
2477 3552
4481 3639
5016 4613
2716 4321
1900 22
3649 2172
3477 1331
654 1328
3510 3338
431 289
1030 2021
3319 1412
6319 6269
1332 1292
3314 978
1989 2813
76 4592
5306 881
4415 4830
3671 5563
813 759
3936 3326
4370 5232
664 6249
5923 418
6328 3604
1917 5970
4349 1845
4747 764
3600 1537
3838 328
6014 4544
2050 2843
3552 3602
3639 4171
4613 481
4321 5975
22 1982
2172 99
1331 5690
1328 2554
3338 2856
289 5073
2021 686
1412 1986
6269 6336
1292 471
978 349
2813 5582
4592 5161
881 2877
4830 4596
5563 2292
759 2512
3326 1109
5232 3302
6249 5001
418 3007
3604 438
5970 2670
1845 1317
764 2556
1537 1004
328 170
4544 5513
2843 5753
3602 6148
4171 4147
481 2746
5975 5279
1982 5275
99 1483
5690 2358
2554 2519
2856 4138
5073 6190
686 5740
1986 1210
6336 943
471 4381
349 3014
5582 2143
5161 3347
2877 3885
4596 3085
2292 6275
2512 23
1109 5933
3302 5121
5001 4150
3007 480
438 2205
2670 4347
1317 4233
2556 406
1004 1832
170 5827
5513 6202
5753 1479
6148 4936
4147 4792
2746 395
5279 2435
5275 4531
1483 1628
2358 487
2519 6382
4138 4612
6190 3596
5740 4760
1210 5528
943 5590
4381 2667
3014 2903
2143 5065
3347 3164
3885 5014
3085 1787
6275 117
23 2897
5933 960
5121 3853
4150 1533
480 1436
2205 2135
4347 6018
4233 385
406 224
1832 4560
5827 4957
6202 5811
1479 1984
4936 2012
4792 2750
395 2379
2435 2770
4531 5577
1628 763
487 2224
6382 3864
4612 3178
3596 1751
4760 6294
5528 1235
5590 3488
2667 2091
2903 4385
5065 4649
3164 685
5014 3481
1787 2052
117 2747
2897 4601
960 4292
3853 2662
1533 2707
1436 5511
2135 4637
6018 1594
385 3068
224 1952
4560 4300
4957 1250
5811 4383
1984 3321
2012 1422
2750 1854
2379 5038
2770 3905
5577 5627
763 4480
2224 5673
3864 4605
3178 2879
1751 3179
6294 4662
1235 5889
3488 6178
2091 11
4385 3521
4649 1620
685 2641
3481 4211
2052 1366
2747 3828
4601 1309
4292 3765
2662 4403
2707 5836
5511 260
4637 3241
1594 2339
3068 5463
1952 3475
4300 4214
1250 3050
4383 5195
3321 3897
1422 543
1854 2806
5038 3316
3905 2040
5627 1660
4480 3145
5673 3533
4605 235
2879 4309
3179 5360
4662 4064
5889 4614
6178 2226
11 2073
3521 2329
1620 2848
2641 1155
4211 5707
1366 1122
3828 627
1309 392
3765 672
4403 6191
5836 6158
260 4513
3241 2740
2339 4886
5463 3977
3475 6327
4214 1943
3050 4848
5195 495
3897 611
543 3878
2806 5084
3316 3234
2040 3803
1660 1220
3145 5742
3533 3714
235 5497
4309 5027
5360 703
4064 6184
4614 4867
2226 1802
2073 459
2329 5739
2848 5384
1155 2310
5707 1963
1122 4502
627 6155
392 5293
672 1643
6191 5453
6158 344
4513 4394
2740 2348
4886 356
3977 4576
6327 3494
1943 153
4848 5507
495 2787
611 4177
3878 3816
5084 27
3234 613
3803 5633
1220 4325
5742 2020
3714 5636
5497 2616
5027 14
703 2171
6184 2790
4867 5662
1802 3174
459 1959
5739 5337
5384 573
2310 6247
1963 1406
4502 3858
6155 4939
5293 6326
1643 1674
5453 4932
344 2985
4394 3101
2348 3204
356 5607
4576 1105
3494 1839
153 5876
5507 5759
2787 2970
4177 361
3816 6183
27 3540
613 4390
5633 86
4325 2256
2020 128
5636 1442
2616 1473
14 5437
2171 696
2790 4992
5662 5129
3174 1649
1959 3125
5337 4876
573 3975
6247 148
1406 4333
3858 4449
4939 802
6326 278
1674 6103
4932 4113
2985 541
3101 771
3204 1923
5607 280
1105 702
1839 3893
5876 3436
5759 5819
2970 810
361 830
6183 5505
3540 338
4390 3110
86 1438
2256 6095
128 1509
1442 1062
1473 760
5437 1692
696 3092
4992 4076
5129 5701
1649 3952
3125 6315
4876 2968
3975 799
148 5221
4333 4004
4449 1885
802 3705
278 1488
6103 2971
4113 4677
541 3609
771 4420
1923 5150
280 3242
702 2316
3893 4141
3436 693
5819 1634
810 1407
830 3757
5505 164
338 4861
3110 176
1438 2195
6095 44
1509 3935
1062 1248
760 394
1692 3304
3092 4573
4076 5438
5701 4606
3952 5033
6315 219
2968 5558
799 6380
5221 1485
4004 4473
1885 2861
3705 5212
1488 6143
2971 2251
4677 443
3609 5013
4420 2206
5150 5651
3242 5328
2316 3029
4141 1104
693 6214
1634 2515
1407 4967
3757 2124
164 3122
4861 4834
176 4380
2195 1299
44 4365
3935 1746
1248 5445
394 796
3304 2504
4573 1598
5438 1394
4606 1568
5033 4716
219 5907
5558 2196
6380 3563
1485 3558
4473 3395
2861 3734
5212 1153
6143 1083
2251 3755
443 835
5013 3277
2206 2150
5651 2652
5328 3793
3029 2714
1104 1953
6214 512
2515 1300
4967 1208
2124 2623
3122 4883
4834 3871
4380 3995
1299 5858
4365 642
1746 5088
5445 1666
796 5671
2504 2686
1598 954
1394 2778
1568 3506
4716 3462
5907 4946
2196 6159
3563 5747
3558 2701
3395 1007
3734 750
1153 811
1083 1278
3755 4734
835 2181
3277 4827
2150 1973
2652 1881
3793 2357
2714 2754
1953 1426
512 3843
1300 5308
1208 3213
2623 6384
4883 1865
3871 1786
3995 1336
5858 1423
642 85
5088 4265
1666 239
5671 2749
2686 4765
954 31
2778 1967
3506 6270
3462 2809
4946 1113
6159 409
5747 3549
2701 5283
1007 6123
750 1671
811 1281
1278 2880
4734 422
2181 3670
4827 73
1973 2612
1881 2210
2357 1831
2754 2007
1426 4260
3843 5951
5308 3062
3213 5335
6384 1357
1865 4427
1786 4591
1336 3614
1423 4461
85 3726
4265 4116
239 336
2749 6090
4765 5201
31 451
1967 2220
6270 704
2809 2704
1113 5902
409 3105
3549 4392
5283 4621
6123 1803
1671 2558
1281 4570
2880 3379
422 3189
3670 3595
73 4284
2612 6179
2210 3715
1831 3209
2007 5474
4260 1822
5951 362
3062 2372
5335 629
1357 1808
4427 767
4591 6216
3614 6129
4461 4359
3726 6222
4116 5871
336 440
6090 4518
5201 5153
451 222
2220 3761
704 2678
2704 299
5902 4872
3105 4514
4392 75
4621 433
1803 6059
2558 1383
4570 5198
3379 2551
3189 2977
3595 92
4284 6279
6179 3945
3715 3212
3209 1367
5474 159
1822 335
362 4038
2372 4903
629 77
1808 5217
767 5140
6216 511
6129 1443
4359 2681
6222 115
5871 2771
440 2692
4518 4418
5153 4084
222 5579
3761 5000
2678 1841
299 66
4872 2111
4514 5482
75 2298
433 3954
6059 2155
1383 3418
5198 4226
2551 4435
2977 69
92 4508
6279 4208
3945 5829
3212 5529
1367 2613
159 411
335 2399
4038 2875
4903 4477
77 2610
5217 2689
5140 5147
511 733
1443 3684
2681 4977
115 136
2771 1633
2692 1390
4418 4472
4084 4688
5579 350
5000 2039
1841 3676
66 547
2111 3059
5482 4336
2298 5231
3954 5492
2155 1303
3418 1304
4226 1656
4435 993
69 1408
4508 3860
4208 5927
5829 5587
5529 4772
2613 6012
411 2914
2399 5476
2875 4501
4477 307
2610 1951
2689 2526
5147 2146
733 3033
3684 3560
4977 2064
136 1343
1633 1950
1390 26
4472 5011
4688 2451
350 1370
2039 3196
3676 2366
547 2893
3059 5085
4336 6055
5231 5724
5492 4724
1303 4268
1304 3442
1656 4862
993 1522
1408 3601
3860 4157
5927 1824
5587 2509
4772 699
6012 1530
2914 3039
5476 3259
4501 985
307 5549
1951 1589
2526 1527
2146 1149
3033 4185
3560 650
2064 1706
1343 5696
1950 2355
26 3254
5011 6025
2451 2037
1370 5852
3196 805
2366 5126
2893 1619
5085 3096
6055 4112
5724 537
4724 4117
4268 1792
3442 785
4862 1716
1522 391
3601 4660
4157 2144
1824 5385
2509 3933
699 3413
1530 5046
3039 2900
3259 6064
985 2377
5549 732
1589 1587
1527 2327
1149 4581
4185 5629
650 3771
1706 1005
5696 1311
2355 5430
3254 3411
6025 2598
2037 2109
5852 3435
805 4653
5126 2330
1619 5646
3096 4190
4112 2951
537 5096
4117 864
1792 2397
785 3144
1716 2320
391 5845
4660 950
2144 6241
5385 3184
3933 2803
3413 5744
5046 4934
2900 1040
6064 5984
2377 1662
732 1687
1587 1476
2327 4835
4581 4958
5629 3336
3771 1196
1005 3274
1311 3747
5430 4048
3411 114
2598 5411
2109 3153
3435 3216
4653 4505
2330 3197
5646 2440
4190 79
2951 4496
5096 3770
864 3868
2397 3089
3144 3451
2320 1145
5845 3807
950 5289
6241 1307
3184 5795
2803 2845
5744 5689
4934 2492
1040 3295
5984 6351
1662 5166
1687 206
1476 1511
4835 1057
4958 5398
3336 3924
1196 2930
3274 1319
3747 1368
4048 3976
114 4074
5411 3870
3153 3754
3216 5149
4505 3904
3197 5156
2440 1645
79 3208
4496 2896
3770 2285
3868 3011
3089 5234
3451 1027
1145 3467
3807 4656
5289 5368
1307 5797
5795 5575
2845 1828
5689 533
2492 4868
3295 5117
6351 1769
5166 3019
206 2726
1511 4451
1057 3240
5398 1538
3924 254
2930 6137
1319 819
1368 4565
3976 632
4074 3787
3870 1166
3754 4288
5149 4588
3904 187
5156 123
1645 856
3208 3775
2896 5639
2285 4180
3011 5431
5234 4837
1027 3667
3467 102
4656 5605
5368 2634
5797 5184
5575 4914
1828 3035
533 5608
4868 2388
5117 1724
1769 3329
3019 792
2726 286
4451 151
3240 1130
1538 4102
254 1614
6137 2578
819 5024
4565 850
632 2429
3787 6372
1166 1876
4288 800
4588 4366
187 1993
123 2086
856 1788
3775 2608
5639 1727
4180 2548
5431 2252
4837 2882
3667 3527
102 5844
5605 1707
2634 754
5184 639
4914 992
3035 5857
5608 4610
2388 1391
1724 5656
3329 4164
792 5861
286 2457
151 2932
1130 5980
4102 2555
1614 1169
2578 2432
5024 1490
850 3817
2429 1171
6372 599
1876 4879
800 5594
4366 5817
1993 4972
2086 5653
1788 5733
2608 3400
1727 1071
2548 6358
2252 2093
2882 2120
3527 2465
5844 714
1707 3290
754 3200
639 5170
992 2122
5857 3776
4610 3065
1391 5215
5656 3535
4164 4683
5861 973
2457 4982
2932 2732
5980 3643
2555 3098
1169 2826
2432 5957
1490 3698
3817 5334
1171 5704
599 1054
4879 1742
5594 5018
5817 4458
4972 5518
5653 3763
5733 5356
3400 4753
1071 6248
6358 2088
2093 3264
2120 4056
2465 1750
714 1222
3290 5604
3200 6285
5170 5210
2122 3199
3776 2395
3065 5891
5215 4052
3535 5110
4683 4455
973 5979
4982 5271
2732 665
3643 4483
3098 3249
2826 1231
5957 3826
3698 1695
5334 3536
5704 3424
1054 1856
1742 2833
5018 3781
4458 2132
5518 6212
3763 5300
5356 3079
4753 5298
6248 1911
2088 3113
3264 2967
4056 4789
1750 1609
1222 2816
5604 1627
6285 2059
5210 5070
3199 5205
2395 5638
5891 1858
4052 3337
5110 2691
4455 2734
5979 3460
5271 6341
665 4739
4483 1232
3249 33
1231 3040
3826 4320
1695 5392
3536 5738
3424 1277
1856 1810
2833 3685
3781 3099
2132 4221
6212 2996
5300 3677
3079 2062
5298 101
1911 4752
3113 3463
2967 4465
4789 2159
1609 2393
2816 606
1627 1733
2059 4698
5070 6389
5205 4375
5638 6065
1858 1450
3337 3342
2691 2359
2734 4916
3460 1495
6341 1683
4739 1891
1232 2963
33 1552
3040 3964
4320 4440
5392 2697
5738 2463
1277 586
1810 4562
3685 2854
3099 2281
4221 3022
2996 724
3677 4541
2062 837
101 1922
4752 2955
3463 6174
4465 3180
2159 4845
2393 851
606 61
1733 2801
4698 623
6389 3064
4375 838
6065 4697
1450 4795
3342 1883
2359 2998
4916 2655
1495 1052
1683 4466
1891 1554
2963 5351
1552 3168
3964 5082
4440 1055
2697 5556
2463 679
586 331
4562 5929
2854 1592
2281 3046
3022 2186
724 1646
4541 6244
837 6197
1922 4438
2955 3994
6174 4561
3180 4732
4845 5743
851 982
61 5102
2801 3638
623 2250
3064 4172
838 1340
4697 5885
4795 3292
1883 3354
2998 4437
2655 2738
1052 6093
4466 1032
1554 5866
5351 1245
3168 976
5082 324
1055 4737
5556 5148
679 1072
331 5467
5929 621
1592 1274
3046 2102
2186 4340
1646 5960
6244 2469
6197 6354
4438 5486
3994 6371
4561 691
4732 3837
5743 5973
982 3809
5102 4091
3638 4526
2250 4136
4172 5284
1340 5059
5885 3127
3292 2635
3354 3650
4437 1354
2738 5465
6093 4210
1032 5617
5866 4040
1245 4322
976 5213
324 3556
4737 1403
5148 3182
1072 4263
5467 1585
621 951
1274 1748
2102 843
4340 5347
5960 4847
2469 4962
6354 1600
5486 1551
6371 809
691 4422
3837 253
5973 2640
3809 4813
4091 1513
4526 3914
4136 2426
5284 5988
5059 2506
3127 6102
2635 4668
3650 6006
1354 1070
5465 48
4210 5290
5617 2575
4040 372
4322 2992
5213 2434
3556 5433
1403 4738
3182 2478
4263 1892
1585 4703
951 5883
1748 5725
843 6227
5347 5982
4847 2799
4962 3537
1600 3659
1551 706
809 1294
4422 859
253 3166
2640 1758
4813 4022
1513 4352
3914 916
2426 2729
5988 2758
2506 2071
6102 1200
4668 4488
6006 1076
1070 465
48 1457
5290 5758
2575 3266
372 4308
2992 3916
2434 1541
5433 3298
4738 3662
2478 2723
1892 3891
4703 2647
5883 5077
5725 3956
6227 4971
5982 3129
2799 3504
3537 2114
3659 3297
706 1798
1294 2473
859 2956
3166 4319
1758 1863
4022 2537
4352 6307
916 2660
2729 4137
2758 946
2071 4252
1200 3585
4488 4901
1076 3800
465 6381
1457 1099
5758 5379
3266 1478
4308 2014
3916 6115
1541 1703
3298 2125
3662 1966
2723 5164
3891 3948
2647 2591
5077 2534
3956 3253
4971 2409
3129 620
3504 3118
2114 3403
3297 4095
1798 1789
2473 2067
2956 5584
4319 387
1863 5812
2537 4995
6307 4015
2660 4345
4137 3412
946 4360
4252 524
3585 708
4901 2837
3800 551
6381 282
1099 3112
5379 3840
1478 1469
2014 5312
6115 4373
1703 3093
2125 1945
1966 3514
5164 4585
3948 4350
2591 2807
2534 5780
3253 3486
2409 1550
620 4334
3118 1026
3403 4910
4095 5521
1789 4063
2067 2768
5584 6256
387 3146
5812 5489
4995 694
4015 3908
4345 5494
3412 1639
4360 1524
524 6084
708 3245
2837 2677
551 4801
282 2498
3112 2008
3840 4257
1469 2577
5312 872
4373 2047
3093 5754
1945 5652
3514 3580
4585 2334
4350 3262
2807 3804
5780 3835
3486 1825
1550 2090
4334 1944
1026 3480
4910 1078
5521 3479
4063 5028
2768 5697
6256 3528
3146 3487
5489 2089
694 6140
3908 6023
5494 353
1639 3962
1524 2002
6084 1237
3245 3839
2677 1197
4801 2800
2498 2743
2008 6113
4257 922
2577 3081
872 2010
2047 3358
5754 1021
5652 3330
3580 4832
2334 5359
3262 4249
3804 4018
3835 3525
1825 4119
2090 4536
1944 2394
3480 2502
1078 1241
3479 4457
5028 6264
5697 2038
3528 3724
3487 980
2089 1561
6140 3872
6023 5158
353 2852
3962 3349
2002 2065
1237 1264
3839 2543
1197 2445
2800 4241
2743 2406
6113 1906
922 4874
3081 5206
2010 469
3358 5613
1021 2722
3330 3831
4832 2753
5359 5675
4249 5450
4018 6107
3525 1577
4119 1722
4536 4553
2394 3753
2502 1934
1241 303
4457 3289
6264 6138
2038 4250
3724 3539
980 1091
1561 658
3872 4224
5158 83
2852 1611
3349 2213
2065 4908
1264 1141
2543 4217
2445 4186
4241 3320
2406 4520
1906 257
4874 2538
5206 558
469 2957
5613 1761
2722 2019
3831 2823
2753 3702
5675 607
5450 984
6107 5255
1577 5677
1722 2884
4553 6182
3753 5285
1934 5222
303 3501
3289 5936
6138 3779
4250 4262
3539 2070
1091 3147
658 413
4224 2661
83 6128
1611 3221
2213 1186
4908 2121
1141 4323
4217 1378
4186 3777
3320 1133
4520 2333
257 5958
2538 4099
558 3842
2957 1644
1761 6058
2019 5408
2823 5288
3702 3190
607 301
984 2110
5255 3572
5677 1154
2884 782
6182 1453
5285 6355
5222 1125
3501 548
5936 532
3779 15
4262 5049
2070 5807
3147 3439
413 2847
2661 5530
6128 4168
3221 5649
1186 3628
2121 3114
4323 2609
1378 5369
3777 263
1133 1239
2333 288
5958 3280
4099 630
3842 1079
1644 1207
6058 6292
5408 1873
5288 3966
3190 5561
301 3195
2110 855
3572 4442
1154 1268
782 4643
1453 4395
6355 3084
1125 515
548 4539
532 4632
15 5849
5049 4564
5807 3465
3439 5314
2847 5666
5530 2557
4168 5459
5649 5169
3628 1778
3114 2626
2609 651
5369 2836
263 3394
1239 2287
288 824
3280 1416
630 6207
1079 4162
1207 5034
6292 3625
1873 3786
3966 5637
5561 5776
3195 202
855 5868
4442 4098
1268 1913
4643 5623
4395 3626
3084 5824
515 2234
4539 1484
4632 3588
5849 4622
4564 6376
3465 4661
5314 1562
5666 3915
2557 5268
5459 2480
5169 3341
1778 5419
2626 2605
651 4895
2836 3745
3394 4791
2287 2698
824 1701
1416 5787
6207 755
4162 2384
5034 5039
3625 4368
3786 2898
5637 6047
5776 4364
202 793
5868 1503
4098 2682
1913 5182
5623 3565
3626 4057
5824 4609
2234 4815
1484 5091
3588 5208
4622 2931
6376 4495
4661 3159
1562 6001
3915 723
5268 3709
2480 3067
3341 3431
5419 1675
2605 1487
4895 4823
3745 2994
4791 1635
2698 3167
1701 4143
5787 6109
755 5353
2384 5146
5039 5155
4368 1215
2898 3246
6047 4846
4364 4121
793 510
1503 2481
2682 3637
5182 6311
3565 441
4057 4069
4609 3279
4815 928
5091 4840
5208 4797
2931 113
4495 5370
3159 1654
6001 2228
723 216
3709 6007
3067 5261
3431 1794
1675 4105
1487 1462
4823 2398
2994 695
1635 2354
3167 2597
4143 1043
6109 4988
5353 3396
5146 1508
5155 5632
1215 5012
3246 5532
4846 2560
4121 3355
510 3367
2481 4130
3637 3859
6311 600
441 1335
4069 1223
3279 359
928 2622
4840 4533
4797 1969
113 52
5370 5769
1654 3220
2228 4730
216 1330
6007 2959
5261 1632
1794 3498
4105 2119
1462 4626
2398 1359
695 3814
2354 3086
2597 4811
1043 5299
4988 6043
3396 312
1508 3177
5632 2188
5012 4489
5532 3244
2560 5599
3355 3694
3367 4915
4130 821
3859 4081
600 2830
1335 5661
1223 4343
359 5185
2622 3929
4533 5254
1969 1308
52 3799
5769 1838
3220 3283
4730 1570
1330 4507
2959 252
1632 5466
3498 5576
2119 5719
4626 4736
1359 4361
3814 970
3086 5080
4811 4478
5299 1741
6043 1693
312 5614
3177 5766
2188 1312
4489 4860
3244 5810
5599 1626
3694 1631
4915 1601
821 4251
4081 1827
2830 3185
5661 4306
4343 3969
5185 1844
3929 71
5254 6192
1308 3557
3799 6347
1838 3997
3283 869
1570 1315
4507 1795
252 5057
5466 5256
5576 2446
5719 3340
4736 5757
4361 698
970 2183
5080 5325
4478 933
1741 4814
1693 5183
5614 2789
5766 4866
1312 6265
4860 186
5810 4641
1626 2874
1631 1430
1601 207
4251 2309
1827 1213
3185 1681
4306 5919
3969 3172
1844 5389
71 6110
6192 3224
3557 5386
6347 768
3997 1401
869 938
1315 3156
1795 4144
5057 4013
5256 4755
2446 5572
3340 3562
5757 3616
698 3819
2183 185
5325 1596
933 3115
4814 3252
5183 4666
2789 5118
4866 6276
6265 3827
186 5991
4641 295
2874 5947
1430 2079
207 2215
2309 3416
1213 4651
1681 3225
5919 1198
3172 2899
5389 848
6110 319
3224 5373
5386 2590
768 3387
1401 6054
938 1229
3156 4902
4144 4407
4013 3882
4755 4926
5572 1427
3562 903
3616 3686
3819 474
185 3648
1596 3004
3115 4506
3252 4353
4666 944
5118 4096
6276 2452
3827 4582
5991 5361
295 5099
5947 550
2079 1246
2215 1142
3416 986
4651 5180
3225 662
1198 5784
2899 1434
848 2214
319 2869
5373 4523
2590 3165
3387 80
6054 5684
1229 860
4902 173
4407 501
3882 2483
4926 6282
1427 5548
903 4194
3686 3356
474 2459
3648 4657
3004 5426
4506 2369
4353 3618
944 4583
4096 3214
2452 1289
4582 2611
5361 8
5099 6131
550 1965
1246 2838
1142 5964
986 1932
5180 108
662 2107
5784 5756
1434 3456
2214 2419
2869 3627
4523 209
3165 6170
80 3421
5684 1700
860 6225
173 2495
501 2209
2483 3457
6282 4956
5548 2408
4194 5963
3356 4528
2459 194
4657 1226
5426 1545
2369 404
3618 6156
4583 3335
3214 4918
1289 5814
2611 5543
8 5700
6131 2585
1965 357
2838 1131
5964 4788
1932 3461
108 366
2107 5343
5756 334
3456 4534
2419 2190
3627 6288
209 321
6170 4917
3421 5783
1700 4486
6225 5052
2495 157
2209 5410
3457 825
4956 2403
2408 1584
5963 6120
4528 1302
194 4812
1226 1162
1545 4905
404 5220
6156 1329
3335 1556
4918 3764
5814 5698
5543 3013
5700 4639
2585 2890
357 5415
1131 2617
4788 4175
3461 5388
366 2
5343 3393
334 884
4534 5323
2190 4218
6288 5779
321 3673
4917 6297
5783 4770
4486 5547
5052 4983
157 3727
5410 3850
825 5948
2403 3950
1584 4630
6120 6
1302 879
4812 2415
1162 4503
4905 2532
5220 390
1329 1685
1556 1991
3764 4525
5698 4749
3013 1889
4639 3985
2890 2248
5415 4540
2617 1106
4175 2412
5388 3979
2 3712
3393 6091
884 587
5323 3689
4218 1212
5779 4718
3673 4398
6297 6388
4770 4289
5547 3965
4983 268
3727 1345
3850 581
5948 4930
3950 3641
4630 4266
6 2761
879 5151
2415 2514
4503 2332
2532 5358
390 2720
1685 2272
1991 4742
4525 29
4749 4248
1889 876
3985 98
2248 420
4540 1190
1106 2708
2412 330
3979 996
3712 3453
6091 920
587 180
3689 635
1212 5545
4718 4023
4398 5828
6388 6048
4289 2596
3965 595
268 3944
1345 6308
581 3432
4930 6218
3641 5703
4266 1164
2761 1116
5151 4134
2514 1756
2332 4468
5358 3485
2720 3037
2272 6169
4742 3176
29 2710
4248 5401
876 1659
98 5250
420 6003
1190 4604
2708 5162
330 2402
996 5441
3453 4829
920 4964
180 28
635 753
5545 4631
4023 5768
5828 3193
6048 5111
2596 2396
595 1322
3944 5101
6308 1501
3432 2192
6218 1640
5703 3543
1164 3756
1116 1764
4134 2797
1756 2666
4468 1349
3485 3230
3037 4450
6169 1009
3176 2425
2710 2365
5401 592
1659 5706
5250 1417
6003 4663
4604 483
5162 2654
2402 882
5441 1576
4829 1801
4964 516
28 1306
753 5172
4631 5364
5768 4996
3193 4354
5111 3117
2396 898
1322 1440
5101 741
1501 412
2192 129
1640 937
3543 248
3756 4108
1764 591
2797 112
2666 3397
1349 1334
3230 2094
4450 1749
1009 3591
2425 6211
2365 942
592 4690
5706 2185
1417 2835
4663 5533
483 5568
2654 5620
882 3300
1576 4179
1801 2594
516 4689
1306 4085
5172 1942
5364 17
4996 3970
4354 1244
3117 3696
898 5366
1440 2533
741 1783
412 4399
129 2118
937 5324
248 3047
4108 1514
591 234
112 6145
3397 2767
1334 2522
2094 3644
1749 3322
3591 826
6211 1861
942 1977
4690 3226
2185 2725
2835 158
5533 4743
5568 4402
5620 999
3300 2638
4179 6094
2594 4494
4689 1034
4085 4376
1942 489
17 2546
3970 936
1244 4034
3696 857
5366 3483
2533 468
1783 13
4399 5821
2118 4122
5324 1456
3047 3023
1514 4998
234 5165
6145 3617
2767 4981
2522 111
3644 4025
3322 5235
826 3973
1861 509
1977 5382
3226 1586
2725 2676
158 3301
4743 3282
4402 4728
999 3082
2638 5752
6094 3468
4494 290
1034 258
4376 2936
489 221
2546 683
936 327
4034 3545
857 5650
3483 2619
468 4037
13 5500
5821 1010
4122 5225
1456 227
3023 5119
4998 2182
5165 5881
3617 472
4981 3790
111 2475
4025 4586
5235 1205
3973 3846
509 2792
5382 1618
1586 5175
2676 2116
3301 4833
3282 1178
4728 2868
3082 1866
5752 5514
3468 4299
290 2819
258 5390
2936 39
221 177
683 2568
327 2092
3545 2721
5650 2099
2619 6377
4037 1636
5500 2499
1010 3629
5225 4650
227 4851
5119 50
2182 3774
5881 419
472 1578
3790 1855
2475 539
4586 6118
1205 1992
3846 4215
2792 1107
1618 1437
5175 1173
2116 4999
4833 4870
1178 3656
2868 2142
1866 5585
5514 5019
4299 913
2819 408
5390 3071
39 5956
177 4128
2568 4267
2092 4816
2721 6342
2099 5469
6377 5705
1636 1285
2499 6301
3629 5030
4650 540
4851 2756
50 5610
3774 1217
419 3703
1578 3918
1855 2336
539 3874
6118 1958
1992 5531
4215 5595
1107 2953
1437 5994
1173 4195
4999 726
4870 5021
3656 1388
2142 5041
5585 166
5019 5495
913 901
408 5154
3071 2658
5956 6383
4128 2604
4267 4231
4816 2518
6342 284
5469 2240
5705 5781
1285 3111
6301 4445
5030 4873
540 5190
2756 388
5610 1980
1217 3010
3703 1489
3918 1389
2336 3076
3874 1664
1958 966
5531 1447
5595 2098
2953 521
5994 5886
4195 2204
726 727
5021 1324
1388 2733
5041 3323
166 2588
5495 602
901 2416
5154 1266
2658 2000
6383 1882
2604 1689
4231 5259
2518 5496
284 3466
2240 488
5781 1780
3111 5645
4445 3419
4873 5402
5190 3532
388 5799
1980 1236
3010 2907
1489 2927
1389 6228
3076 437
1664 1532
966 863
1447 817
2098 964
521 4484
5886 455
2204 1017
727 3909
1324 5278
2733 4766
3323 3522
2588 5047
602 1799
2416 5100
1266 4378
2000 274
1882 4826
1689 6367
5259 3025
5496 2741
3466 5377
488 3892
1780 46
5645 1999
3419 2030
5402 4974
3532 1159
5799 3883
1236 6189
2907 5346
2927 5490
6228 1454
437 2391
1532 2991
863 508
817 4855
964 5320
4484 2979
455 2620
1017 6223
3909 6126
5278 6333
4766 67
3522 3623
5047 4005
1799 2061
5100 2866
4378 2550
274 2443
4826 5116
6367 4031
3025 2128
2741 990
5377 2760
3892 5274
46 4181
1999 3645
2030 119
4974 3236
1159 4372
3883 2325
6189 545
5346 4521
5490 5487
1454 2371
2391 2187
2991 1058
508 2428
4855 5233
5320 2788
2979 2586
2620 3055
6223 5839
6126 2694
6333 2494
67 2273
3623 2424
4005 5393
2061 833
2866 4247
2550 4500
2443 4253
5116 1321
4031 2829
2128 5755
990 1201
2760 3135
5274 2935
4181 2696
3645 2702
119 6213
3236 3922
4372 6196
2325 386
545 725
4521 4989
5487 831
2371 520
2187 2386
1058 3590
2428 1904
5233 784
2788 5771
2586 676
3055 2516
5839 684
2694 1008
2494 1826
2273 1474
2424 3567
5393 2450
833 1539
4247 5092
4500 3751
4253 765
1321 2197
2829 530
5755 1446
1201 6318
3135 5336
2935 4191
2696 2422
2702 3405
6213 1400
3922 4692
6196 502
386 6281
725 5538
4989 1914
831 4733
520 5997
2386 4232
3590 2779
1904 5803
784 6089
5771 4227
676 5193
2516 5219
684 5798
1008 3109
1826 231
1474 4888
3567 3053
2450 5796
1539 4671
5092 6312
3751 5942
765 1877
2197 6072
530 507
1446 3201
6318 3647
5336 2297
4191 1875
2422 4554
3405 345
1400 3407
4692 5461
502 2401
6281 4925
5538 6181
1914 3250
4733 4356
5997 4487
4232 4393
2779 6260
5803 5404
6089 4054
4227 342
5193 789
5219 5877
5798 3271
3109 2255
231 4966
4888 4016
3053 3366
5796 2944
4671 4511
6312 4763
5942 845
1877 5281
6072 1814
507 2268
3201 426
3647 2321
2297 1176
1875 3559
4554 1279
345 5446
3407 1805
5461 5985
2401 643
4925 3784
6181 3206
3250 5226
4356 4889
4487 149
4393 991
6260 2766
5404 4722
4054 4080
342 3729
789 5926
5877 3077
3271 5564
2255 2322
4966 5583
4016 107
3366 6009
2944 4767
4511 5539
4763 5042
845 1023
5281 485
1814 2517
2268 1275
426 2981
2321 2293
1176 5262
3559 4899
1279 2643
5446 6096
1805 4682
5985 5344
643 5782
3784 4430
3206 3741
5226 4058
4889 2599
149 3607
991 5683
2766 5025
4722 2058
4080 2889
3729 5578
5926 3895
3077 2683
5564 1772
2322 2663
5583 211
107 2219
6009 5993
4767 1563
5539 2382
5042 3422
1023 1880
485 2444
2517 3309
1275 2784
2981 5851
2293 4714
5262 2018
4899 4287
2643 2484
6096 3070
4682 3275
5344 6147
5782 4283
4430 1327
3741 6180
4058 4002
2599 559
3607 4723
5683 877
5025 5648
2058 1063
2889 5562
5578 5375
3895 4574
2683 2690
1772 585
2663 1491
211 496
2219 919
5993 3746
1563 5560
2382 5519
3422 5976
1880 1924
2444 1234
3309 905
2784 3374
5851 2053
4714 3492
2018 497
4287 2853
2484 1752
3070 2872
3275 3542
6147 3288
4283 3711
1327 5635
6180 4042
4002 5540
559 6106
4723 5592
877 1935
5648 564
1063 2335
5562 5512
5375 4120
4574 5663
2690 5634
585 4159
1491 3818
496 2582
919 4296
3746 6346
5560 2323
5519 3894
5976 5523
1924 428
1234 2313
905 4984
3374 2780
2053 4065
3492 47
497 861
2853 880
1752 4447
2872 5452
3542 2724
3288 1373
3711 1377
5635 3211
4042 5477
5540 1833
6106 673
5592 3742
1935 2222
564 2362
2335 2925
5512 638
4120 2373
5663 4216
5634 1777
4159 4021
3818 4882
2582 55
4296 3353
6346 4271
2323 5969
3894 5741
5523 744
428 4759
2313 4423
4984 5484
2780 2820
4065 1699
47 1704
861 3849
880 6104
4447 1878
5452 787
2724 3688
1373 6374
1377 738
3211 619
5477 3427
1833 5123
673 1086
3742 2166
2222 5667
2362 3459
2925 6092
638 525
2373 2727
4216 397
1777 5502
4021 243
4882 2685
55 1770
3353 622
4271 3258
5969 4997
5741 2633
744 220
4759 995
4423 526
5484 5750
2820 4853
1699 6373
1704 1732
3849 4129
6104 2565
1878 4557
787 1087
3688 5971
6374 2044
738 729
619 6100
3427 1393
5123 1929
1086 593
2166 779
5667 3223
3459 2892
6092 3971
525 2510
2727 6360
397 862
5502 6016
243 6154
2685 3655
1770 4073
622 1593
3258 5171
4997 5773
2633 5676
220 5911
995 3106
526 6287
5750 1557
4853 5908
6373 2505
1732 3324
4129 3130
2565 2888
4557 6199
1087 3524
5971 281
2044 3832
729 6350
6100 4474
1393 6329
1929 4019
593 1467
779 2221
3223 675
2892 4675
3971 134
2510 3509
6360 2147
862 2649
6016 1000
6154 689
3655 4702
4073 5113
1593 1019
5171 1820
5773 1100
5676 4700
5911 5075
3106 5468
6287 5872
1557 1939
5908 1358
2505 1498
3324 1163
3130 3173
2888 3191
6199 4303
3524 2918
281 1006
3832 952
6350 144
4474 6338
6329 5029
4019 2466
1467 2275
2221 5708
675 435
4675 160
134 2138
3509 5327
2147 647
2649 917
1000 2066
689 5534
4702 4599
5113 2363
1019 3194
1820 6254
1100 5451
4700 2485
5075 4498
5468 2009
5872 1421
1939 3430
1358 2679
1498 2507
1163 3238
3173 3445
3191 4887
4303 4389
2918 4602
1006 4067
952 4070
144 318
6338 439
5029 2326
2466 5007
2275 2564
5708 4563
435 5823
160 2085
2138 1907
5327 5882
647 6075
917 4269
2066 731
5534 236
4599 4804
2363 2361
3194 5794
6254 4679
5451 1571
2485 5196
4498 3489
2009 4188
1421 3313
3430 1036
2679 5176
2507 4471
3238 1850
3445 1597
4887 3575
4389 519
4602 4769
4067 2376
4070 561
318 5243
439 2423
2326 1624
5007 680
2564 4206
4563 1737
5823 633
2085 4140
1907 2844
5882 4768
6075 4061
4269 5665
731 656
236 2987
4804 2263
2361 3381
5794 6057
4679 1347
1571 2113
5196 1574
3489 3844
4188 4341
3313 4950
1036 1955
5176 5509
4471 3315
1850 988
1597 3666
3575 5090
519 2637
4769 4317
2376 1
561 1766
5243 2796
2423 6033
1624 1049
680 4757
4206 2254
1737 5765
633 5294
4140 3851
2844 3161
4768 906
4061 5721
5665 2236
656 373
2987 4379
2263 2615
3381 2460
6057 5728
1347 1085
