7860
292 2838
292 34
292 6718
292 4435
2838 6727
34 5740
34 1471
34 5687
6718 2829
6718 1412
6718 6517
4435 4329
4435 6985
6727 313
6727 2440
6727 2931
6727 7335
5740 7353
5740 4096
1471 2438
5687 6019
5687 6208
2829 3061
1412 7687
1412 6415
1412 195
6517 3325
4329 4577
4329 6495
4329 1045
6985 3887
6985 1928
313 7562
2440 5511
2931 7521
7335 5709
7335 469
7335 1440
7353 4446
4096 227
2438 5269
6019 2036
6019 2869
6019 5388
6208 4595
6208 675
6208 7280
3061 1948
3061 6339
3061 5198
7687 3656
7687 7292
6415 3645
6415 3129
195 118
3325 1827
3325 1601
3325 2221
4577 3757
4577 4995
4577 5962
6495 4007
1045 7804
3887 1731
3887 2943
1928 4098
1928 3165
7562 7396
5511 251
5511 6029
7521 4005
7521 1315
5709 4744
469 7239
469 7834
1440 3954
4446 5537
4446 7
227 4345
5269 5643
5269 5753
2036 1533
2036 6481
2869 5882
5388 1417
5388 1210
4595 4850
675 801
675 2621
7280 6571
7280 1777
1948 2491
1948 882
6339 3075
5198 4730
5198 210
3656 3588
3656 5948
7292 2241
7292 6638
3645 1737
3645 7549
3129 1874
3129 6299
118 3515
1827 707
1827 5743
1601 5703
2221 5199
2221 7581
3757 6708
4995 3935
5962 449
4007 1407
7804 968
1731 2900
1731 605
2943 4791
4098 6178
4098 4133
3165 244
3165 6247
7396 1836
251 6499
6029 1379
4005 7235
1315 2875
4744 364
7239 4800
7834 1908
7834 972
3954 5981
5537 199
7 6806
7 4371
4345 7257
4345 631
5643 5926
5753 403
1533 2903
6481 2186
5882 692
1417 3242
1210 6296
4850 6881
801 6730
2621 240
6571 702
1777 1092
2491 7692
882 1947
3075 436
4730 1223
210 2403
3588 4004
5948 256
2241 5613
6638 5168
1737 2489
7549 4377
1874 818
6299 973
3515 4069
707 2807
5743 1427
5703 7490
5199 2860
7581 774
6708 5699
3935 4177
449 7592
1407 5798
968 6272
2900 2674
605 506
4791 3227
6178 783
4133 3082
244 7240
6247 1131
1836 7366
6499 5682
1379 4166
7235 3381
2875 3260
364 7597
4800 659
1908 4454
972 2898
5981 2469
199 5860
6806 3702
4371 2051
7257 6601
631 4390
5926 6190
403 6380
2903 3249
2186 1433
692 5060
3242 6940
6296 4809
6881 222
6730 80
240 6467
702 4504
1092 1701
7692 7247
1947 819
436 341
1223 62
2403 2225
4004 732
256 237
5613 2657
5168 197
2489 1988
4377 2271
818 4442
973 7488
4069 2505
2807 5712
1427 1001
7490 79
2860 51
774 3682
5699 355
4177 5751
7592 3677
5798 3689
6272 6305
2674 1154
506 1187
3227 1319
783 5455
3082 3417
7240 6236
1131 6308
7366 2019
5682 3504
4166 7781
3381 7356
3260 2934
7597 5731
659 7520
4454 6611
2898 4934
2469 1667
5860 7199
3702 6850
2051 1415
6601 6860
4390 264
6190 7730
6380 3084
3249 7688
1433 4482
5060 6306
6940 1006
4809 4838
222 3747
80 3937
6467 1855
4504 6193
1701 7241
7247 182
819 6871
341 2453
62 2466
2225 7360
732 5088
237 7853
2657 7248
197 573
1988 3860
2271 7572
4442 5145
7488 6143
2505 1257
5712 7243
1001 2387
79 1312
51 693
3682 3205
355 1943
5751 728
3677 1281
3689 2173
6305 5895
1154 7442
1187 5949
1319 2143
5455 4268
3417 2530
6236 4027
6308 5112
2019 7130
3504 5934
7781 5105
7356 3383
2934 1732
5731 5386
7520 5737
6611 1367
4934 6912
1667 2178
7199 671
6850 346
1415 3906
6860 7207
264 6782
7730 4674
3084 941
7688 2435
4482 4307
6306 3710
1006 5234
4838 1503
3747 5111
3937 1728
1855 4920
6193 7072
7241 7678
182 6838
6871 4659
2453 206
2466 7225
7360 2836
5088 3503
7853 6194
7248 2317
573 4293
3860 2273
7572 5508
5145 1401
6143 653
1257 2841
7243 1226
2387 5182
1312 4359
693 1550
3205 6122
1943 5096
728 6891
1281 4281
2173 6374
5895 7285
7442 3037
5949 4757
2143 5235
4268 2676
2530 6258
4027 7317
5112 6884
7130 307
5934 6191
5105 4349
3383 7071
1732 7516
5386 4763
5737 920
1367 901
6912 3214
2178 425
671 792
346 1283
3906 2003
7207 4376
6782 6269
4674 726
941 257
2435 5552
4307 3514
3710 6534
5234 6294
1503 5299
5111 2144
1728 7825
4920 4784
7072 3540
7678 1868
6838 2040
4659 5256
206 1039
7225 544
2836 2133
3503 7633
6194 782
2317 1481
4293 6124
2273 843
5508 7517
1401 253
653 3639
2841 716
1226 1808
5182 1799
4359 1833
1550 729
6122 7201
5096 6456
6891 6227
4281 2419
6374 3785
7285 4013
3037 2751
4757 7855
5235 4193
2676 1215
6258 6165
7317 201
6884 1896
307 5660
6191 1614
4349 2394
7071 7440
7516 7380
4763 3894
920 4012
901 2326
3214 2061
425 6256
792 530
1283 65
2003 5940
4376 1621
6269 6075
726 5694
257 4189
5552 2201
3514 6281
6534 5707
6294 7146
5299 796
2144 4568
7825 4806
4784 4305
3540 1617
1868 2722
2040 7806
5256 6526
1039 582
544 925
2133 437
7633 5965
782 7492
1481 3158
6124 5608
843 2818
7517 4538
253 2282
3639 4413
716 6731
1808 6101
1799 2618
1833 490
729 3118
7201 4216
6456 1822
6227 3336
2419 3713
3785 347
4013 5872
2751 7446
7855 2122
4193 7648
1215 6959
6165 6747
201 4365
1896 6004
5660 7151
1614 4608
2394 616
7440 5200
7380 3497
3894 23
4012 3308
2326 1942
2061 6201
6256 992
530 7711
65 226
5940 2837
1621 5509
6075 6368
5694 932
4189 5852
2201 7155
6281 3063
5707 7544
7146 935
796 5336
4568 691
4806 3507
4305 3834
1617 4955
2722 5249
7806 2308
6526 2484
582 5052
925 4273
437 3173
5965 7538
7492 3885
3158 5518
5608 140
2818 3464
4538 3850
2282 3269
4413 1784
6731 848
6101 2867
2618 4104
490 1606
3118 4987
4216 3859
1822 2619
3336 2536
3713 73
347 7474
5872 4170
7446 6958
2122 3028
7648 2386
6959 1402
6747 6950
4365 3295
6004 3985
7151 5988
4608 7470
616 3596
5200 4445
3497 31
23 1353
3308 2032
1942 5625
6201 1657
992 1371
7711 4982
226 6202
2837 4036
5509 1311
6368 7794
932 3565
5852 7810
7155 931
3063 2073
7544 556
935 3456
5336 492
691 6185
3507 3424
3834 3315
4955 2185
5249 6433
2308 2156
2484 4180
5052 6286
4273 771
3173 2777
7538 4295
3885 700
5518 7297
140 6962
3464 4202
3850 6972
3269 1788
1784 6103
848 1914
2867 7301
4104 2889
1606 3579
4987 4264
3859 1669
2619 5213
2536 3807
73 1318
7474 215
4170 576
6958 4946
3028 2894
2386 3552
1402 2533
6950 6734
3295 5519
3985 5555
5988 2248
7470 5305
3596 1502
4445 5781
31 6704
1353 3130
2032 149
5625 5717
1657 2474
1371 78
4982 5542
6202 4754
4036 70
1311 6288
7794 3245
3565 2138
7810 5121
931 4681
2073 1922
556 2752
3456 954
492 3352
6185 1176
3424 6121
3315 807
2185 7395
6433 4905
2156 2932
4180 4815
6286 5553
771 510
2777 2629
4295 1993
700 1917
7297 5718
6962 5741
4202 6700
6972 2128
1788 7542
6103 2056
1914 5139
7301 2375
2889 4750
3579 4479
4264 4382
1669 7038
5213 3696
3807 3577
1318 6418
215 583
576 6576
4946 5446
2894 2354
3552 1825
2533 2181
6734 876
5519 7476
5555 6056
2248 1470
5305 1286
1502 6355
5781 5693
6704 1466
3130 3852
149 4330
5717 3587
2474 2490
78 2881
5542 2305
4754 3064
70 3736
6288 5399
3245 5529
2138 2927
5121 5755
4681 3549
1922 6825
2752 3148
954 5879
3352 2926
1176 7307
6121 755
807 3594
7395 642
4905 2092
2932 5185
4815 3658
5553 834
510 1474
2629 6624
1993 4505
1917 259
5718 1645
5741 3697
6700 5710
2128 6402
7542 6244
2056 961
5139 7426
2375 2557
4750 3783
4479 3217
4382 3593
7038 1165
3696 4366
3577 2331
6418 2628
583 3771
6576 6710
5446 4403
2354 236
1825 5689
2181 4178
876 4335
7476 3201
6056 2647
1470 3959
1286 2664
6355 4537
5693 4564
1466 5628
3852 37
4330 3430
3587 6781
2490 6931
2881 5221
2305 2977
3064 6184
3736 4111
5399 921
5529 6828
2927 7820
5755 3190
3549 1648
6825 938
3148 4599
5879 6088
2926 6688
7307 5813
755 2823
3594 937
642 1418
2092 1332
5185 4552
3658 1742
834 7702
1474 447
6624 46
4505 5829
259 571
1645 320
3697 643
5710 6547
6402 5661
6244 10
961 5040
7426 2439
2557 430
3783 2015
3217 5127
3593 2130
1165 6160
4366 3410
2331 4488
2628 567
3771 3848
6710 7819
4403 3293
236 3543
5689 3664
4178 3304
4335 1372
3201 705
2647 7291
3959 1805
2664 116
4537 5412
4564 2763
5628 640
37 5209
3430 485
6781 6473
6931 1214
5221 4668
2977 7801
6184 1194
4111 2576
921 5973
6828 4503
7820 6759
3190 5337
1648 1557
938 1030
4599 1058
6088 7485
6688 3896
5813 7074
2823 913
937 6435
1418 4392
1332 7350
4552 96
1742 821
7702 1834
447 7843
46 2577
5829 2223
571 1016
320 4605
643 994
6547 545
5661 6810
10 4422
5040 7322
2439 4689
430 1763
2015 2025
5127 1650
2130 4282
6160 5728
3410 7705
4488 7363
567 6198
3848 1399
7819 1132
3293 1867
3543 2053
3664 155
3304 3678
1372 3316
705 1939
7291 7314
1805 2107
116 1284
5412 220
2763 6051
640 2007
5209 2370
485 2732
6473 2137
1214 3087
4668 5466
7801 5054
1194 6755
2576 1965
5973 5592
4503 5022
6759 6879
5337 2149
1557 5799
1030 504
1058 4051
7485 6541
3896 6351
7074 167
913 6690
6435 5729
4392 1967
7350 1542
96 4525
821 3215
1834 6044
7843 5206
2577 4072
2223 1408
1016 6095
4605 7673
994 5910
545 3398
6810 4350
4422 5838
7322 3035
4689 7156
1763 2663
2025 1273
1650 5697
4282 5222
5728 5444
7705 746
7363 5423
6198 7089
1399 3711
1132 4089
1867 4231
2053 3306
155 7188
3678 7575
3316 2345
1939 6721
7314 6514
2107 3989
1284 2253
220 3988
6051 4926
2007 4455
2370 2876
2732 5867
2137 7105
3087 4218
5466 53
5054 5773
6755 3268
1965 7746
5592 2719
5022 5739
6879 2933
2149 7482
5799 3323
504 587
4051 5212
6541 7494
6351 2519
167 2523
6690 6348
5729 1961
1967 5070
1542 3390
4525 4576
3215 2967
6044 5049
5206 5223
4072 5456
1408 6445
6095 680
7673 4107
5910 1065
3398 1916
4350 3284
5838 5554
3035 5903
7156 6742
2663 3200
1273 5622
5697 1437
5222 5172
5444 6644
746 3047
5423 5639
7089 2111
3711 1260
4089 1044
4231 3627
3306 6677
7188 68
7575 7541
2345 3635
6721 1264
6514 1982
3989 7054
2253 7762
3988 5896
4926 7694
4455 6674
2876 4941
5867 4771
7105 2236
4218 1411
53 6422
5773 7087
3268 7744
7746 7829
2719 7295
5739 983
2933 6867
7482 1059
3323 5716
587 1713
5212 7216
7494 4514
2519 3763
2523 6535
6348 3972
1961 5822
5070 5166
3390 5713
4576 7099
2967 1686
5049 4088
5223 3734
5456 7594
6445 2172
680 147
4107 3966
1065 7185
1916 357
3284 5804
5554 2605
5903 4259
6742 2778
3200 6831
5622 3342
1437 6899
5172 3857
6644 3230
3047 4513
5639 2916
2111 5321
1260 3965
1044 6505
3627 2424
6677 2833
68 1028
7541 4113
3635 7583
1264 1310
1982 2208
7054 7533
7762 1842
5896 3529
7694 3279
6674 1587
4941 5990
4771 3029
2236 483
1411 6664
6422 1220
7087 7368
7744 7545
7829 7462
7295 5611
983 1698
6867 1083
1059 4607
5716 3584
1713 2294
7216 2269
4514 7571
3763 2278
6535 7757
3972 3629
5822 4328
5166 5795
5713 1104
7099 69
1686 1497
4088 5485
3734 893
7594 2626
2172 1276
147 4756
3966 2127
7185 4956
357 794
5804 5090
2605 5381
4259 5068
2778 3725
6831 3585
3342 6991
6899 5236
3857 1098
3230 2828
4513 7593
2916 5271
5321 6841
3965 6147
6505 850
2424 1852
2833 2600
1028 1670
4113 1416
7583 743
1310 7434
2208 939
7533 5714
1842 6707
3529 5909
3279 130
1587 1989
5990 1894
3029 3207
483 7169
6664 7393
1220 6466
7368 2168
7545 6060
7462 3314
5611 4789
1698 3822
1083 7128
4607 4449
3584 4797
2294 318
2269 2343
7571 1328
2278 1349
7757 5214
3629 6387
4328 6997
5795 6608
1104 2337
69 6981
1497 3986
5485 1403
893 7419
2626 7644
1276 836
4756 667
2127 6327
4956 2461
794 4521
5090 6267
5381 4197
5068 1883
3725 1370
3585 7249
6991 3817
5236 161
1098 5003
2828 3582
7593 2155
5271 1270
6841 1160
6147 6552
850 7578
1852 770
2600 4661
1670 2261
1416 1741
743 1941
7434 7318
939 779
5714 3993
6707 1772
5909 6
130 5538
1989 1774
1894 3370
3207 3459
7169 2783
7393 1329
6466 5623
2168 2264
6060 2830
3314 862
4789 71
3822 1043
7128 7212
4449 7684
4797 7407
318 6317
2343 1643
1328 6579
1349 3373
5214 4758
6387 3018
6997 7056
6608 3317
2337 4759
6981 7685
3986 4210
1403 2935
7419 300
7644 6562
836 6938
667 3112
6327 5642
2461 3864
4521 6428
6267 1628
4197 2378
1883 6964
1370 1248
7249 2694
3817 6865
161 6050
5003 2218
3582 6814
2155 550
1270 5082
1160 7365
6552 3426
7578 1097
770 3378
4661 3135
2261 5123
1741 6300
1941 2919
7318 5695
779 2429
3993 2771
1772 696
6 4247
5538 7741
1774 1465
3370 7775
3459 3496
2783 3694
1329 4840
5623 2812
2264 5966
2830 2574
862 2492
71 710
1043 2846
7212 7229
7684 1885
7407 2392
6317 6382
1643 2902
6579 2198
3373 4768
4758 4698
3018 2177
7056 6401
3317 1680
4759 3451
7685 687
4210 2540
2935 1123
300 3854
6562 4122
6938 5443
3112 5604
5642 3618
3864 4991
6428 6864
1628 1971
2378 6493
6964 1321
1248 7726
2694 4914
6865 6020
6050 763
2218 7582
6814 4641
550 6533
5082 3583
7365 2050
3426 2350
1097 5774
3378 4352
3135 4909
5123 7763
6300 6799
2919 7304
5695 2320
2429 4875
2771 5292
696 7078
4247 7686
7741 1570
1465 2510
7775 2194
3496 1773
3694 3409
4840 4935
2812 7019
5966 2613
2574 6897
2492 6423
710 2863
2846 3007
7229 2538
1885 6022
2392 2601
6382 5085
2902 2561
2198 5535
4768 4395
4698 4745
2177 5379
6401 677
1680 5108
3451 2418
687 6772
2540 5869
1123 4821
3854 1
4122 3238
5443 4989
5604 6612
3618 7661
4991 3016
6864 271
1971 6482
6493 6069
1321 3699
7726 2482
4914 362
6020 890
763 2021
7582 6452
4641 830
6533 2567
3583 6625
2050 5839
2350 4389
5774 2356
4352 753
4909 5497
7763 6181
6799 4770
7304 3412
2320 5871
4875 4490
5292 724
7078 7466
7686 7683
1570 6973
2510 7121
2194 7413
1773 4020
3409 3855
4935 39
7019 7357
2613 524
6897 5084
6423 1462
2863 563
3007 5691
2538 5072
6022 5091
2601 6515
5085 2888
2561 7557
5535 2336
4395 3131
4745 5137
5379 434
677 7844
5108 5255
2418 5583
6772 5967
5869 4279
4821 6072
1 559
3238 7496
4989 5116
6612 3437
7661 6084
3016 3816
271 6261
6482 3090
6069 7555
3699 6500
2482 5582
362 5968
890 7160
2021 1438
6452 6615
830 2497
2567 4879
6625 7454
5839 2800
4389 6673
2356 3982
753 6659
5497 3477
6181 995
4770 265
3412 3633
5871 5821
4490 4893
724 3830
7466 2333
7683 2606
6973 6220
7121 4314
7413 1158
4020 555
3855 2769
39 3611
7357 14
524 1467
5084 2367
1462 2319
563 7833
5691 6637
5072 7209
5091 3119
6515 2369
2888 7600
7557 3839
2336 1457
3131 7411
5137 3107
434 3936
7844 4297
5255 4566
5583 6076
5967 7021
4279 6096
6072 1166
559 1565
7496 7332
5116 4070
3437 4660
6084 287
3816 1603
6261 4810
3090 2018
7555 3715
6500 806
5582 1356
5968 6494
7160 3209
1438 1956
6615 4380
2497 5811
4879 2532
7454 6816
2800 4207
6673 1103
3982 1335
6659 944
3477 6787
995 4265
265 1381
3633 6054
5821 7101
4893 6013
3830 1152
2333 4917
2606 688
6220 5943
4314 5977
1158 6805
555 1452
2769 7858
3611 718
14 2813
1467 7279
2367 4743
2319 4818
7833 5490
6637 1316
7209 3366
3119 1588
2369 2701
7600 4043
3839 4192
1457 3510
7411 2792
3107 3360
3936 4184
4297 1646
4566 3569
6076 7127
7021 7392
6096 2737
1166 892
1565 6537
7332 6522
4070 1966
4660 3476
287 7505
1603 2526
4810 5369
2018 7011
3715 5377
806 4907
1356 2695
6494 1179
3209 1705
1956 6491
4380 7424
5811 6360
2532 1020
6816 4414
4207 5207
1103 6575
1335 4970
944 7715
6787 2956
4265 5371
1381 7667
6054 4050
7101 6168
6013 1212
1152 4222
4917 2514
688 4578
5943 3062
5977 3364
6805 5372
1452 3657
7858 7111
718 6689
2813 1010
7279 3216
4743 3665
4818 6979
5490 2882
1316 7618
3366 6939
1588 3449
2701 600
4043 2332
4192 4795
3510 6498
2792 7622
3360 125
4184 2117
1646 6304
3569 1139
7127 6941
7392 1609
2737 606
892 5308
6537 1556
6522 5281
1966 4916
3476 4992
7505 1414
2526 840
5369 1909
7011 5834
5377 6927
4907 4978
2695 542
1179 3667
1705 308
6491 7137
7424 4930
6360 4227
1020 2460
4414 4520
5207 6524
6575 1195
4970 5327
7715 5120
2956 5150
5371 4261
7667 5961
4050 1819
6168 18
1212 3312
4222 3572
2514 6182
4578 7691
3062 1449
3364 1985
5372 6739
3657 6762
7111 919
6689 4628
1010 6246
3216 3564
3665 1738
6979 5433
2882 6439
7618 3640
6939 329
3449 4256
600 7103
2332 3851
4795 2262
6498 5175
7622 5284
125 3223
2117 7273
6304 3098
1139 620
6941 1816
1609 878
606 1783
5308 5586
1556 3088
5281 3403
4916 906
4992 3886
1414 2724
840 2096
1909 4890
5834 337
6927 3195
4978 618
542 5231
3667 3812
308 3361
7137 6097
4930 4226
4227 3729
2460 6314
4520 639
6524 6400
1195 6798
5327 1952
5120 5426
5150 2459
4261 180
5961 7712
1819 3232
18 1629
3312 417
3572 5891
6182 6880
7691 1425
1449 7051
1985 5701
6739 321
6762 817
919 4965
4628 1064
6246 6350
3564 1040
1738 1826
5433 2363
6439 5317
3640 3519
329 854
4256 4171
7103 7791
3851 4355
2262 6472
5175 3100
5284 98
3223 538
7273 2082
3098 4904
620 2473
1816 3051
878 6696
1783 1829
5586 3958
3088 2263
3403 7390
906 2189
3886 6221
2724 4796
2096 4153
4890 2958
337 4134
3195 3468
618 5983
5231 7032
3812 4286
3361 3134
6097 5528
4226 457
3729 4077
6314 1593
639 1263
6400 2655
6798 1208
1952 6123
5426 609
2459 5924
180 7529
7712 4639
3232 269
1629 2703
417 6775
5891 7065
6880 1929
1425 2217
7051 426
5701 1803
321 3433
817 2512
4965 4764
1064 1130
6350 2070
1040 6620
1826 4319
2363 2487
5317 1119
3519 695
854 1535
4171 1901
7791 2091
4355 4199
6472 1419
3100 3506
98 2085
538 4357
2082 2814
4904 7768
2473 2709
3051 861
6696 1757
1829 3522
3958 1088
2263 543
7390 4415
2189 1771
6221 3890
4796 7018
4153 7580
2958 7039
4134 3156
3468 4444
5983 4940
7032 7311
4286 5230
3134 3814
5528 5559
457 3980
4077 6139
1593 1685
1263 3927
2655 5864
1208 548
6123 7400
609 7651
5924 24
7529 1866
4639 1555
269 943
2703 3833
6775 3335
7065 3827
1929 4374
2217 6909
426 1249
1803 3488
3433 5515
2512 4339
4764 6169
1130 1893
2070 745
6620 5888
4319 5481
2487 5330
1119 765
695 4477
1535 3287
1901 7254
2091 2990
4199 2684
1419 2861
3506 3617
2085 1181
4357 424
2814 4922
7768 7643
2709 5173
861 4612
1757 7535
3522 3311
1088 6394
543 3866
4415 7312
1771 6795
3890 4857
7018 4923
7580 6717
7039 2411
3156 415
4444 1046
4940 812
7311 3891
5230 3999
3814 3932
5559 3068
3980 152
6139 4697
1685 4685
3927 2768
5864 5144
548 3313
7400 2328
7651 2307
24 6763
1866 3884
1555 7402
943 3902
3833 4636
3335 2442
3827 4333
4374 2197
6909 6330
1249 7058
3488 6223
5515 7296
4339 280
6169 1410
1893 7837
745 473
5888 697
5481 7799
5330 7284
765 7153
4477 2946
3287 2046
7254 4497
2990 5104
2684 4737
2861 7509
3617 7053
1181 26
424 595
4922 6027
7643 6444
5173 3127
4612 5407
7535 536
3311 7554
6394 1423
3866 351
7312 4016
6795 1172
4857 4130
4923 5370
6717 7183
2411 3619
415 61
1046 7836
812 4332
3891 2500
3999 5936
3932 689
3068 6952
152 4556
4697 2947
4685 4985
2768 7009
5144 5031
3313 1451
2328 1159
2307 7321
6763 4603
3884 948
7402 1677
3902 5374
4636 1684
2442 1358
4333 6437
2197 3741
6330 2251
7058 3338
6223 7780
7296 3873
280 5106
1410 6353
7837 520
473 2558
697 4528
7799 248
7284 6607
7153 6328
2946 1383
2046 92
4497 1101
5104 7046
4737 2446
7509 7265
7053 2850
26 2162
595 5769
6027 6903
6444 138
3127 5556
5407 1075
536 7568
7554 7029
1423 7333
351 1785
4016 5252
1172 4049
4130 6861
5370 2211
7183 1445
3619 5413
61 4571
7836 3146
4332 1936
2500 2726
5936 5258
689 4557
6952 6553
4556 4951
2947 7036
4985 2402
7009 5937
5031 5483
1451 2349
1159 5837
7321 284
4603 1984
948 5675
1677 1817
5374 6276
1684 5425
1358 217
6437 2819
3741 6746
2251 4645
3338 6186
7780 2570
3873 1245
5106 4912
6353 3898
520 1921
2558 3235
4528 5851
248 5290
6607 1128
6328 5976
1383 3730
92 3586
1101 5673
7046 2100
2446 5086
7265 6303
2850 2572
2162 539
5769 2636
6903 4683
138 1005
5556 7306
1075 4910
7568 2710
7029 4203
7333 4406
1785 7859
5252 3309
4049 7506
6861 4562
2211 1611
1445 7752
5413 2080
4571 1709
3146 5846
1936 7331
2726 2176
5258 4429
4557 4687
6553 1432
4951 6528
7036 4957
2402 2962
5937 7677
5483 4819
2349 7164
5837 1880
284 2592
1984 1638
5675 4630
1817 388
6276 103
5425 3384
217 7497
2819 272
6746 3945
4645 4583
6186 5424
2570 399
1245 3470
4912 1804
3898 6259
1921 254
3235 5865
5851 5536
5290 5392
1128 1735
5976 6858
3730 2832
3586 1981
5673 3836
2100 5913
5086 4187
6303 6196
2572 7328
539 48
2636 4600
4683 7023
1005 5046
7306 6862
4910 1365
2710 6796
4203 1962
4406 5147
7859 5722
3309 2318
7506 179
4562 1129
1611 7182
7752 4052
2080 6497
1709 2648
5846 3614
7331 6441
2176 6279
4429 2462
4687 7214
1432 6078
6528 6474
4957 497
2962 6527
7677 823
4819 4767
7164 2095
1880 488
2592 3434
1638 1078
4630 7409
388 989
103 7563
3384 5946
7497 2851
272 7670
3945 7081
4583 1871
5424 4
399 6335
3470 7587
1804 29
6259 1655
254 6874
5865 7165
5536 4195
5392 1035
1735 2234
6858 486
2832 5942
1981 231
3836 4938
5913 6154
4187 4805
6196 2153
7328 3391
48 6853
4600 3931
7023 1360
5046 76
6862 219
1365 7210
6796 1762
1962 6900
5147 6609
5722 2364
2318 3226
179 5464
1129 2524
7182 4749
4052 7184
6497 2089
2648 7703
3614 7007
6441 3124
6279 1271
2462 6885
7214 5267
6078 4024
6474 3213
497 951
6527 7501
823 6572
4767 4131
2095 1642
488 5736
3434 1632
1078 3698
7409 4610
989 1951
7563 7140
5946 6906
2851 5783
7670 3517
7081 2641
1871 3011
4 7213
6335 842
7587 460
29 6647
1655 5154
6874 5618
7165 2993
4195 245
1035 1795
2234 5805
486 2880
5942 3184
231 3044
4938 5674
6154 1207
4805 4008
2153 7107
3391 2005
6853 738
3931 3950
1360 6167
76 4778
219 2135
7210 5401
1762 7066
6900 6878
6609 6199
2364 3930
3226 3475
5464 7723
2524 3992
4749 5389
7184 3546
2089 6993
7703 1521
7007 4139
3124 1254
1271 889
6885 7708
5267 4542
4024 1873
3213 464
951 3067
7501 6582
6572 2936
4131 7770
1642 5591
5736 2822
1632 5047
3698 636
4610 2798
1951 1511
7140 2741
6906 3964
5783 6268
3517 5161
2641 6753
3011 7343
7213 1105
842 7849
460 3140
6647 1851
5154 7783
5618 5745
2993 6902
245 4638
1795 6846
5805 2740
2880 3186
3184 4240
3044 4353
5674 6561
1207 4835
4008 959
7107 3735
2005 5403
738 6243
3950 1167
6167 4302
4778 5526
2135 3557
5401 5616
7066 6116
6878 4221
6199 5922
3930 2062
3475 3111
7723 5356
3992 2103
5389 1086
3546 1636
6993 5562
1521 3356
4139 3994
1254 7552
889 5902
7708 3612
4542 4470
1873 1832
464 4159
3067 3675
6582 5544
2936 6245
7770 591
5591 6083
2822 6375
5047 4140
636 6417
2798 7778
1511 3674
2741 7005
3964 4731
6268 360
5161 6111
6753 93
7343 4908
1105 3669
7849 5065
3140 1373
1851 4854
7783 2545
5745 1566
6902 2770
4638 3899
6846 6393
2740 4969
3186 3307
4240 7044
4353 7231
6561 4678
4835 325
959 7815
3735 5704
5403 112
6243 3334
1167 7432
4302 2123
5526 2689
3557 368
5616 6098
6116 2774
4221 2252
5922 7173
2062 4598
3111 6137
5356 2508
2103 4114
1086 258
1636 1127
5562 1246
3356 5156
3994 4508
7552 7281
5902 4287
3612 6409
4470 3136
1832 7635
4159 4592
3675 4100
5544 1077
6245 2395
591 564
6083 2288
6375 6643
4140 652
6417 4217
7778 1553
3674 6365
7005 1135
4731 6442
360 6966
6111 2805
93 2714
4908 4186
3669 7629
5065 7259
1373 3194
4854 7605
2545 4967
1566 4458
2770 3544
3899 1545
6393 7132
4969 2667
3307 7561
7044 4494
7231 7507
4678 6337
325 1691
7815 1694
5704 5134
112 3828
3334 3946
7432 4915
2123 3126
2689 5164
368 2692
6098 6722
2774 4849
2252 4400
7173 3722
4598 827
6137 1004
2508 6669
4114 6018
258 7250
1127 7114
1246 3901
5156 1146
4508 2306
7281 6767
4287 317
6409 1323
3136 7195
7635 4545
4592 1205
4100 3159
1077 6830
2395 1378
564 3278
2288 4411
6643 273
652 3337
4217 4128
1553 3648
6365 2372
1135 4876
6442 5131
6966 6675
2805 7299
2714 190
4186 3175
7629 5708
7259 6388
3194 4621
7605 4154
4967 4606
4458 720
3544 6749
1545 6429
7132 4394
2667 413
7561 5875
4494 4157
7507 6682
6337 2978
1691 7286
1694 3258
5134 4079
3828 4960
3946 6463
4915 2063
3126 1351
5164 1007
2692 6316
6722 2552
4849 1000
4400 2759
3722 2728
827 3071
1004 4662
6669 2739
6018 6776
7250 4436
7114 7069
3901 7152
1146 2568
2306 1977
6767 7798
317 7062
1323 6835
7195 3077
4545 3291
1205 3038
3159 4478
6830 1021
1378 2924
3278 5032
4411 2587
273 196
3337 5826
4128 5
3648 4950
2372 6956
4876 3122
5131 784
6675 1341
7299 4684
190 1850
3175 5287
5708 1186
6388 2656
4621 1841
4154 4093
4606 2184
720 3243
6749 747
6429 3416
4394 1766
413 4665
5875 5727
4157 5541
6682 4631
2978 4708
7286 1308
3258 578
4079 7472
4960 7423
6463 1008
2063 3375
1351 4278
1007 7055
6316 2498
2552 851
1000 2060
2759 4792
2728 626
3071 2094
4662 1663
2739 2607
6776 5746
4436 3271
7069 7704
7152 6600
2568 805
1977 5071
7798 5191
7062 6678
6835 4679
3077 2796
3291 5026
3038 2994
4478 6969
1021 7431
2924 5479
5032 4463
2587 7126
196 2126
5826 4044
5 5396
4950 872
6956 6590
3122 2638
784 4109
1341 1722
4684 1600
1850 3651
5287 4766
1186 5824
2656 3673
1841 7567
4093 2982
2184 7190
3243 5395
747 2811
3416 6623
1766 2749
4665 6488
5727 1175
5541 1069
4631 4587
4708 1298
1308 537
578 7198
7472 1406
7423 6923
1008 2610
3375 2472
4278 7441
7055 421
2498 619
851 6062
2060 5742
4792 1504
626 1377
2094 3478
1663 7075
2607 5421
5746 1196
3271 7181
7704 6893
6600 1616
805 1070
5071 4126
5191 7729
6678 6041
4679 1343
2796 6145
5026 350
2994 6031
6969 3252
7431 7012
5479 879
4463 2084
7126 1994
2126 6487
4044 7805
5396 6106
872 295
6590 4889
2638 6560
4109 4188
1722 4701
1600 4116
3651 352
4766 3032
5824 6021
3673 4325
7567 1469
2982 6152
7190 2554
5395 2458
2811 6573
6623 7487
2749 419
6488 508
1175 6002
1069 6680
4587 5857
1298 739
537 5373
7198 1915
1406 345
6923 1681
2610 6159
2472 5353
7441 3527
421 5816
619 5001
6062 6277
5742 7659
1504 2093
1377 5862
3478 6224
7075 7172
5421 4137
1196 6066
7181 6372
6893 2468
1616 5752
1070 2501
4126 7420
7729 5989
6041 3957
1343 3014
6145 1087
350 4047
6031 4591
3252 3374
7012 762
879 2955
2084 3745
1994 3580
6487 4899
7805 4986
6106 3091
295 2660
4889 4146
6560 6785
4188 1884
4701 57
4116 2455
352 2548
3032 6649
6021 3876
4325 1409
1469 1861
6152 3224
2554 6427
2458 3231
6573 4519
7487 2382
419 2079
508 1853
6002 6804
6680 6345
5857 4373
739 7508
5373 3058
1915 7835
345 1875
1681 2748
6159 5827
5353 2973
3527 2432
5816 6346
5001 3537
6277 7339
7659 1453
2093 3189
5862 2114
6224 2463
7172 3244
4137 5397
6066 7037
6372 1478
2468 3139
5752 3534
2501 4748
7420 6770
5989 5013
3957 1347
3014 7540
1087 1970
4047 7792
4591 6197
3374 6142
762 1211
2955 2224
3745 4289
3580 7553
4899 380
4986 4642
3091 6419
2660 1067
4146 372
6785 1653
1884 804
57 4652
2455 3052
2548 134
6649 1038
3876 5062
1409 2633
1861 404
3224 864
6427 3751
3231 2640
4519 6307
2382 7300
2079 6163
1853 2078
6804 826
6345 6180
4373 5227
7508 614
3058 3578
7835 4527
1875 678
2748 2393
5827 1931
2973 5312
2432 6173
6346 1290
3537 5957
7339 6635
1453 6946
3189 2312
2114 519
2463 910
3244 2049
5397 2471
7037 1911
1478 3454
3139 7546
3534 2820
4748 86
6770 6343
5013 7690
1347 4232
7540 252
1970 5621
7792 7345
6197 2034
6142 6187
1211 4018
2224 1639
4289 1091
7553 4351
380 1009
4642 7108
6419 2097
1067 409
372 6568
1653 3198
804 6135
4652 6081
3052 5055
134 5964
1038 5629
5062 1953
2633 2109
404 2585
864 5801
3751 2038
2640 1164
6307 960
7300 2101
6163 5841
2078 224
826 6657
6180 5776
5227 7620
614 428
3578 877
4527 3033
678 5878
2393 2384
1931 3716
5312 5028
6173 3550
1290 7384
5957 2866
6635 980
6946 5391
2312 5994
519 5723
910 3333
2049 4579
2471 7601
1911 2193
3454 777
7546 7341
2820 7439
86 5334
6343 2756
7690 3070
4232 5190
252 3157
5621 4648
7345 5472
2034 3185
6187 2067
4018 7653
1639 7649
1091 275
4351 7450
1009 7076
7108 6703
2097 7660
409 963
6568 6362
3198 3147
6135 5982
6081 7398
5055 5598
5964 5820
5629 1320
1953 3655
2109 7278
2585 6438
5801 1633
2038 2118
1164 6593
960 6254
2101 3685
5841 649
224 1197
6657 2164
5776 1812
7620 1267
428 11
877 6819
3033 3969
5878 923
2384 3809
3716 2279
5028 7577
3550 6729
7384 1053
2866 6092
980 3123
5391 3392
5994 2744
5723 6786
3333 102
4579 1334
7601 7378
2193 773
777 2437
7341 789
7439 1576
5334 331
2756 3400
3070 3892
5190 6712
3157 5734
4648 3934
5472 7665
3185 4340
2067 790
7653 5170
7649 4640
275 7077
7450 2242
7076 4902
6703 7484
7660 5362
963 7467
6362 3530
3147 6153
5982 72
7398 3354
5598 6080
5820 1111
1320 1702
3655 4704
7278 5253
6438 338
1633 1879
2118 4843
6593 6424
6254 4427
3685 2611
649 6381
1197 5793
2164 5229
1812 832
1267 1022
11 4719
6819 4461
3969 6215
923 644
3809 6140
2279 2573
7577 2747
6729 6994
1053 4777
6092 2388
3123 6896
3392 2488
2744 1121
6786 1976
102 1439
1334 6914
7378 394
773 2578
2437 5315
789 2360
1576 5081
331 4900
3400 7681
3892 3145
6712 1902
5734 669
3934 953
7665 521
4340 2105
790 393
5170 507
4640 1881
7077 2151
2242 2677
4902 526
7484 3276
5362 1313
7467 1229
3530 884
6153 5904
72 6158
3354 2537
6080 7016
1111 2406
1702 1987
4704 2145
5253 6843
338 2566
1879 3264
4843 873
6424 389
4427 1398
2611 870
6381 1904
5793 4897
5229 4308
832 4575
1022 2504
4719 7767
4461 1979
6215 721
644 7663
6140 3780
2573 1605
2747 4847
6994 2010
4777 3856
2388 7528
6896 5640
2488 7342
1121 2808
1976 5637
1439 5935
6914 6253
394 289
2578 3310
5315 7560
2360 4783
5081 860
4900 5342
7681 4712
3145 6661
1902 348
669 778
953 1068
521 7696
2105 1569
393 6336
507 4267
1881 6447
2151 2534
2677 1236
526 3659
3276 1869
1313 4844
1229 5757
884 1775
5904 3450
6158 1790
2537 928
7016 6379
2406 2734
1987 7721
2145 7083
6843 7564
2566 141
3264 2428
873 7471
389 1420
1398 129
870 1444
1904 2285
4897 5019
4308 4949
4575 2753
2504 475
7767 593
1979 1624
721 2815
7663 1723
3780 4102
1605 7351
4847 5382
2010 4183
3856 458
7528 3066
5640 4080
7342 1968
2808 2477
5637 1141
5935 7110
6253 4611
289 4780
3310 7002
7560 1161
4783 4460
860 7025
5342 2020
4712 163
6661 5919
348 146
778 6385
1068 6291
7696 5685
1569 132
6336 4277
4267 2671
6447 1537
2534 168
1236 4163
3659 984
1869 5075
4844 228
5757 3254
1775 3406
3450 4269
1790 5778
928 5427
6379 2804
2734 247
7721 990
7083 4802
7564 2341
141 5914
2428 7024
7471 2893
1420 7394
129 4925
1444 3621
2285 3916
5019 5165
4949 1898
2753 4894
475 581
593 7707
1624 5101
2815 1126
1723 1958
4102 6889
7351 7082
5382 4656
4183 5188
458 438
3066 3
4080 6702
1968 3847
2477 4006
1141 5744
7110 4120
4611 896
4780 797
7002 5408
1161 5960
4460 6511
7025 2666
2020 1304
163 2374
5919 5944
146 3303
6385 2421
6291 4983
5685 4481
132 597
4277 6085
2671 4397
1537 5925
168 7737
4163 3983
984 5184
5075 4033
228 2457
3254 3818
3406 6216
4269 7059
5778 5784
5427 949
2804 4155
247 3566
990 3767
4802 2344
2341 5986
5914 4484
7024 6102
2893 7163
7394 717
4925 1472
3621 608
3916 4237
5165 4570
1898 2390
4894 4041
581 6326
7707 2494
5101 2391
1126 3218
1958 1720
6889 4722
7082 2043
4656 5916
5188 2430
438 5667
3 1749
6702 2764
3847 5260
4006 6554
5744 477
4120 6074
896 6052
797 5078
5408 2247
5960 7710
6511 2917
2666 7530
1304 2801
2374 4779
5944 4105
3303 4123
2421 4948
4983 6525
4481 4214
597 6431
6085 5208
4397 6067
5925 4693
7737 4280
3983 4101
5184 1712
4033 6241
2457 5247
3818 2334
6216 1265
7059 4320
5784 5956
949 1114
4155 2230
3566 5279
3767 2064
2344 4158
5986 670
4484 1688
6102 7826
7163 5877
717 6836
1472 5020
608 5030
4237 6114
4570 1824
2390 572
4041 6109
6326 7282
2494 3266
2391 1202
3218 6802
1720 4549
4722 3732
2043 4861
5916 7266
2430 845
5667 43
1749 3355
2764 7026
5260 2260
6554 7401
477 4624
6074 4209
6052 6720
5078 2196
2247 1201
7710 4410
2917 4669
7530 5520
2801 3761
4779 5297
4105 4028
4123 384
4948 7658
6525 4563
4214 3053
6431 2929
5208 2071
6067 3484
4693 5422
4280 4118
4101 6788
1712 4343
6241 2776
5247 3981
2334 3660
1265 6391
4320 1927
5956 6951
1114 1362
2230 987
5279 3225
2064 787
4158 5141
670 3176
1688 3728
7826 1124
5877 1324
6836 3362
5020 704
5030 4030
6114 2058
1824 6676
572 2834
6109 3239
7282 7370
3266 1765
1202 1468
6802 4518
4549 1848
3732 5797
4861 4031
7266 6989
845 5550
43 1297
3355 7478
7026 7193
2260 1309
7401 7491
4624 3941
4209 1747
6720 3105
2196 6260
1201 2237
4410 1666
4669 5560
5520 7354
3761 7522
5297 7679
4028 1224
384 5873
7658 822
4563 7701
3053 471
2929 2517
2071 5835
3484 708
5422 376
4118 4846
6788 7748
4343 5492
2776 7619
3981 4456
3660 4099
6391 323
1927 2086
6951 1529
1362 6856
987 5579
3225 476
787 6709
5141 2588
3176 7269
3728 2612
1124 340
1324 651
3362 2327
704 7060
4030 2868
2058 6311
6676 3059
2834 7063
3239 4882
7370 3704
1765 6818
1468 2989
4518 4856
1848 3528
5797 3928
4031 1673
6989 1733
5550 6945
1297 145
7478 2799
7193 468
1309 5657
7491 7503
3941 1464
1747 535
3105 7845
6260 3717
2237 2396
1666 5458
5560 2456
7354 5664
7522 5624
7679 391
1224 1623
5873 3188
822 2599
7701 2810
471 266
2517 7197
5835 6118
708 5595
376 6996
4846 1745
7748 2013
5492 4637
7619 2496
4456 2913
4099 2493
323 7666
2086 7513
1529 4457
6856 6015
5579 5959
476 656
6709 5915
2588 3069
7269 4017
2612 2083
340 4785
651 2499
2327 5115
7060 3539
2868 1151
6311 5309
3059 905
7063 6105
4882 1734
3704 4254
6818 7272
2989 7519
4856 5792
3528 7086
3928 2002
1673 733
1733 7550
6945 478
145 6595
2799 1426
468 3825
5657 5833
7503 6723
1464 1357
535 3792
7845 3666
3717 6894
2396 6366
5458 7340
2456 1138
5664 5771
5624 760
391 4312
1623 4147
3188 2527
2599 4468
2810 3805
266 5452
7197 2074
6118 2449
5595 2314
6996 1252
1745 4369
2013 7320
4637 5754
2496 2634
2913 3895
2493 5416
7666 4723
7513 7776
4457 6960
6015 255
5959 2506
656 6008
5915 5074
3069 4066
4017 1831
2083 4263
4785 7308
2499 549
5115 4496
3539 2266
1151 3623
5309 174
905 6706
6105 2209
1734 3102
4254 3431
7272 1791
7519 3765
5792 1405
7086 7719
2002 6231
733 565
7550 3870
478 6396
6595 7309
1426 6451
3825 2485
5833 6383
6723 4725
1357 6148
3792 5721
3666 5025
6894 6212
6366 3397
7340 5177
1138 1170
5771 2848
760 385
4312 4094
4147 334
2527 4808
4468 3357
3805 3687
5452 1584
2074 4945
2449 5179
2314 4321
1252 7389
4369 1429
7320 6648
5754 3653
2634 5097
3895 7611
5416 6506
4723 4727
7776 6833
6960 3786
255 930
2506 7313
6008 4300
5074 5181
4066 584
1831 950
4263 7786
7308 5268
549 3778
4496 6252
2266 5171
3623 5539
174 4204
6706 4726
2209 2707
3102 6398
3431 6483
1791 6646
3765 2352
1405 6618
7719 1256
6231 4680
565 5038
3870 6130
6396 4440
7309 1274
6451 6771
2485 703
6383 6086
4725 290
6148 136
5721 1753
5025 5429
6212 3473
3397 3104
5177 4710
1170 561
2848 1060
385 7147
4094 3938
334 158
4808 6844
3357 2675
3687 5404
1584 699
4945 7455
5179 6606
4321 5807
7389 6658
1429 6733
6648 2017
3653 54
5097 1991
7611 6848
6506 3229
4727 139
6833 5136
3786 7196
930 6634
7313 5883
4300 7206
5181 5493
584 1081
950 3024
7786 1863
5268 4387
3778 7656
6252 1089
5171 3821
5539 1435
4204 7010
4726 1048
2707 500
6398 5155
6483 4614
6646 5828
2352 6129
6618 2696
1256 379
4680 7609
5038 3939
6130 499
4440 4448
1274 824
6771 4085
703 6091
6086 4257
290 664
136 6832
1753 2895
5429 5609
3473 3460
3104 3622
4710 119
561 1792
1060 7433
7147 6668
3938 7586
158 1689
6844 5000
2675 3250
5404 6779
699 562
7455 6203
6606 7252
5807 5383
6658 4251
6733 1391
2017 3777
54 4832
1991 6219
6848 5109
3229 2028
139 2187
5136 5671
7196 7724
6634 1781
5883 7262
7206 135
5493 3142
1081 4959
3024 2879
1863 3000
4387 4892
7656 3441
1089 6741
3821 5576
1435 3125
7010 4362
1048 975
500 2560
5155 316
4614 5504
5828 378
6129 6282
2696 4290
379 3490
7609 509
3939 748
499 4262
4448 6280
824 577
4085 1051
6091 2346
4257 6655
664 5920
6832 5274
2895 5241
5609 4347
3460 5584
3622 7168
119 2959
1792 7290
7433 1209
6668 4532
7586 1085
1689 6416
5000 6007
3250 2892
6779 2912
562 5314
6203 7531
7252 4336
5383 1337
4251 7255
1391 5474
3777 7639
4832 5502
6219 1071
5109 917
2028 2923
2187 633
5671 6949
7724 3693
1781 3296
7262 2274
135 712
3142 472
4959 2368
2879 603
3000 698
4892 496
3441 5298
6741 2995
5576 2827
3125 2985
4362 5788
975 1218
2560 204
316 2245
5504 1530
378 3076
6282 3167
4290 3010
3490 1518
509 5250
748 1846
4262 6195
6280 742
577 560
1051 2887
2346 6852
6655 5796
5920 3638
5274 6470
5241 6289
4347 5648
5584 6239
7168 1479
2959 4733
7290 2992
1209 1034
4532 4686
1085 3447
6416 1171
6007 1300
2892 5435
2912 4136
5314 5530
7531 5012
4336 757
1337 3389
7255 1755
5474 7453
7639 6766
5502 2757
1071 2730
917 5952
2923 3170
633 2809
6949 3286
3693 1768
3296 6436
2274 456
712 4476
472 5015
2368 4873
603 4839
698 4558
496 230
5298 1242
2995 2116
2827 7740
2985 4198
5788 4087
1218 4196
204 5486
2245 2321
1530 359
3076 6233
3167 1292
3010 3874
1518 7379
5250 3240
1846 3040
6195 3301
742 6502
560 7085
2887 6320
6852 7041
5796 666
3638 432
6470 1384
6289 2521
5648 3977
6239 5036
1479 1456
4733 1354
2992 6248
1034 7714
4686 3015
3447 531
1171 5918
1300 2029
5435 3048
4136 367
5530 4507
5012 7480
757 294
3389 5938
1755 3832
7453 5517
6766 4423
2757 6240
2730 4853
5952 4313
3170 2944
2809 1604
3286 2658
1768 4772
6436 5501
456 867
4476 5698
5015 1520
4873 4585
4839 1150
4558 4417
230 1903
1242 6565
2116 1448
7740 6801
4198 5384
4087 6715
4196 4441
5486 4323
2321 5405
359 2890
6233 2702
1292 60
3874 1110
7379 7451
3240 297
3040 7045
3301 439
6502 7625
7085 5048
6320 3326
7041 2979
666 45
432 820
1384 3869
2521 7187
3977 6926
5036 1510
1456 3197
1354 2227
6248 781
7714 7116
3015 4029
531 3339
5918 4143
2029 5415
3048 2529
367 5606
4507 1280
7480 7731
294 5448
5938 5143
3832 12
5517 3141
4423 6523
6240 1507
4853 6558
4313 3096
2944 4055
1604 2878
2658 296
4772 5767
5501 4388
867 6737
5698 727
1520 4213
4585 3001
1150 709
4417 1778
1903 6921
6565 2257
1448 3520
6801 7857
5384 5647
6715 5242
4441 484
4323 5950
5405 5523
2890 4141
2702 6136
60 904
1110 829
7451 594
297 7481
7045 5601
439 6714
7625 2904
5048 3204
3326 7785
2979 4181
45 2214
820 5856
3869 3632
7187 5681
6926 2981
1510 6507
3197 2250
2227 7364
781 3590
7116 5763
4029 5246
3339 1933
4143 1024
5415 761
2529 6919
5606 5113
1280 6264
7731 1443
5448 74
5143 20
12 7756
3141 1719
6523 81
1507 558
6558 5288
3096 1047
4055 985
2878 2283
296 2909
5767 6963
4388 7753
6737 5083
727 1644
4213 5087
3001 3973
709 3650
1778 1322
6921 7218
2257 7288
3520 5024
7857 5050
5647 2414
5242 5603
484 3025
5950 1664
5523 5201
4141 2831
6136 3647
904 1918
829 1174
594 6225
7481 4554
5601 4721
6714 4582
2904 690
3204 5658
7785 5477
4181 1975
2214 6055
5856 7344
3632 6834
5681 6053
2981 4358
6507 7636
2250 6913
7364 1480
3590 3046
5763 1887
5246 4121
1933 7293
1024 6603
761 1641
6919 3601
5113 5638
6264 6211
1443 5431
74 5998
20 5597
7756 3750
1719 2270
81 4161
558 4223
5288 4793
1047 2373
985 6751
2283 5572
2909 7033
6963 7253
7753 1023
5083 5568
1644 4108
5087 4863
3973 4760
3650 940
1322 4391
7218 5363
7288 3947
5024 5945
5050 4092
2414 814
5603 5264
3025 916
1664 5162
5201 6425
2831 6790
3647 2052
1918 2104
1174 2642
6225 5969
4554 2069
4721 969
4582 371
690 3346
5658 3300
5477 2159
1975 4038
6055 3257
7344 369
6834 4718
6053 3823
4358 2169
7636 2991
6913 4150
1480 2849
3046 5232
1887 886
4121 6628
7293 2287
6603 3990
1641 4039
3601 3641
5638 4011
6211 5760
5431 7148
5998 6976
5597 3560
3750 298
2270 5892
4161 2905
4223 4651
4793 2597
2373 5406
6751 7808
5572 3705
7033 6540
7253 4075
1023 7189
5568 2520
4108 4342
4863 4627
4760 1338
940 5917
4391 5880
5363 663
3947 246
5945 5251
4092 7647
814 4408
5264 2547
916 1963
5162 1823
6425 4874
6790 4811
2052 1049
2104 5932
2642 1268
5969 7234
2069 3720
969 4212
371 314
3346 463
3300 4425
2159 5975
4038 2422
3257 6251
369 1986
4718 5133
3823 2415
2169 387
2991 21
4150 3144
2849 3967
5232 4903
886 7764
6628 5589
2287 6622
3990 1889
4039 2035
3641 858
4011 401
5760 5600
7148 982
6976 2735
3560 7795
298 527
5892 5634
2905 1061
4651 6150
2597 898
5406 2687
7808 5100
3705 3845
6540 3321
4075 3181
7189 6063
2520 3168
4342 2188
4627 4288
1338 3440
5917 7590
5880 157
663 2760
246 319
5251 7144
7647 4338
4408 4676
2547 5266
1963 4590
1823 2033
4874 7797
4811 1671
1049 3796
5932 5114
1268 2542
7234 3808
3720 2293
4212 3597
314 4543
463 7499
4425 333
5975 5679
2422 276
6251 1631
1986 7174
5133 3893
2415 6087
387 5819
21 6875
3144 3746
3967 6633
4903 6174
7764 570
5589 6849
6622 4428
1889 7391
2035 232
858 407
401 6093
5600 7556
982 6780
2735 5358
7795 6711
527 7242
5634 835
1061 4786
6150 6406
898 5007
2687 2678
5100 574
3845 7700
3321 1090
3181 2630
6063 6386
3168 2199
2188 216
4288 498
3440 7585
7590 828
157 7326
2760 301
319 2553
7144 8
4338 6784
4676 6917
5266 5017
4590 99
2033 1184
7797 7004
1671 1272
3796 6009
5114 3137
2542 6039
3808 2302
2293 5354
3597 7816
4543 6995
7499 5006
333 7267
5679 3551
276 1760
1631 6484
7174 501
3893 4993
6087 6255
5819 4596
6875 6908
3746 3502
6633 6531
6174 3769
570 3733
6849 3320
4428 914
7391 1366
232 3525
407 7621
6093 2767
7556 6566
6780 1493
5358 2682
6711 6519
7242 1217
835 4433
4786 4452
6406 685
5007 2583
2678 223
574 6421
7700 4431
1090 6392
2630 7632
6386 7566
2199 6596
216 1109
498 5587
7585 7766
828 4720
7326 5398
301 3652
2553 1461
8 7536
6784 7091
6917 3095
5017 6713
99 2743
1184 6301
7004 4657
1272 1277
6009 6151
3137 4318
6039 3003
2302 2788
5354 3878
7816 7606
6995 5138
5006 5706
7267 6516
3551 3793
1760 3526
6484 7627
501 3542
4993 3620
6255 6283
4596 2220
6908 4548
3502 25
6531 751
3769 945
3733 3169
3320 2065
914 5359
1366 3831
3525 5365
7621 3022
2767 3844
6566 373
1493 3970
2682 6333
6519 4981
1217 1134
4433 327
4452 5571
685 5180
2583 7383
223 6479
6421 3726
4431 7483
6392 1526
7632 7668
7566 7191
6596 435
1109 5355
5587 4173
7766 3117
4720 2910
5398 1243
3652 5301
1461 5593
7536 7630
7091 5375
3095 6837
6713 6822
2743 5525
6301 153
4657 4084
1277 2964
6151 370
4318 235
3003 5929
2788 4581
3878 3080
7606 4888
5138 1095
5706 4650
6516 7772
3793 1780
3526 5259
7627 202
3542 5346
3620 383
6283 328
2220 2479
4548 6580
25 1717
751 1854
945 200
3169 2339
2065 1063
5359 6765
3831 5590
5365 4594
3022 1615
3844 1477
373 924
3970 674
6333 7465
4981 4495
1134 6455
327 6556
5571 6826
5180 5420
7383 3330
6479 6824
3726 2669
7483 2410
1526 3432
7668 3998
7191 1626
435 6538
5355 170
4173 2450
3117 4174
2910 6490
1243 7119
5301 1725
5593 1331
7630 635
5375 5183
6837 1964
6822 2615
5525 1703
153 5045
4084 6005
2964 1375
370 3718
235 764
5929 6666
4581 4248
3080 1519
4888 3143
1095 5566
4650 3211
7772 5148
1780 1306
5259 1183
202 2953
5346 2072
383 1261
328 1692
2479 4409
6580 3773
1717 4829
1854 7061
200 1750
2339 5633
1063 1955
6765 767
5590 7534
4594 5596
1615 809
1477 2204
924 3191
674 4942
7465 6207
4495 6679
6455 5322
6556 684
6826 122
5420 2243
3330 6551
6824 1140
2669 4551
2410 6058
3432 6235
3998 4609
1626 6764
6538 5076
170 291
2450 1906
4174 2417
6490 4523
7119 2515
1725 694
1331 4315
635 2195
5183 2845
1964 1230
2615 6126
1703 6968
5045 7675
6005 7856
1375 3039
3718 596
764 1820
6666 6273
4248 2968
1519 3327
3143 1018
5566 4533
3211 588
5148 1291
1306 1488
1183 1153
2953 2559
2072 7382
1261 1227
1692 802
4409 2745
3773 4717
4829 4813
7061 4322
1750 3731
5633 2099
1955 7162
767 6545
7534 592
5596 4880
809 6138
2204 4816
3191 1231
4942 3402
6207 5465
6679 759
5322 5107
684 4243
122 4046
2243 2041
6551 3180
1140 6578
4551 7355
6058 207
6235 7406
4609 1540
6764 2901
5076 6230
291 6213
1906 2604
2417 169
4523 2652
2515 6155
694 2897
4315 6854
2195 5545
2845 7118
1230 5077
6126 3056
6968 5631
7675 2565
7856 4385
3039 312
596 4334
1820 5167
6273 3829
2968 2284
3327 1700
1018 3420
4533 4906
588 4172
1291 918
1488 7449
1153 2366
2559 1057
7382 4740
1227 6701
802 1882
2745 2864
4717 2256
4813 617
4322 3663
3731 7469
2099 855
7162 6222
6545 1754
592 2963
4880 6384
6138 1219
4816 7718
1231 754
3402 7369
5465 6204
759 5581
5107 3794
4243 5930
4046 6358
2041 299
3180 808
6578 5021
7355 1120
207 1560
7406 164
1540 7634
2901 4977
6230 3883
6213 3841
2604 3571
169 1652
2652 3081
6155 6468
2897 7736
6854 5831
5545 3643
7118 293
5077 1042
3056 1459
5631 1844
2565 2031
4385 5672
312 494
4334 4048
5167 7623
3829 4211
2284 4667
1700 6691
3420 306
4906 6594
4172 3421
918 4132
7449 1637
2366 5558
1057 3133
4740 5514
6701 5715
1882 7646
2864 6270
2256 2965
617 2444
3663 4450
7469 665
855 2700
6222 3708
1754 6323
2963 5491
6384 3842
1219 1770
7718 5434
754 7150
7369 3781
6204 3385
5581 2859
3794 4344
5930 3709
6358 7428
299 85
808 2781
5021 3912
1120 5549
1560 6434
164 2239
7634 641
4977 3910
3883 3867
3841 517
3571 2030
1652 7427
3081 5295
6468 4619
7736 459
5831 6038
3643 3531
293 7139
1042 7547
1459 6356
1844 2871
2031 2365
5672 451
494 2608
4048 7452
7623 6800
4211 7154
4667 601
6691 2401
306 4973
6594 4979
3421 4393
4132 4622
1637 3524
5558 5351
3133 7399
5514 607
5715 5911
7646 7570
6270 6974
2965 3703
2444 4540
4450 7375
665 5158
2700 326
3708 6287
6323 2272
5491 6895
3842 4493
1770 909
5434 791
7150 5037
3781 2729
3385 725
2859 2957
4344 3562
3709 5296
7428 2569
85 7813
2781 4255
3912 4324
5549 1839
6434 2301
2239 7042
641 7430
3910 3835
3867 4522
517 5014
2030 3574
7427 5376
5295 5130
4619 752
459 2400
6038 2922
3531 107
7139 5244
7547 979
6356 903
2871 6808
2365 3963
451 5527
2608 7377
7452 6352
6800 3206
7154 5311
601 3241
2401 1363
4973 6354
4979 6988
4393 650
4622 330
3524 3512
5351 5738
7399 529
607 6104
5911 2213
7570 6432
6974 2780
3703 6510
4540 4164
7375 1031
5158 3017
326 5056
6287 4224
2272 3164
6895 3889
4493 4781
909 1188
791 3680
5037 4738
2729 852
725 3922
2957 2407
3562 6585
5296 446
2569 1990
7813 165
4255 4469
4324 7223
1839 7607
2301 181
7042 6829
7430 5750
3835 2289
4522 5794
5014 1228
3574 5176
5376 465
5130 4487
752 5215
2400 2254
2922 2790
107 5759
5244 1532
979 6521
903 4620
6808 4870
3963 660
5527 3868
7377 4670
6352 7348
3206 6955
5311 5899
3241 2023
1363 966
6354 1590
6988 3516
650 1818
330 7429
3512 5645
5738 441
529 7817
6104 6873
2213 185
6432 5641
2780 5561
6510 4443
4164 205
1031 6839
3017 3646
5056 7123
4224 7120
3164 1934
3889 5272
4781 2680
1188 6332
3680 7524
4738 6404
852 5547
3922 7220
2407 3395
6585 3057
446 7738
1990 894
165 3719
4469 3605
7223 4782
7607 1100
181 5178
6829 1136
5750 3388
2289 1148
5794 7584
1228 7346
5176 3280
465 3917
4487 1938
5215 2483
2254 4851
2790 4225
5759 7457
1532 7839
6521 5995
4620 5669
4870 5905
660 6271
3868 3926
4670 3358
7348 7674
6955 2582
5899 547
2023 281
966 2161
1590 1258
3516 1793
1818 5461
7429 6768
5645 7261
441 4666
7817 7238
6873 2736
185 3788
5641 1704
5561 1359
4443 3485
205 1327
6839 5768
3646 374
7123 440
7120 7617
1934 4699
5272 3782
2680 7161
6332 6904
7524 6574
6404 3865
5547 243
7220 6626
3395 629
3057 7779
7738 1838
894 7579
3719 6760
3605 5063
4782 3376
1100 1983
5178 4911
1136 7818
3388 2857
1148 6000
7584 1910
7346 4082
3280 13
3917 3248
1938 6171
2483 4947
4851 3683
4225 868
7457 7637
7839 4753
5995 2509
5669 3236
5905 6604
6271 6757
3926 7050
3358 87
7674 2281
2582 2481
547 6529
281 6504
2161 2121
1258 6492
1793 1326
5461 7020
6768 4534
7261 6318
4666 5343
7238 1949
2736 2202
3788 1543
1704 2158
1359 5394
3485 4064
1327 461
5768 1675
374 654
440 5364
7617 5390
4699 7761
3782 7008
7161 6503
6904 3023
6574 4483
3865 2311
243 4326
6626 1446
629 6023
7779 5418
1838 4331
7579 6329
6760 3798
5063 4953
3376 63
1983 5866
4911 900
7818 7305
2857 4555
6000 2290
1910 2717
4082 3591
13 2522
3248 2668
6171 1661
4947 55
3683 7640
868 4381
7637 711
4753 6866
2509 1591
3236 2511
6604 788
6757 3505
7050 6735
87 2148
2281 3072
2481 5906
6529 4988
6504 7134
2121 715
6492 4489
1326 5786
7020 7774
4534 4063
6318 3294
5343 1531
1949 5092
2202 5323
1543 5450
2158 2183
5394 4125
4064 2651
461 470
1675 5029
654 6942
5364 874
5390 2528
7761 1682
7008 6581
6503 1149
3023 7287
4483 268
2311 5275
4326 5325
1446 1810
6023 2874
5418 142
4331 2200
6329 5393
3798 3545
4953 7526
63 7671
5866 1769
900 16
7305 7436
4555 6740
2290 2355
2717 3984
3591 1441
2522 1797
2668 487
1661 1706
55 5430
7640 2720
4381 6876
711 4921
6866 4994
1591 1216
2511 3202
788 445
3505 2140
6735 3628
2148 6663
3072 4814
5906 1447
4988 467
7134 3838
715 3203
4489 3341
5786 150
7774 4634
4063 5051
3294 5118
1531 682
5092 1204
5323 5204
5450 661
2183 6292
4125 1528
2651 2908
470 3079
5029 2525
6942 2233
874 5651
2528 3386
1682 4165
6581 1865
1149 4705
7287 3613
268 6006
5275 3997
5325 853
1810 769
2874 2228
142 7650
2200 3277
5393 6249
3545 5522
7526 5636
7671 5908
1769 4589
16 4703
7436 7515
6740 6614
2355 6935
3984 5348
1441 5414
1797 7048
487 2579
1706 4804
5430 568
2720 5273
6876 5900
4921 3128
4994 4379
1216 6266
3202 7276
445 2087
2140 5099
3628 2983
6663 5506
4814 7415
1447 5812
467 3246
3838 3758
3203 1524
3341 2182
150 554
4634 6699
5051 6817
5118 5619
682 7142
1204 7800
5204 5863
661 3974
6292 575
1528 7371
2908 7475
3079 4103
2525 5654
2233 7237
5651 7215
3386 4597
4165 3487
1865 3101
4705 184
3613 239
6006 4732
3997 6916
853 844
769 2970
2228 7270
7650 6284
3277 6743
6249 4372
5522 6990
5636 1168
5908 2855
4589 3350
4703 3940
7515 5174
6614 4633
6935 4061
5348 7323
5414 2427
7048 2480
2579 6803
4804 5823
568 3872
5273 516
5900 3445
3128 6210
4379 3019
6266 7448
7276 3712
2087 2357
5099 4169
2983 1143
5506 6420
7415 1339
5812 4836
3246 6671
3758 3576
1524 6162
2182 7502
554 7294
6699 1203
6817 5849
5619 2163
7142 2672
7800 2125
5863 1739
3974 4617
575 3905
7371 1815
7475 7699
4103 5498
5654 6660
7237 4057
7215 2081
4597 7131
3487 2212
3101 4021
184 2535
239 2550
4732 2044
6916 5512
844 3329
2970 3790
7270 5146
6284 1436
6743 4971
4372 553
6990 3858
1168 1620
2855 7655
3350 6583
3940 183
5174 7697
4633 4145
4061 131
7323 7732
2427 3509
2480 6986
6803 1116
5823 5844
3872 7263
516 7846
3445 4739
6210 5283
3019 1715
7448 3804
3712 3774
2357 4848
4169 714
1143 7122
6420 4363
1339 6322
4836 2562
6671 6043
3576 5575
6162 6334
7502 5615
7294 6376
1203 2160
5849 3976
2163 2425
2672 5732
2125 579
1739 4653
4617 1582
3905 7149
1815 7073
7699 36
5498 3495
6660 3491
4057 479
2081 772
7131 2803
2212 780
4021 3608
2535 7003
2550 5293
2044 1974
5512 1946
3329 6656
3790 6820
5146 5912
1436 4664
4971 7559
553 5489
3858 6017
1620 2556
7655 3556
6583 2984
183 5505
7697 1191
4145 5507
131 1247
7732 7574
3509 1586
6986 5748
1116 1534
5844 7329
7263 3328
7846 91
4739 6924
5283 5979
1715 6315
3804 1905
3774 4467
4848 1538
714 2298
7122 3005
4363 3737
6322 2635
2562 4294
6043 3493
5575 3960
6334 6357
5615 4834
6376 3924
2160 363
3976 7615
2425 1352
5732 6987
579 7652
4653 6010
1582 4961
7149 672
7073 902
36 2426
3495 838
3491 965
479 3275
772 4964
2803 1558
780 3672
3608 5620
7003 4228
5293 766
1974 6774
1946 3995
6656 3915
6820 4117
5912 2699
4664 4741
7559 2216
5489 1806
6017 1544
2556 2113
3556 1434
2984 3349
5505 2653
1191 5996
5507 2960
1247 4086
7574 238
1586 525
5748 2338
1534 6557
7329 1376
3328 4984
91 3174
6924 3299
5979 6937
6315 7642
1905 2136
4467 241
1538 5650
2298 6115
3005 4794
3737 4852
2635 2721
4294 3581
3493 7755
3960 4459
6357 3508
4834 847
3924 5344
363 3489
7615 2150
1352 6957
6987 4208
7652 2207
6010 2226
4961 3776
672 1225
902 3881
2426 7330
838 361
965 5531
3275 1950
4964 2727
1558 480
3672 7227
5620 5941
4228 1350
766 3575
6774 4531
3995 3109
3915 3322
4117 887
2699 5521
4741 7176
2216 6716
1806 1066
1544 4872
2113 3801
1434 7458
3349 1278
2653 4553
5996 4175
2960 1858
4086 7236
238 668
525 7447
2338 4067
6557 6901
1376 7765
4984 242
3174 5219
3299 4867
6937 7211
7642 5680
2136 2637
241 4058
5650 1096
6115 392
4794 5117
4852 2731
2721 5203
3581 3152
7755 1293
4459 5510
3508 7385
847 3086
5344 188
3489 1937
2150 6653
6957 756
4208 1206
2207 7604
2226 5419
3776 6175
1225 4354
3881 7682
7330 6563
361 288
5531 1355
1950 7117
2727 453
480 6234
7227 4574
5941 1388
1350 1282
3575 1710
4531 7689
3109 1787
3322 7827
887 398
5521 2580
7176 382
6716 7814
1066 4110
4872 2397
3801 1736
7458 3255
1278 3806
4553 7203
4175 7372
1858 7113
7236 4471
668 5385
7447 5357
4067 4643
6901 4649
7765 999
242 7100
5219 1499
4867 3961
7211 7573
5680 2541
2637 3975
4058 621
1096 6462
392 285
5117 3570
2731 1390
5203 1050
3152 6967
1293 6630
5510 1581
7385 3595
3086 1923
188 518
1937 249
6653 7095
756 580
1206 2238
7604 2310
5419 5282
6175 5565
4354 2546
7682 5480
6563 3302
288 4968
1355 137
7117 1649
453 1501
6234 1972
4574 283
1388 869
1282 2275
1710 1074
7689 2843
1787 5089
7827 1743
398 1144
2580 2791
382 3573
7814 632
4110 4884
2397 4629
1736 5719
3255 5953
3806 6172
7203 977
7372 1509
7113 4544
4471 3513
5385 2817
5357 1259
4643 6395
4649 7734
999 7104
7100 3536
1499 2165
3961 450
7573 7324
2541 344
3975 77
621 1303
6462 2292
285 7669
3570 4299
1390 5478
1050 3952
6967 3222
6630 599
1581 2928
3595 3414
1923 3558
518 1561
249 7613
7095 7386
580 349
2238 5193
2310 1726
5282 2322
5565 1193
2546 1640
5480 7523
3302 7112
4968 5790
137 3749
1649 3533
1501 7232
1972 5876
283 5690
869 4769
2275 1567
1074 3555
2843 2806
5089 2191
1743 5901
1144 6012
2791 6598
3573 5775
632 2
4884 1876
4629 6670
5719 2507
5953 1585
6172 4230
977 6128
1509 4421
4544 3285
3513 1980
2817 1333
1259 3027
6395 1169
7734 3607
7104 1525
3536 5339
2165 3026
450 5159
7324 5442
344 2329
77 4569
1303 5573
2292 5468
7669 1506
4299 4346
5478 1610
3952 6164
3222 6591
599 4252
2928 3494
3414 4682
3558 3791
1561 4932
7613 1473
7386 178
349 3799
5193 6458
1726 1348
2322 4306
1193 634
1640 736
7523 7052
7112 6827
5790 2918
3749 5069
3533 4201
7232 1430
5876 353
5690 1033
4769 3636
1567 4040
3555 4065
2806 5513
2191 2434
5901 947
6012 5095
6598 3559
5775 613
2 1364
1876 1551
6670 2166
2507 2026
1585 120
4230 7246
6128 4539
4421 5848
3285 1157
1980 406
1333 6149
3027 1895
1169 3501
3607 2693
1525 3272
5339 203
3026 121
5159 6548
5442 5380
2329 5210
4569 7283
5573 1185
5468 6999
1506 3755
4346 7405
1610 2323
6164 1676
6591 7192
4252 2454
3494 2873
4682 1935
3791 4112
4932 3471
1473 4076
178 4025
3799 5291
6458 7258
1348 6697
4306 4944
634 90
736 27
7052 5211
6827 6144
2918 6133
5069 3630
4201 6892
1430 3671
353 2733
1033 5286
3636 1656
4040 5471
4065 6065
5513 22
2434 6049
947 5970
5095 4877
3559 4083
613 2775
1364 1711
1551 6793
2166 4303
2026 4014
120 1454
7246 343
4539 1679
5848 2543
1157 2042
406 936
6149 1036
1895 810
3501 6229
2693 3404
3272 2433
203 2152
121 7830
6548 3861
5380 6257
5210 6037
7283 1037
1185 3234
6999 1746
3755 5409
7405 4236
2323 2948
1676 1761
7192 3615
2454 6752
2873 3563
1935 1957
4112 2348
3471 6183
4076 6107
4025 7268
5291 2335
7258 1369
6697 1959
4944 4451
90 2398
27 5449
5211 1301
6144 1404
6133 3824
3630 4671
6892 3662
3671 7094
2733 2408
5286 5257
1656 5543
5471 993
6065 1394
22 2066
6049 4168
5970 7202
4877 6214
4083 4774
2775 5460
1711 2300
6793 5119
4303 4194
4014 4632
1454 7543
343 1647
1679 1486
2543 5135
2042 1368
936 3740
1036 4939
810 998
6229 7093
3404 6349
2433 3762
2152 7589
7830 4654
3861 4284
6257 3820
6037 2779
1037 4891
3234 7435
1746 4258
5409 1548
4236 7760
2948 6845
1761 6698
3615 3446
6752 1514
3563 3991
1957 4927
2348 7591
6183 7015
6107 3050
7268 3115
2335 4327
1369 3427
1959 4677
4451 5886
2398 100
5449 1572
1301 2789
1404 4235
3824 3739
4671 5094
3662 6744
7094 3429
2408 3626
5257 3482
5543 4736
993 2625
1394 4316
2066 5500
4168 4826
7202 3846
6214 30
4774 4788
5460 911
2300 1072
5119 144
4194 4824
4632 505
7543 2996
1647 4688
1486 6631
5135 2941
1368 32
3740 442
4939 7588
998 1796
7093 4972
6349 1574
3762 4831
7589 7631
4654 857
4284 4820
3820 2952
2779 6263
4891 3616
7435 1483
4258 1013
1548 1190
7760 5496
6845 4943
6698 846
3446 4974
1514 3789
3991 5476
4927 5059
7591 976
7015 5923
3050 7850
3115 5073
4327 1182
3427 929
4677 5122
5886 3369
100 7638
1572 1897
2789 3951
4235 2646
3739 3754
5094 1659
6744 7315
3429 1891
3626 6113
3482 6508
4736 2531
2625 2590
4316 1802
5500 4841
4826 6725
3846 143
30 1568
4788 52
911 4646
1072 4368
144 4162
4824 1940
505 7334
2996 2624
4688 177
6631 3458
2941 7388
32 4035
442 1487
7588 4097
1796 5626
4972 2412
1574 6313
4831 5999
7631 2513
857 2930
4820 5205
2952 4310
6263 5360
3616 3811
1483 2907
1013 6811
1190 7397
5496 5197
4943 4898
846 4091
4974 6200
3789 4285
5476 4492
5059 7106
976 5027
5923 2192
7850 1549
5073 3707
1182 6478
929 2802
5122 3923
3369 3692
7638 3439
1897 6778
3951 4239
2646 528
3754 1015
1659 6465
7315 5997
1891 4565
6113 6756
6508 4215
2531 502
2590 302
1802 2246
4841 397
6725 5692
143 1978
1568 4396
52 1498
4646 2899
4368 3721
4162 5574
1940 7327
7334 875
2624 5972
177 3466
3458 7338
7388 6532
4035 4658
1487 1696
4097 5885
5626 1813
2412 503
6313 5349
5999 646
2513 2112
2930 1084
5205 5367
4310 322
5360 6226
3811 2858
2907 6048
6811 1162
7397 7204
5197 5447
4898 4022
4091 2210
6200 5042
4285 7706
4492 4182
7106 6758
5027 1032
2192 3042
1549 3009
3707 408
6478 5041
2802 5254
3923 706
3692 1969
3439 2222
6778 3221
4239 1113
528 4675
1015 6469
6465 1627
5997 3045
4565 3418
6756 3518
4215 6662
502 3150
302 5467
2246 7641
397 5306
5692 2949
1978 673
4396 590
1498 260
2899 7001
3721 4881
5574 2190
7327 7079
875 6683
5972 5533
3466 1996
7338 354
6532 2179
4658 4812
1696 1340
5885 6460
1813 3948
503 863
5349 1421
646 4405
2112 533
1084 776
5367 1630
322 3078
6226 6961
2858 2004
6048 1189
1162 7186
7204 7068
5447 6975
4022 1235
2210 686
5042 6980
7706 7425
4182 2423
6758 4090
1032 3843
3042 3661
3009 1079
408 4498
5041 927
5254 6777
706 7417
1969 7217
2222 799
3221 3034
1113 2632
4675 5240
6469 3036
1627 7245
3045 263
3418 6440
3518 4709
6662 5333
3150 82
5467 2215
7641 2742
5306 7157
2949 1192
673 7347
590 106
260 6141
7001 615
4881 740
2190 7414
7079 1779
6683 5451
5533 4501
1996 3377
354 2839
2179 1562
4812 5761
1340 5859
6460 5332
3948 6977
863 4823
1421 3772
4405 7034
533 4734
776 6430
1630 274
3078 128
6961 4073
2004 7851
1189 2976
7186 988
7068 173
6975 191
1235 1512
686 4042
6980 749
7425 5884
2423 5437
4090 309
3843 1305
3661 4473
1079 5126
4498 5475
927 5009
6777 111
7417 5881
7217 6476
799 4550
3034 114
2632 3318
5240 2725
3036 3688
7245 3436
263 7410
6440 7831
4709 3004
5333 4249
82 262
2215 3442
2742 5927
7157 162
1192 5487
7347 5417
106 5053
6141 1199
615 4871
740 1563
7414 1442
1779 7090
5451 5951
4501 2980
3377 7624
2839 2654
1562 89
5761 3752
5859 28
5332 758
6977 6112
4823 2203
3772 5482
7034 2413
4734 2782
6430 2011
274 6728
128 837
4073 4593
7851 117
2976 3103
988 7789
173 7784
191 1428
1512 3949
4042 2516
749 4963
5884 3132
5437 4502
309 4220
1305 5724
4473 2945
5126 3172
5475 5666
5009 7745
111 3714
5881 2379
6476 2593
4550 2937
114 3049
3318 1814
2725 6857
3688 7459
3436 108
7410 7803
7831 6036
3004 5854
4249 5103
262 5157
3442 6934
5927 3474
162 1458
5487 1707
5417 1287
5053 7175
1199 4707
4871 6773
1563 1730
1442 4447
7090 94
5951 6543
2980 303
7624 648
2654 2478
89 5228
3752 7527
28 5440
758 3283
6112 6930
2203 5110
5482 6192
2413 4341
2782 2690
2011 625
6728 6188
837 3766
4593 4929
117 4401
3103 1026
7789 2027
7784 6331
1428 250
3949 1244
2516 3348
4963 5847
3132 1118
4502 3394
4220 5612
5724 741
2945 1674
3172 6071
5666 1695
7745 6403
3714 6157
2379 4692
2593 5140
2937 1665
3049 5686
1814 7782
6857 7028
7459 3444
108 7616
7803 2330
6036 1080
5854 5564
5103 2670
5157 5678
6934 2715
3474 2502
1458 4516
1707 6932
1287 2911
7175 6636
4707 2014
6773 1285
1730 7418
4447 3764
94 416
6543 3996
303 3723
648 2376
2478 4526
5228 3768
7527 156
5440 1054
3283 2794
6930 1752
5110 6373
6192 1658
4341 339
2690 1546
625 6920
6188 2131
3766 3919
4929 3499
4401 1177
1026 2371
2027 1494
6331 4990
250 1697
1244 123
3348 5335
5847 1613
1118 5340
3394 4404
5612 233
741 2452
1674 5285
6071 5832
1695 1598
6403 623
6157 2883
4692 4787
5140 6047
1665 5653
5686 5853
7782 1017
7028 2950
3444 2075
7616 3261
2330 4060
1080 2110
5564 1580
2670 7848
5678 7576
2715 3108
2502 1612
4516 7727
6932 4054
2911 2399
6636 4825
2014 2385
1285 4691
7418 2616
3764 7057
416 5067
3996 5893
3723 1930
2376 42
4526 4928
3768 5378
156 5469
1054 3187
2794 4250
1752 885
6373 5809
1658 410
339 110
1546 1899
6920 6275
2131 1759
3919 7233
3499 6485
1177 6480
2371 176
1494 1547
4990 19
1697 3738
123 3642
5335 2297
1613 511
5340 3802
4404 3925
233 2000
2452 481
5285 7840
5832 1716
1598 305
623 166
2883 4234
4787 4775
6047 3006
5653 515
5853 2921
1017 3055
2950 7170
2075 1925
3261 3686
4060 3110
2110 4059
1580 3073
7848 2785
7576 7610
3108 4937
1612 5818
7727 6769
4054 967
2399 3592
4825 7178
2385 4291
4691 6695
2616 2549
7057 3853
5067 6761
5893 7208
1930 2713
42 3624
4928 1654
5378 6064
5469 4144
3187 444
4250 5808
885 6564
5809 4966
410 5921
110 1721
1899 4700
6275 5304
1759 3405
7233 1740
6485 2842
6480 6371
176 6014
1547 2999
19 514
3738 6546
3642 208
2297 1424
511 7603
3802 2598
3925 2614
2000 4167
481 7109
7840 2106
1716 4584
305 6413
166 4399
4234 3521
4775 5696
3006 6325
515 7251
2921 4206
3055 6347
7170 7138
1925 1973
3686 101
3110 3511
4059 1527
3073 5540
2785 159
7610 946
4937 7500
5818 4151
6769 7511
967 4309
3592 3553
7178 2404
4291 4588
6695 2750
2549 1708
3853 895
6761 6414
7208 3909
2713 5762
3624 3532
1654 1843
6064 5044
4144 1744
444 4191
5808 3523
6564 5438
4966 4081
5921 7847
1721 3598
4700 286
5304 647
3405 7221
1740 996
2842 3554
6371 2316
6014 5237
2999 2235
514 2170
6546 3911
208 5546
1424 5894
7603 3837
2598 2627
2614 3987
4167 1221
7109 1052
2106 4270
4584 866
6413 2816
4399 5659
3521 443
5696 7158
6325 7747
7251 3151
4206 1330
6347 1122
7138 2683
1973 6166
101 5313
3511 1147
1527 3331
5540 1299
159 5400
946 3472
7500 3634
4151 5665
7511 6209
4309 2077
3553 7551
2404 1344
4588 1960
2750 3602
1708 44
895 7821
6414 126
3909 5810
5762 4200
3532 5780
1843 5772
5044 6539
1744 6898
4191 1431
3523 7171
5438 1155
4081 2856
7847 1678
3598 7421
286 4360
647 6411
7221 6359
996 7565
3554 4364
2316 1233
5237 5303
2235 6911
2170 7743
3911 212
5546 3002
5894 1156
3837 1608
2627 624
3987 6045
1221 1920
1052 5350
4270 2088
866 3500
2816 4418
5659 2008
443 6156
7158 3929
7747 2555
3151 3603
1330 7035
1122 5563
2683 6471
6166 6992
5313 7031
1147 4238
3331 3298
1299 5991
5400 279
3472 5702
3634 3469
5665 7049
6209 40
2077 7337
7551 3160
1344 6823
1960 7228
3602 5445
44 3724
7821 4317
126 6791
5810 1062
4200 6059
5780 7302
5772 2586
6539 1145
6898 493
1431 4003
7171 6943
1155 1764
2856 5850
1678 6632
7421 1607
4360 1944
6411 6410
6359 7720
7565 3267
4364 3371
1233 172
5303 7310
6911 5663
7743 2645
212 6361
3002 1683
1156 4919
1608 6042
624 1396
6045 3877
1920 6789
5350 7275
2088 5898
3500 400
4418 5318
2008 637
6156 4735
3929 412
2555 3644
3603 4895
7035 750
5563 1389
6471 4190
6992 880
7031 3210
4238 4301
3298 4274
5991 2969
279 1094
5702 3289
3469 2865
7049 723
40 193
7337 5800
3160 2661
6823 2643
7228 4885
5445 2436
3724 2361
4317 934
6791 4348
1062 2685
6059 2255
7302 1178
2586 4462
1145 3116
493 7303
4003 83
6943 3415
1764 6407
5850 3465
6632 1794
1607 6719
1944 386
6410 3008
7720 2132
3267 2563
3371 6886
172 1860
7310 5725
5663 1250
2645 5289
6361 6295
1683 7180
4919 7264
6042 4618
1396 6032
3877 6984
6789 5276
7275 1849
5898 6559
400 2325
5318 3256
637 6061
4735 452
412 734
3644 6242
4895 2961
750 7602
1389 2048
4190 6840
880 2938
3210 1342
4301 4510
4274 4541
2969 7319
1094 2997
3289 3631
2865 3094
723 4465
193 6586
5800 2706
2661 4859
2643 7040
4885 2291
2436 7224
2361 793
934 4711
4348 5439
2685 3452
2255 4615
1178 6617
4462 1877
3116 2231
7303 4975
83 883
3415 1516
6407 6627
3465 4751
1794 17
6719 6542
386 2581
3008 1492
2132 2047
2563 431
6886 7166
1860 4716
5725 602
1250 7047
5289 5765
6295 2758
7180 6120
7264 2448
4618 3043
6032 6324
6984 6443
5276 4500
1849 7709
6559 4509
2325 1382
3256 5963
6061 1782
452 6813
734 2609
6242 277
2961 1173
7602 5302
2048 4765
6840 6918
2938 6750
1342 4124
4510 1997
4541 1137
7319 127
2997 6179
3631 1651
3094 3756
4465 7381
6586 1786
2706 6652
4859 7064
7040 7854
2291 1912
7224 4407
793 2564
4711 3021
5439 97
3452 6321
4615 5436
6617 2754
1877 5747
2231 4807
4975 4015
883 3625
1516 6550
6627 3106
4751 3770
17 2584
6542 5310
2581 234
1492 2259
2047 3013
431 4896
7166 1662
4716 4009
602 1125
7047 5585
5765 3319
2758 1589
6120 3753
2448 5366
3043 221
6324 1828
6443 610
4500 7539
7709 4037
4509 2037
1382 3351
5963 1690
1782 1523
6813 4402
2609 1727
277 3435
1173 2076
5302 1729
4765 58
6918 1027
6750 1845
4124 66
1997 6341
1137 3589
127 1489
6179 4311
1651 3247
3756 7359
7381 2773
1786 5958
6652 7759
7064 3668
7854 6944
1912 5347
4407 1821
2564 2299
3021 5079
97 5532
6321 6667
5436 7838
2754 1482
5747 7754
4807 3956
4015 5889
3625 186
6550 6028
3106 1294
3770 115
2584 541
5310 5815
234 7612
2259 411
3013 5484
4896 5984
1662 683
4009 3944
1125 4855
5585 2068
3319 5098
1589 2966
3753 4933
5366 2716
221 7219
1828 6639
610 3085
7539 2416
4037 3448
2037 2896
3351 2006
1690 6176
1523 6859
4402 270
1727 7349
3435 7298
2076 4602
1729 2738
58 6405
1027 1892
1845 1262
66 7084
6341 5454
3589 6954
1489 2603
4311 5791
3247 5802
7359 84
2773 7645
5958 1592
7759 6847
3668 4663
6944 5825
5347 1554
1821 1552
2299 6070
5079 3921
5532 311
6667 427
7838 4842
1482 5224
7754 7200
3956 4655
5889 5607
186 2679
6028 4728
1294 6812
115 871
541 3826
5815 4613
7612 658
411 6089
5484 7260
5984 5328
683 2551
3944 7722
4855 2854
2068 4999
5098 2268
2966 6570
4933 1515
2716 6274
7219 104
6639 420
3085 5064
2416 971
3448 5534
2896 6302
2006 7145
6176 3274
6859 655
270 2824
7349 4524
7298 811
4602 2476
2738 5080
6405 6998
1892 4486
1262 3795
7084 7316
5454 1945
6954 7558
2603 3199
5791 1668
5802 6448
84 7510
7645 377
1592 3393
6847 7735
4663 4529
5825 7438
1554 1346
1552 2024
6070 3637
3921 3690
311 719
427 2939
4842 5243
5224 2309
7200 5662
4655 5186
5607 6342
2679 5488
4728 856
6812 4160
871 3609
3826 304
4613 6068
658 5187
6089 5836
7260 1635
5328 474
2551 3979
7722 7256
2854 6692
4999 7205
2268 7159
6570 6610
1515 1385
6274 2296
104 2870
420 2974
5064 2793
971 5125
5534 211
6302 2147
7145 5010
3274 2988
655 6907
2824 454
4524 6310
811 775
2476 4378
5080 3903
6998 5352
4486 1602
3795 1014
7316 4453
1945 3815
7558 5128
3199 5057
1668 6971
6448 4292
7510 7664
377 2998
3393 628
7735 5766
4529 4672
7438 1275
1346 1400
2024 5676
3637 1573
3690 2708
719 3097
2939 5239
5243 405
2309 7698
5662 1307
5186 5217
6342 50
5488 2359
856 3368
4160 2358
3609 5588
304 95
6068 7226
5187 336
5836 5004
1635 2405
474 5842
3979 1106
7256 7358
6692 978
7205 1397
7159 731
6610 1266
1385 7043
2296 2622
2870 214
2974 6584
2793 5803
5125 5248
211 6953
2147 3423
5010 4536
2988 5326
6907 3810
454 1800
6310 4559
775 5278
4378 5270
3903 1302
5352 5735
1602 2539
1014 3461
4453 5265
3815 5907
5128 7787
5057 532
6971 3365
4292 4106
7664 6035
2998 6738
628 1513
5766 6970
4672 2712
1275 3933
1400 1222
5676 4266
1573 2445
2708 5238
3097 6025
5239 489
405 1798
7698 7788
1307 6905
5217 3679
50 395
2359 6665
3368 6809
2358 512
5588 4485
95 6501
7226 56
336 6982
5004 7013
2405 209
5842 4304
1106 4491
7358 1279
978 523
1397 2205
731 1099
1266 6132
7043 3480
2622 4586
214 4724
6584 5684
5803 6681
5248 4356
6953 1317
3423 3862
4536 798
5326 2240
3810 2495
1800 5524
4559 2772
5278 907
5270 4878
1302 2167
5735 3401
2539 5843
3461 1919
5265 4837
5907 5226
7787 7608
532 7807
3365 7336
4106 841
6035 5720
6738 534
1513 5845
6970 3498
2712 4742
3933 1907
1222 2303
4266 229
2445 4071
5238 6177
6025 148
489 7749
1798 6748
7788 5066
6905 3438
3679 6807
395 1107
6665 4475
6809 5216
512 997
4485 5494
6501 482
56 3819
6982 1878
7013 1596
209 5644
4304 6948
4491 5196
1279 6363
523 7456
2205 1003
1099 831
6132 6922
3480 2157
4586 59
4724 4119
5684 38
6681 6370
4356 7444
1317 942
3862 6863
798 7725
2240 1577
2495 970
5524 908
2772 1133
907 7769
4878 4803
2167 638
3401 105
5843 2631
1919 1238
4837 5142
5226 6888
7608 4034
7807 957
7336 6108
841 5016
5720 1012
534 7852
5845 6206
3498 2055
4742 2441
1907 7777
2303 7598
229 3065
4071 1491
6177 4219
148 2761
7749 3541
6748 366
5066 6645
3438 2723
6807 6477
1107 7143
4475 335
5216 2784
997 7096
5494 2286
482 6883
3819 786
1878 4695
1596 5632
5644 1924
6948 2315
5196 3913
6363 2575
7456 5457
1003 6090
831 1660
6922 6146
2157 4931
59 6026
4119 365
38 1618
6370 3706
7444 2925
942 630
6863 2746
7725 3030
1577 5806
970 2840
908 7463
1133 4424
7769 4138
4803 7125
638 5307
105 557
2631 5316
1238 1056
5142 1758
6888 3670
4034 5580
957 986
6108 1112
5016 3344
1012 7098
7852 1255
6206 2219
2055 2120
2441 5410
7777 1517
7598 2915
3065 418
1491 4623
4219 2711
2761 2940
3541 1699
366 3196
6645 7437
2723 1450
6477 3183
7143 3681
335 5897
2784 4690
7096 6046
2286 6125
6883 1913
786 3904
4695 4547
5632 3251
1924 7479
2315 3701
3913 4480
2575 6783
5457 5599
6090 356
1660 2697
6146 6597
4931 2012
6026 1490
365 5947
1618 5668
3706 552
2925 958
630 6079
2746 2765
3030 5324
5806 4647
2840 4283
7463 6792
4424 3093
4138 5567
7125 2797
5307 3599
557 4694
5316 7498
1056 6297
1758 5160
3670 2351
5580 2267
986 6868
1112 5225
3344 5002
7098 5733
1255 803
2219 839
2120 1926
5410 3568
1517 825
2915 899
418 3918
4623 6882
2711 6319
2940 6684
1699 2353
3196 3900
7437 6685
1450 267
3183 6338
3681 2886
5897 6513
4690 7177
6046 5411
6125 6640
1913 7493
3904 1837
4547 2443
3251 3863
7479 2594
3701 922
4480 3797
6783 7832
5599 833
356 7022
2697 4370
6597 4246
2012 6686
1490 1564
5947 381
5668 423
552 737
958 7750
6079 4386
2765 3455
5324 1995
4647 7793
4283 5570
6792 4515
3093 3481
5567 2431
2797 2146
3599 6705
4694 4828
7498 2826
6297 2650
5160 7088
2351 3154
2267 1890
6868 4242
5225 4858
5002 5548
5733 3324
803 4886
839 6457
1926 964
3568 4868
825 888
899 3871
3918 3161
6882 6642
6319 1595
6684 4833
2353 1575
3900 2885
6685 6312
267 6509
6338 7489
2886 3443
6513 5245
7177 7717
5411 2313
6640 3228
7493 7244
1837 6278
2443 2389
3863 3138
2594 6869
922 1463
3797 6453
7832 513
833 2486
7022 3253
4370 7133
4246 3978
6686 912
1564 6592
381 612
423 546
737 2686
7750 3888
4386 1571
3455 2141
1995 1374
7793 2852
5570 6034
4515 3074
3481 3237
2431 2698
2146 6489
6705 7070
4828 1413
2826 1835
2650 7416
7088 1295
3154 5034
1890 175
4242 2115
4858 6877
5548 2766
3324 6693
4886 6588
6457 2154
964 1625
4868 4696
888 5830
3871 7525
3161 5428
6642 7352
1595 6797
4833 3305
1575 5985
2885 4715
6312 5132
6509 1809
7489 3281
3443 2447
5245 6544
7717 192
2313 1289
3228 1856
7244 1599
6278 974
2389 5630
3138 124
6869 7599
1463 3153
6453 6449
513 5463
2486 2054
3253 4062
7133 3054
3978 4790
912 4625
6592 6978
612 4464
546 3177
2686 933
3888 813
1571 2951
2141 6872
1374 4026
2852 3800
6034 7680
3074 1870
3237 3849
2698 3483
6489 1241
7070 3457
1413 645
1835 3492
7416 3273
1295 4156
5034 5569
175 5043
2115 1475
6877 2265
2766 859
6693 1776
6588 956
2154 5605
1625 2175
4696 6309
5830 2787
7525 49
5428 6238
7352 4644
6797 4572
3305 6459
5985 4010
4715 5688
5132 3121
1809 7811
3281 5033
2447 1232
6544 2518
192 2623
1289 6426
1856 1496
1599 6736
974 4001
5630 1239
124 5730
7599 611
3153 2544
6449 4530
5463 5294
2054 3654
4062 5933
3054 7194
4790 3163
4625 5320
6978 5649
4464 1900
3177 4115
933 278
813 4883
2951 1505
6872 2347
4026 1476
3800 7179
7680 342
1870 7461
3849 3413
3483 5503
1241 3955
3457 6619
645 47
3492 5018
3273 5578
4156 6461
5569 3411
5043 7373
1475 676
2265 6726
859 5954
1776 3155
956 6613
5605 375
2175 2972
6309 5652
2787 4817
49 2825
6238 2891
4644 225
4572 4958
6459 1999
4010 2465
5688 4416
3121 189
7811 6732
5033 2171
1232 6518
2518 3943
2623 5817
6426 3567
1496 3265
6736 2142
4001 3262
1239 7092
5730 6589
611 7842
2544 2673
4530 4511
5294 3041
3654 6446
5933 5993
7194 7532
3163 1073
5320 4185
5649 4272
1900 422
4115 4361
278 4426
4883 2639
1505 3606
2347 1583
1476 1801
7179 4000
342 4827
7461 7796
3413 3282
5503 4822
3955 7135
6619 5992
47 4980
5018 3942
5578 4601
6461 4560
3411 1840
7373 3649
676 6016
6726 3428
5954 1314
3155 3604
6613 3193
375 5202
2972 2258
5652 324
4817 952
2825 4149
2891 1163
225 3099
4958 3171
1999 1578
2465 7518
4416 4752
189 2596
6732 701
2171 5614
6518 4962
3943 3897
5817 3463
3567 5756
3265 3953
2142 3387
3262 462
7092 1253
6589 6815
7842 4142
2673 4148
4511 5758
3041 2409
6446 6983
5993 7758
7532 4398
1073 315
4185 4432
4272 1484
422 7222
4361 4913
4426 3288
2639 3263
3606 4437
1583 6641
1801 4152
4000 3092
4827 4275
7796 2057
3282 6205
4822 4561
7135 569
5992 2229
4980 4383
3942 4755
4601 2362
4560 7693
1840 926
3649 2591
6016 3548
3428 6855
1314 2595
3604 6099
3193 6077
5202 7790
2258 3372
324 3407
952 261
4149 3178
1163 5868
3099 3840
3171 5194
1578 5192
7518 6672
4752 1886
2596 1395
701 414
5614 7477
4962 7367
3897 5218
3463 6694
5756 3083
3953 1485
3387 213
462 5039
1253 7412
6815 5093
4142 5787
4148 4506
5758 3162
2409 5402
6983 897
7758 2119
4398 4032
315 5495
4432 1251
1484 785
7222 3292
4913 4887
3288 3182
3263 3359
4437 2180
6641 2102
4152 3347
3092 1102
4275 35
2057 3727
6205 2649
4561 3020
569 7809
2229 4019
4383 7728
4755 7000
2362 5656
7693 955
926 6654
2591 6378
3548 2009
6855 4799
2595 5814
6099 3879
6077 2620
7790 88
3372 6870
3407 1345
261 4798
3178 4127
5868 5610
3840 3908
5194 7167
5192 7771
6672 3962
1886 6100
1395 7537
414 6134
7477 5855
7367 466
5218 3479
6694 3179
3083 1237
1485 3012
213 800
5039 5124
7412 2304
5093 5280
5787 7824
4506 1767
3162 2853
5402 5163
897 6616
2119 5008
4032 6724
5495 5338
1251 6512
785 6119
3292 4384
4887 622
3182 6454
3359 4260
2180 7802
2102 5329
3347 881
1102 2844
35 1386
3727 6754
2649 6910
3020 5387
7809 4271
4019 5462
7728 1536
7000 2295
5656 7277
955 4865
6654 2377
6378 4205
2009 981
4799 586
5814 6555
3879 3380
2620 3367
88 551
6870 6293
1345 1932
4798 3208
4127 4860
5610 6057
3908 7102
7167 7006
7771 4466
3962 3744
6100 1296
7537 1579
6134 1019
5855 5453
466 4996
3479 4078
3179 7812
1237 3813
3012 3748
800 5368
5124 4135
2304 3535
5280 5782
7824 5971
1767 3166
2853 2987
5163 1422
6616 2975
5008 2016
6724 6170
5338 849
6512 4713
6119 5683
4384 2821
622 1751
6454 4244
4260 5300
7802 4179
5329 5233
881 1336
2844 865
1386 6851
6754 4997
6910 5557
5387 627
4271 3880
5462 3700
1536 7569
2295 1025
7277 7067
4865 2280
2377 5262
4205 5441
981 6389
586 1055
6555 2001
3380 2644
3367 6024
551 604
6293 4862
1932 4845
3208 2470
4860 1180
6057 2129
7102 6377
7006 5711
4466 3779
3744 5058
1296 722
1579 4472
1019 5331
5453 5955
4996 7129
4078 4056
7812 5594
3813 4535
3748 3425
5368 7504
4135 540
3535 4918
5782 33
5971 6887
3166 3803
2987 6001
1422 6073
2975 3340
2016 6237
6170 3914
849 6082
4713 3538
5683 4430
2821 5749
1751 1240
4244 7514
5300 3399
4179 7841
5233 7716
1336 2971
865 795
6851 1198
4997 4762
5557 3233
627 4129
3880 7014
3700 2232
7569 7017
1025 2691
7067 6567
2280 4074
5262 1622
5441 6344
6389 1508
1055 5005
2001 3691
2644 5789
6024 2381
604 1541
4862 5473
4845 4241
2470 7362
1180 1288
2129 6011
6377 4229
5711 4866
3779 1108
5058 6475
722 4626
4472 2847
5331 991
5955 1811
7129 448
4056 7713
5594 4580
4535 2884
3425 662
7504 5646
540 1115
4918 1213
33 3486
6887 5577
3803 6549
6001 113
6073 1864
3340 6890
6237 4439
3914 6745
6082 3784
3538 75
4430 7361
5749 6399
1240 7512
7514 5870
3399 3290
7841 4830
7716 1748
2971 2906
795 5974
1198 491
4762 4747
3233 5939
4129 7495
7014 5670
2232 160
7017 1998
2691 5655
6567 7676
4074 1522
1622 396
6344 5220
1508 2862
5005 6285
3691 3775
5789 3600
2381 2705
1541 7030
5473 187
4241 7654
7362 7136
1288 41
6011 64
4229 7662
4866 5361
1108 5978
6475 735
4626 7460
2847 2174
991 4635
1811 2139
448 6569
7713 4375
4580 1392
2884 6577
662 3422
5646 15
1115 7695
1213 5779
3486 2954
5577 6262
6549 1093
113 4068
1864 679
6890 5602
4439 5516
6745 6390
3784 5499
75 6003
7361 2464
6399 6189
7512 1888
5870 4936
3290 7823
4830 1200
1748 5432
2906 816
5974 3220
491 7443
4747 6290
5939 282
7495 7422
5670 4474
160 3270
1998 4864
5655 4976
7676 6536
1522 3343
396 5151
5220 6925
2862 3462
6285 2277
3775 1142
3600 2276
2705 1495
7030 3363
187 6397
7654 2380
7136 6110
41 4420
64 3419
7662 1714
5361 4869
5978 5764
735 1002
7460 1325
2174 4176
4635 151
2139 4776
6569 2108
4375 7124
1392 768
6577 5858
3422 4673
15 2786
7695 2718
5779 402
2954 3882
6262 2589
1093 4367
4068 7596
679 7739
5602 4954
5516 891
6390 7468
5499 1269
6003 3379
2464 2914
6189 4998
1888 4045
4936 3743
7823 5551
1200 5700
5432 2795
816 6530
3220 7080
7443 5149
6290 6464
282 2134
7422 1857
4474 6408
3270 1718
4864 1594
4976 5341
6536 6496
3343 1029
5151 5470
6925 6933
3462 3089
2277 4546
1142 455
2276 7403
1495 6621
3363 3920
6397 6298
2380 5459
6110 1455
4420 2124
3419 3742
1714 5617
4869 3345
5764 585
1002 2704
1325 4761
4176 5840
151 198
4776 6520
2108 6412
7124 1789
768 2755
5858 598
4673 5195
2786 1117
2718 6936
402 2986
3882 1954
2589 4924
4367 2475
7596 1387
7739 3031
4954 5890
891 5726
7468 133
1269 5627
3379 5153
2914 4276
4998 915
4045 1847
3743 2059
5551 7408
5700 1992
2795 5928
6530 3561
7080 744
5149 7672
6464 6340
2134 4604
1857 1872
6408 6030
1718 7387
1594 4095
5341 4499
6496 6217
1029 5261
5470 4023
6933 2324
3089 9
4546 6928
455 2383
7403 4517
6621 3259
3920 7376
6298 3408
5459 7404
1455 815
2124 5635
3742 5189
5617 7828
3345 7657
585 4337
2704 3760
4761 2659
5840 1234
198 1807
6520 2617
6412 1756
1789 3968
2755 2872
598 7325
5195 171
1117 3875
6936 3547
2986 3353
1954 4706
4924 4002
2475 7445
1387 1672
3031 5061
5890 2665
5726 1041
133 3219
5627 5023
5153 2762
4276 5705
915 4298
1847 7271
2059 6486
7408 2039
1992 1859
5928 4714
3561 1597
744 2022
7672 6127
6340 657
4604 1687
1872 3149
6030 390
7387 1724
4095 4729
4499 3396
6217 358
5261 4438
4023 2206
2324 5861
9 109
6928 6915
2383 3332
4517 4419
3259 2688
7376 5277
3408 4053
7404 2503
815 5777
5635 4245
5189 4512
7828 2342
7657 6605
4337 5785
3760 3759
2659 332
1234 1539
1807 7230
2617 4702
1756 4952
3968 6367
2872 7773
7325 5102
171 495
3875 218
3547 681
3353 566
4706 5987
4002 7374
7445 3212
1672 6947
5061 2602
2665 6228
1041 7751
3219 3907
5023 6033
2762 3114
5705 194
4298 3060
7271 7027
6486 3120
2039 7274
1859 6232
4714 6929
1597 5011
2022 6364
6127 5677
657 3676
1687 3192
3149 3297
390 6587
1724 6450
4729 1830
3396 2835
358 3684
4438 5874
2206 1634
5861 3971
109 4901
6915 5169
3332 7464
4419 4567
2688 589
5277 7860
4053 6842
2503 154
5777 7473
4245 7141
4512 6650
2342 5931
6605 433
5785 1393
3759 6794
332 1619
1539 2045
7230 6369
4702 2571
4952 2681
6367 522
7773 7614
5102 2451
495 6821
218 4296
681 5129
566 7548
5987 1460
7374 5770
3212 2920
6947 5263
2602 1862
6228 4616
7751 1559
3907 4801
6033 4233
3114 6651
194 1076
3060 3787
7027 7115
3120 5887
7274 713
6232 6602
6929 310
5011 2249
6364 1693
5677 1361
3676 6117
3192 5345
3297 730
6587 2244
6450 6599
1830 6161
2835 6040
3684 1011
5874 6250
1634 7742
3971 1082
4901 7486
5169 6687
7464 7626
4567 3467
589 4746
7860 6265
6842 7822
154 3695
7473 2098
7141 2942
6650 1500
5931 2877
433 3610
1393 2662
6794 67
1619 4434
2045 3382
6369 7289
2571 5035
2681 7595
522 6218
7614 5980
2451 5152
6821 6131
4296 6629
5129 7733
7548 962
1460 2340
5770 6965
2920 2467
5263 429
1862 3453
4616 4412
1559 6094
4801 4253
4233 2090
6651 5319
1076 4773
3787 3113
7115 7628
5887 7097
713 4573
6602 1380
310 2420
