7772
7472 7226
7472 2482
7472 6728
7226 2208
2482 1590
2482 1087
6728 3600
6728 5794
6728 5707
6728 1399
2208 4638
2208 3899
1590 40
1590 1852
1590 7377
1590 6575
1087 6169
1087 3684
3600 1068
5794 6892
5707 2223
1399 6933
1399 7421
4638 3300
4638 747
4638 6477
4638 6253
3899 6485
3899 5191
40 1169
40 2762
1852 3686
1852 5483
1852 1591
1852 3396
7377 2008
7377 1974
7377 3522
7377 6580
6575 3610
6575 5468
6169 7754
6169 2563
3684 6883
3684 6135
3684 3563
1068 5706
1068 571
1068 4804
6892 6626
6892 1953
6892 285
6892 1555
2223 72
6933 3564
6933 8
6933 5740
7421 6271
7421 3699
3300 5960
3300 7141
3300 5526
3300 5397
747 1565
747 1961
747 4560
6477 1753
6477 3551
6477 2982
6253 657
6485 5324
6485 6264
5191 1614
1169 6166
2762 4302
3686 5415
5483 1268
5483 1196
1591 1391
1591 3321
1591 404
1591 6722
3396 303
3396 7119
3396 7388
3396 1385
2008 439
2008 184
2008 7624
2008 5533
1974 7338
1974 2113
1974 6368
1974 3773
3522 6876
3522 5743
3522 3382
6580 6
3610 6753
3610 1361
3610 3849
3610 5172
5468 4498
7754 1763
7754 6681
2563 5552
6883 6143
6883 7402
6135 3636
6135 7381
6135 6842
6135 1610
3563 2987
3563 649
3563 1936
5706 1982
5706 2756
5706 2380
571 2494
571 2159
571 6411
571 7723
4804 7306
4804 4436
4804 6023
4804 3703
6626 4121
6626 227
1953 2571
1953 4337
1953 5354
1953 7265
285 7613
285 6004
1555 3285
1555 340
72 7414
72 3112
72 6863
72 5378
3564 5929
8 2032
5740 2782
6271 1109
3699 6846
3699 5545
5960 4738
5960 2166
5960 1661
7141 4906
7141 6644
5526 4254
5397 4368
1565 663
1961 2640
4560 85
1753 7275
3551 4905
3551 7405
2982 2834
2982 6372
657 6045
657 4142
5324 3573
5324 204
6264 613
1614 5299
6166 189
4302 7708
5415 1893
5415 4087
1268 6833
1268 5178
1196 2450
1391 2144
3321 3510
404 3985
404 7689
6722 3815
303 2730
303 5305
7119 6159
7119 5549
7388 5400
1385 6536
1385 7011
439 6617
184 1176
184 6344
7624 1723
5533 4935
7338 5486
2113 1335
6368 1845
3773 5282
6876 2311
5743 2668
3382 6443
6 2919
6753 3713
1361 5496
3849 410
5172 1585
4498 1549
1763 7397
6681 5451
5552 2145
6143 3814
7402 774
3636 4358
7381 6776
6842 4704
1610 7561
2987 1569
649 3346
1936 1106
1982 611
2756 4654
2380 7256
2494 6769
2159 2104
6411 3467
7723 1682
7306 6571
4436 1033
6023 1204
3703 27
4121 685
227 7189
2571 7571
4337 1062
5354 2301
7265 4708
7613 1895
6004 3920
3285 1416
340 5229
7414 1339
3112 6950
6863 2492
5378 2207
5929 4592
2032 6890
2782 2306
1109 7347
6846 7019
5545 1738
4738 4259
2166 2680
1661 5142
4906 3952
6644 6196
4254 843
4368 1053
663 1609
2640 4748
85 4437
7275 4421
4905 1927
7405 5785
2834 570
6372 5143
6045 6187
4142 1100
3573 577
204 1691
613 2396
5299 3303
189 5947
7708 547
1893 3678
4087 3736
6833 5170
5178 5828
2450 2658
2144 3189
3510 3119
3985 2745
7689 4919
3815 2347
2730 5599
5305 4011
6159 5321
5549 2485
5400 5084
6536 4172
7011 784
6617 3981
1176 3350
6344 1821
1723 5571
4935 816
5486 5737
1335 2797
1845 6039
5282 7191
2311 6912
2668 6441
6443 49
2919 7038
3713 748
5496 7600
410 214
1585 1543
1549 3729
7397 3525
5451 2688
2145 6725
3814 6916
774 5569
4358 4520
6776 4711
4704 7081
7561 3605
1569 6351
3346 999
1106 6641
611 6721
4654 334
7256 6115
6769 6767
2104 7498
3467 6383
1682 5383
6571 3268
1033 4323
1204 3578
27 2784
685 2900
7189 1373
7571 6451
1062 7470
2301 562
4708 6179
1895 2385
3920 3997
1416 3497
5229 2497
1339 4644
6950 6614
2492 5559
2207 2458
4592 6025
6890 3698
2306 1889
7347 3682
7019 3104
1738 1599
4259 1048
2680 575
5142 5371
3952 7658
6196 283
843 64
1053 5155
1609 5672
4748 347
4437 2543
4421 3746
1927 7386
5785 4067
570 3078
5143 73
6187 7730
1100 1620
577 4960
1691 7148
2396 7001
3303 4439
5947 2679
547 7609
3678 7758
3736 1471
5170 498
5828 2139
2658 5852
3189 3668
3119 3654
2745 2423
4919 2066
2347 1875
5599 6918
4011 1282
5321 99
2485 3323
5084 7282
4172 1968
784 2520
3981 88
3350 3604
1821 3010
5571 74
816 1122
5737 4105
2797 2064
6039 3195
7191 1329
6912 6652
6441 3731
49 2167
7038 1707
748 6870
7600 4461
214 2371
1543 682
3729 5421
3525 914
2688 4598
6725 5070
6916 2240
5569 1802
4520 3762
4711 2014
7081 3577
3605 1759
6351 4886
999 1769
6641 5782
6721 1612
334 5594
6115 3832
6767 1119
7498 3292
6383 4875
5383 6390
3268 5687
4323 3129
3578 5194
2784 3169
2900 2921
1373 1792
6451 3175
7470 6402
562 6160
6179 1868
2385 1423
3997 2875
3497 1861
2497 6091
4644 6639
6614 4953
5559 7254
2458 6799
6025 7691
3698 5180
1889 3615
3682 4216
3104 3225
1599 5067
1048 6272
575 3123
5371 724
7658 3362
283 822
64 1303
5155 5514
5672 3172
347 326
2543 4383
3746 5012
7386 3971
4067 4030
3078 3476
73 7074
7730 1463
1620 3448
4960 23
7148 2252
7001 3641
4439 2603
2679 4080
7609 7184
7758 2503
1471 2038
498 1750
2139 5036
5852 1662
3668 4948
3654 4744
2423 2609
2066 1636
1875 2918
6918 5940
1282 6609
99 3822
3323 2887
7282 3356
1968 510
2520 3677
88 6537
3604 5998
3010 1679
74 2633
1122 6259
4105 3500
2064 3688
3195 6564
1329 7123
6652 6682
3731 3397
2167 851
1707 4182
6870 4051
4461 2436
2371 229
682 7566
5421 5060
914 4814
4598 5493
5070 1036
2240 1896
1802 2753
3762 4025
2014 3127
3577 2511
1759 5548
4886 6318
1769 210
5782 6437
1612 5135
5594 801
3832 3721
1119 6463
3292 5453
4875 852
6390 5714
5687 6020
3129 2976
5194 4255
3169 3720
2921 1475
1792 5280
3175 6888
6402 1563
6160 6974
1868 5220
1423 346
2875 3722
1861 331
6091 5582
6639 629
4953 4529
7254 3402
6799 5762
7691 5909
5180 2978
3615 1975
4216 1171
3225 6837
5067 2553
6272 2225
3123 7662
724 4622
3362 3020
822 798
1303 7204
5514 7668
3172 6381
326 251
4383 3918
5012 3535
3971 7671
4030 4646
3476 3263
7074 6857
1463 5440
3448 7726
23 5911
2252 1131
3641 6976
2603 7030
4080 2752
7184 6095
2503 5755
2038 4652
1750 3775
5036 2353
1662 2862
4948 7068
4744 5760
2609 1091
1636 2583
2918 859
5940 5318
6609 4346
3822 7595
2887 4784
3356 6886
510 4678
3677 6388
6537 3424
5998 1402
1679 7012
2633 1965
6259 3825
3500 4888
3688 7143
6564 1870
7123 3576
6682 745
3397 5942
851 4538
4182 2366
4051 3256
2436 4629
229 5355
7566 1321
5060 464
4814 2936
5493 7411
1036 3806
1896 6905
2753 5066
4025 3324
3127 7176
2511 2691
5548 157
6318 1709
210 364
6437 5928
5135 6774
801 3812
3721 6898
6463 5085
5453 5974
852 6051
5714 3426
6020 3941
2976 5773
4255 3274
3720 7127
1475 5919
5280 1651
6888 2632
1563 1715
6974 1129
5220 1099
346 1235
3722 5565
331 582
5582 3028
629 3492
4529 7380
3402 232
5762 290
5909 7121
2978 6766
1975 4062
1171 6574
6837 2344
2553 7659
2225 4318
7662 2588
4622 3414
3020 3770
798 3367
7204 3205
7668 2931
6381 3412
251 7205
3918 6611
3535 3898
7671 6016
4646 6348
3263 2051
6857 6616
5440 454
7726 521
5911 812
1131 2500
6976 5291
7030 2952
2752 3955
6095 4096
5755 738
4652 3002
3775 1015
2353 3632
2862 3233
7068 3643
5760 3039
1091 1545
2583 6062
859 3372
5318 3013
4346 2786
7595 3193
4784 695
6886 4545
4678 1460
6388 4019
3424 2662
1402 794
7012 3480
1965 3582
3825 3441
4888 5827
7143 5617
1870 7467
3576 554
745 5830
5942 3232
4538 6068
2366 7018
3256 1209
4629 665
5355 4908
1321 3587
464 4209
2936 7604
7411 6790
3806 6780
6905 3599
5066 779
3324 6398
7176 1350
2691 2904
157 7392
1709 7045
364 7680
5928 4758
6774 1038
3812 6152
6898 7660
5085 4718
5974 1216
6051 1230
3426 3541
3941 14
5773 5670
3274 6522
7127 4577
5919 3542
1651 6923
2632 6379
1715 7578
1129 4201
1099 7109
1235 7091
5565 47
582 633
3028 4475
3492 4100
7380 904
232 788
290 7385
7121 2829
6766 4415
4062 1831
6574 5368
2344 1312
7659 2714
4318 3796
2588 1676
3414 4024
3770 7476
3367 3312
3205 6046
2931 2284
3412 7200
7205 2413
6611 1188
3898 1133
6016 4547
6348 241
2051 6980
6616 3298
454 3709
521 6555
812 1720
2500 4321
5291 4954
2952 6391
3955 2996
4096 1301
738 2716
3002 3360
1015 749
3632 6251
3233 5837
3643 5200
3039 1898
1545 6523
6062 2641
3372 5882
3013 1562
2786 5632
3193 6493
695 913
4545 4053
1460 1517
4019 4275
2662 1825
794 4794
3480 2732
3582 7413
3441 3436
5827 4821
5617 1813
7467 612
554 4861
5830 5221
3232 6524
6068 5055
7018 4093
1209 7500
665 1337
4908 4066
3587 1426
4209 3261
7604 1767
6790 6099
6780 196
3599 6361
779 6599
6398 7316
1350 5394
2904 6426
7392 6153
7045 6155
7680 5991
4758 1734
1038 6036
6152 853
7660 1940
4718 4218
1216 6249
1230 5267
3541 368
14 7597
5670 5921
6522 6257
4577 1848
3542 5382
6923 1530
6379 2156
7578 6654
4201 5317
7109 4055
7091 4178
47 6815
633 5873
4475 756
4100 3748
904 7736
788 4706
7385 2506
2829 4578
4415 681
1831 6666
5368 5145
1312 2683
2714 5509
3796 587
1676 3507
4024 3499
7476 6373
3312 7590
6046 2604
2284 1962
7200 5249
2413 4153
1188 4156
1133 3201
4547 3059
241 3368
6980 1057
3298 115
3709 2877
6555 5112
1720 4798
4321 5046
4954 6608
6391 6920
2996 6701
1301 518
2716 3376
3360 2618
749 628
6251 276
5837 2966
5200 3749
1898 1187
6523 872
2641 7132
5882 3958
1562 1722
5632 5428
6493 2397
913 2565
4053 3272
1517 2491
4275 1245
1825 3570
4794 5457
2732 1318
7413 4223
3436 5945
4821 2171
1813 938
612 2651
4861 6305
5221 3418
6524 6461
5055 4453
4093 7157
7500 4069
1337 683
4066 3754
1426 2544
3261 7085
1767 7616
6099 7082
196 6628
6361 2359
6599 4733
7316 6775
5394 6125
6426 5004
6153 7516
6155 6820
5991 565
1734 3852
6036 4313
853 5213
1940 4938
4218 5965
6249 3056
5267 5082
368 3728
7597 1193
5921 6467
6257 1576
1848 5978
5382 6836
1530 2140
2156 2994
6654 5107
5317 1047
4055 7163
4178 6163
6815 4245
5873 1128
756 4256
3748 4124
7736 5642
4706 385
2506 471
4578 3547
681 1244
6666 2661
5145 6624
2683 5772
5509 5372
587 4085
3507 2234
3499 221
6373 820
7590 1510
2604 3277
1962 1522
5249 6416
4153 631
4156 6715
3201 2657
3059 2624
3368 6899
1057 5081
115 1485
2877 3060
5112 5238
4798 7063
5046 4712
6608 6782
6920 3583
6701 4386
518 6763
3376 5329
2618 372
628 5026
276 2203
2966 6066
3749 7374
1187 6511
872 6175
7132 5184
3958 857
1722 2576
5428 5101
2397 5158
2565 5071
3272 5644
2491 7607
1245 2743
3570 1473
5457 5839
1318 2461
4223 4007
5945 5711
2171 1564
938 4333
2651 807
6305 4845
3418 810
6461 1097
4453 5361
7157 1456
4069 3658
683 3867
3754 1065
2544 320
7085 3715
7616 776
7082 6683
6628 6786
2359 7656
4733 7581
6775 5347
6125 238
5004 3281
7516 5829
6820 5732
565 126
3852 5754
4313 721
5213 4770
4938 7080
5965 3425
3056 7257
5082 4669
3728 4558
1193 1115
6467 3150
1576 6399
5978 5183
6836 1383
2140 2217
2994 7455
5107 7554
1047 7461
7163 3828
6163 4761
4245 5868
1128 3212
4256 537
4124 1435
5642 3628
385 6584
471 1132
3547 7087
1244 4699
2661 5807
6624 2325
5772 5628
5372 307
4085 6934
2234 4567
221 1582
820 1060
1510 2086
3277 3101
1522 1377
6416 6201
631 441
6715 3735
2657 4614
2624 2512
6899 6852
5081 6908
1485 4165
3060 2623
5238 6233
7063 3098
4712 6984
6782 5997
3583 1650
4386 1121
6763 7420
5329 1554
372 5021
5026 6507
2203 4584
6066 6612
7374 2944
6511 2848
6175 3694
5184 6881
857 6997
2576 5734
5101 4136
5158 578
5071 4634
5644 7369
7607 5917
2743 526
1473 1511
5839 4924
2461 2880
4007 958
5711 2701
1564 5770
4333 1867
807 5247
4845 456
810 652
1097 2771
5361 3142
1456 1680
3658 4940
3867 2146
1065 4316
320 5722
3715 2364
776 5566
6683 811
6786 7483
7656 5315
7581 6679
5347 4618
238 5264
3281 5718
5829 1281
5732 2504
126 1672
5754 5333
721 7491
4770 1646
7080 2783
3425 5512
7257 5343
4669 6026
4558 4029
1115 2335
3150 3795
6399 6915
5183 6698
1383 5822
2217 3911
7455 4020
7554 1308
7461 3308
3828 3247
4761 3710
5868 7697
3212 2928
537 3521
1435 2340
3628 2022
6584 7443
1132 3276
7087 1178
4699 5257
5807 1921
2325 3903
5628 601
307 4606
6934 4468
4567 3322
1582 142
1060 6812
2086 6363
3101 3523
1377 7069
6201 4482
441 3665
3735 7454
4614 3839
2512 7540
6852 1560
6908 4485
4165 4849
2623 7125
6233 6085
3098 7277
6984 3493
5997 5554
1650 3531
1121 2169
7420 4251
1554 1700
5021 3633
6507 2228
4584 302
6612 7303
2944 7430
2848 1232
3694 1721
6881 5159
6997 2211
5734 1712
4136 512
578 4000
4634 963
7369 4278
5917 7519
526 5726
1511 1989
4924 802
2880 2323
958 5932
2701 1459
5770 1401
1867 2404
5247 3818
456 2042
652 5892
2771 4159
3142 3793
1680 1678
4940 1314
2146 2991
4316 5412
5722 78
2364 2597
5566 6663
811 6510
7483 1966
5315 6497
6679 6255
4618 5358
5264 4774
5718 5869
1281 5888
2504 3352
1672 3783
5333 3936
7491 2507
1646 1447
2783 917
5512 5724
5343 3181
6026 3328
4029 3471
2335 5161
3795 1706
6915 4717
6698 2280
5822 2312
3911 6561
4020 4523
1308 636
3308 6476
3247 5488
3710 5434
7697 7534
2928 5865
3521 2514
2340 4260
2022 1141
7443 2295
3276 5450
1178 6953
5257 1366
1921 2227
3903 4167
601 3630
4606 6482
4468 7696
3322 3200
142 7665
6812 7197
6363 805
3523 4910
7069 215
4482 2454
3665 235
7454 4871
3839 7636
7540 4542
1560 4818
4485 4158
4849 5665
7125 2802
6085 4983
7277 791
3493 2265
5554 968
3531 3452
2169 2188
4251 6234
1700 5163
3633 337
2228 2221
302 2586
7303 6076
7430 7468
1232 7198
1721 7466
5159 181
2211 6828
1712 7770
512 1851
4000 6362
963 7043
4278 1525
7519 2949
5726 4526
1989 5273
802 5967
2323 12
5932 7725
1459 684
1401 1084
2404 1107
3818 1958
2042 5211
5892 5908
4159 1143
3793 3687
1678 6480
1314 3858
2991 128
5412 1837
78 7341
2597 956
6663 4670
6510 2020
1966 3889
6497 707
6255 7756
5358 5502
4774 5195
5869 3894
5888 4511
3352 5197
3783 4505
3936 2299
2507 653
1447 3244
917 2723
5724 6661
3181 1450
3328 2964
3471 6198
5161 408
1706 2271
4717 5937
2280 5403
2312 490
6561 1126
4523 3978
636 4947
6476 3693
5488 5999
5434 1708
7534 4220
5865 6825
2514 4001
4260 306
1141 7591
2295 557
5450 691
6953 2519
1366 2956
2227 1390
4167 5471
3630 3046
6482 7632
7696 3196
3200 3427
7665 3008
7197 4527
805 4129
4910 6939
215 3805
2454 1414
235 7188
4871 4103
7636 1488
4542 1305
4818 4916
4158 2044
5665 2567
2802 5593
4983 1752
791 298
2265 6188
968 555
3452 1320
2188 3447
6234 5635
5163 4672
337 143
2221 7238
2586 815
6076 270
7468 1799
7198 5647
7466 6531
181 6919
6828 2722
7770 2796
1851 1773
6362 5033
7043 6803
1525 4459
2949 6317
4526 7702
5273 3030
5967 4939
12 4537
7725 103
684 5769
1084 4491
1107 4452
1958 249
5211 4933
5908 4193
1143 6071
3687 1408
6480 5568
3858 2780
128 1136
1837 6405
7341 5411
956 7196
4670 2940
2020 5586
3889 6943
707 3411
7756 7407
5502 4043
5195 1749
3894 6295
4511 147
5197 1795
4505 6519
2299 3335
653 1251
3244 7286
2723 1179
6661 522
1450 318
2964 450
6198 3529
408 7759
2271 1814
5937 6448
5403 4233
490 3001
1126 5710
3978 6322
4947 666
3693 1804
5999 3575
1708 5663
4220 6129
6825 2617
4001 4823
306 6567
7591 3916
557 7336
691 84
2519 6484
2956 236
1390 2313
5471 226
3046 4597
7632 3647
3196 3855
3427 3290
3008 1579
4527 689
4129 3432
6939 793
3805 4675
1414 6404
7188 1448
4103 7016
1488 1149
1305 5505
4916 7639
2044 1780
2567 5104
5593 3976
1752 219
298 5167
6188 4160
555 4658
1320 901
3447 4533
5635 2995
4672 5649
143 2902
7238 9
815 4943
270 6789
1799 4641
5647 2836
6531 1626
6919 5110
2722 3561
2796 2574
1773 6921
5033 458
6803 2222
4459 1203
6317 420
7702 1939
3030 6847
4939 6788
4537 795
103 4327
5769 4926
4491 5883
4452 3029
249 5058
4933 2660
4193 455
6071 3349
1408 476
5568 1146
2780 2990
1136 5520
6405 3036
5411 6552
7196 5461
2940 6932
5586 4050
6943 7006
3411 3902
7407 6515
4043 5057
1749 4304
6295 5401
147 1717
1795 5027
6519 1779
3335 2236
1251 1124
7286 1574
1179 5020
522 2383
318 2012
450 7764
3529 4123
7759 5660
1814 1603
6448 4039
4233 3069
3001 1116
5710 7523
6322 2069
666 1316
1804 6297
3575 5052
5663 6925
6129 7631
2617 7079
4823 5279
6567 7276
3916 6590
7336 6413
84 4387
6484 461
236 5527
2313 3228
226 4002
4597 6573
3647 5784
3855 1693
3290 2406
1579 1177
689 4217
3432 697
793 2891
4675 5209
6404 4101
1448 151
7016 4351
1149 6891
5505 1729
7639 895
1780 2472
5104 5019
3976 5748
219 100
5167 6680
4160 4248
4658 3068
901 6994
4533 4277
2995 6202
5649 4907
2902 7268
9 846
4943 2279
6789 4692
4641 4611
2836 5668
1626 5246
5110 6928
3561 1470
2574 4819
6921 7324
458 6151
2222 1843
1203 6750
420 5446
1939 6657
6847 7446
6788 2298
795 892
4327 2307
4926 1483
5883 6737
3029 4626
5058 3433
2660 5073
455 5778
3349 1615
476 1420
1146 1996
2990 5583
5520 7308
3036 6935
6552 3656
5461 1378
6932 168
4050 969
7006 3080
3902 3373
6515 1703
5057 7023
4304 3835
5401 1222
1717 929
5027 4956
1779 6500
2236 6374
1124 4528
1574 7175
5020 240
2383 698
2012 5622
7764 208
4123 95
5660 2017
1603 5175
4039 3756
3069 5118
1116 2484
7523 4162
2069 187
1316 3572
6297 5284
5052 2351
6925 6049
7631 6218
7079 2989
5279 5674
7276 5555
6590 4904
6413 1431
4387 3399
461 5190
5527 3021
3228 3769
4002 3501
6573 3691
5784 6203
1693 6802
2406 2927
1177 1664
4217 6038
697 7734
2891 2861
5209 6632
4101 2913
151 1529
4351 7250
6891 1872
1729 7349
895 3159
2472 7412
5019 5454
5748 278
100 5615
6680 6266
4248 1507
3068 3629
6994 5240
4277 4559
6202 4150
4907 1304
7268 3282
846 4114
2279 5152
4692 325
4611 124
5668 7086
5246 4135
6928 7287
1470 7492
4819 284
7324 5939
6151 5729
1843 3151
6750 7743
5446 6655
6657 6072
7446 5951
2298 3128
892 1389
2307 2581
1483 2422
6737 5301
4626 5577
3433 5988
5073 6063
5778 5350
1615 2180
1420 2766
1996 7298
5583 2967
7308 6658
6935 532
3656 7482
1378 2835
168 2593
969 4986
3080 2040
3373 875
1703 1061
7023 7629
3835 2155
1222 5838
929 1638
4956 3960
6500 5787
6374 6735
4528 1665
7175 5719
240 6778
698 5436
5622 3428
208 4713
95 1074
2017 5208
5175 6540
3756 5114
5118 3737
2484 2475
4162 5708
187 5675
3572 6415
5284 2483
2351 711
6049 3977
6218 6904
2989 939
5674 130
5555 384
4904 6010
1431 153
3399 6031
5190 973
3021 2186
3769 3456
3501 386
3691 5847
6203 1689
6802 7543
2927 5386
1664 7052
6038 3463
7734 10
2861 2480
6632 3254
2913 5738
1529 257
7250 7056
1872 5655
7349 768
3159 1710
7412 3229
5454 3221
278 3617
5615 1440
6266 6302
1507 5777
3629 3320
5240 4448
4559 671
4150 1382
1304 403
3282 2626
4114 2744
5152 237
325 1786
124 7106
7086 1407
4135 7615
7287 5274
7492 1067
284 5130
5939 1688
5729 5405
3151 1925
7743 1197
6655 3422
6072 6693
5951 4071
3128 1681
1389 4507
2581 6897
2422 6671
5301 5561
5577 1006
5988 3487
6063 4213
5350 1860
2180 452
2766 2346
7298 5810
2967 423
6658 3788
532 7169
7482 3861
2835 6814
2593 4477
4986 6106
2040 7255
875 3243
1061 2814
7629 2656
2155 607
5838 2573
1638 2435
3960 2099
5787 5774
6735 5100
1665 5049
5719 2114
6778 3359
5436 5204
3428 7227
4713 173
1074 4274
5208 2508
6540 4540
5114 3378
3737 6119
2475 6688
5708 2070
5675 5705
6415 135
2483 1690
711 2791
3977 5962
6904 2775
939 2594
130 5310
384 640
6010 5863
153 4181
6031 2440
973 3388
2186 997
3456 7346
386 656
5847 4777
1689 6486
7543 6762
5386 7233
7052 1405
3463 7124
10 258
2480 3851
3254 6083
5738 254
257 6530
7056 2362
5655 6409
768 1284
1710 3980
3229 7432
3221 1307
3617 1905
1440 4060
6302 5124
5777 5793
3320 2901
4448 3126
671 824
1382 431
403 4042
2626 746
2744 2579
237 3623
1786 519
7106 2003
1407 4571
7615 1552
5274 604
1067 2419
5130 3595
1688 4235
5405 5989
1925 5025
1197 5357
3422 7633
6693 376
4071 2816
1681 2026
4507 4352
6897 1946
6671 3454
5561 1202
1006 4727
3487 6642
4213 7522
1860 5314
452 3215
2346 2790
5810 260
423 2638
3788 6314
7169 4605
3861 5348
6814 5640
4477 4465
6106 2285
7255 5591
3243 4786
2814 3593
2656 6686
607 4314
2573 5624
2435 382
2099 6331
5774 595
5100 4945
5049 3850
2114 4377
3359 3962
5204 3275
7227 553
173 6673
4274 488
2508 5857
4540 6498
3378 3988
6119 4588
6688 5431
2070 6462
5705 4390
135 352
1690 1869
2791 6005
5962 3458
2775 5207
2594 1336
5310 451
640 7465
5863 6377
4181 726
2440 5902
3388 119
997 4714
7346 279
656 1716
4777 2247
6486 6054
6762 6435
7233 1229
1405 4724
7124 5666
258 6156
3851 3124
6083 6991
254 1911
6530 2548
2362 7111
6409 617
1284 1081
3980 4674
7432 954
1307 2799
1905 3197
4060 4166
5124 2670
5793 6501
2901 6647
3126 6313
824 2858
431 766
4042 1594
746 370
2579 4116
3623 1586
519 6102
2003 1789
4571 2810
1552 5725
604 6273
2419 6844
3595 4161
4235 3482
5989 68
5025 4112
5357 1212
7633 5890
376 4344
2816 6520
2026 2320
4352 4301
1946 3685
3454 198
1202 5855
4727 3739
6642 7073
7522 4361
5314 1775
3215 667
2790 1073
260 3778
2638 1056
6314 3434
4605 5924
5348 4942
5640 3646
4465 421
2285 5408
5591 7599
4786 1287
3593 1994
6686 2329
4314 1947
5624 869
382 4808
6331 5129
595 7507
4945 7027
3850 7425
4377 2965
3962 6241
3275 4120
553 6392
6673 4092
488 5600
5857 174
6498 4594
3988 7363
4588 150
5431 594
6462 5061
4390 7179
352 581
1869 1604
6005 1210
3458 7686
5207 5141
1336 261
451 1070
7465 6651
6377 6140
726 3466
5902 1025
119 3187
4714 3560
279 2750
1716 4549
2247 680
6054 3888
6435 893
1229 2457
4724 2067
5666 1730
6156 4168
3124 3386
6991 6922
1911 5758
2548 6931
7111 4925
617 4266
1081 2292
4674 2187
954 5992
2799 4852
3197 2677
4166 3023
2670 7024
6501 5986
6647 138
6313 7195
2858 6831
766 7729
1594 414
370 6185
4116 7409
1586 3893
6102 7296
1789 7057
2810 2259
5725 1482
6273 993
6844 7333
4161 2524
3482 5662
68 6064
4112 6288
1212 4970
5890 4018
4344 1748
6520 6024
2320 6818
4301 2711
3685 3848
198 5964
5855 7301
3739 1933
7073 5245
4361 4392
1775 3801
667 1796
1073 3536
3778 6544
1056 1850
3434 5956
5924 1191
4942 1181
3646 4151
421 4979
5408 1271
7599 7194
1287 2071
1994 1254
2329 4326
1947 7749
869 7140
4808 5497
5129 7060
7507 4512
7027 1532
7425 6193
2965 359
6241 1152
4120 5150
6392 1930
4092 3093
5600 460
174 497
4594 2297
7363 6308
150 7415
594 3369
5061 5608
7179 702
581 780
1604 4518
1210 5092
7686 2774
5141 1135
261 314
1070 7651
6651 2977
6140 3961
3466 4697
1025 1221
3187 5728
3560 2414
2750 6052
4549 5346
680 1778
3888 1023
893 5993
2457 4949
2067 1443
1730 1912
4168 1110
3386 6098
6922 7014
5758 3626
6931 662
4925 7739
4266 1086
2292 6941
2187 7042
5992 6394
4852 2694
2677 5485
3023 6613
7024 3270
5986 3526
138 951
7195 2486
6831 3442
7729 5236
414 2998
6185 2050
7409 262
3893 1052
7296 182
7057 2696
2259 1788
1482 6851
993 1424
7333 6133
2524 1418
5662 840
6064 1959
6288 2890
4970 7054
4018 1628
1748 2274
6024 3409
6818 2124
2711 6017
3848 4091
5964 7653
7301 6603
1933 7261
5245 2386
4392 5679
3801 3310
1796 2897
3536 3190
6544 5459
1850 827
5956 3107
1191 1856
1181 3602
4151 2561
4979 5835
1271 2288
7194 3979
2071 6872
1254 6971
4326 4660
7749 803
7140 4846
5497 1760
7060 735
4512 5193
1532 4623
6193 6902
359 7183
1152 2950
5150 3194
1930 752
3093 5573
460 2063
497 4957
2297 6329
6308 6539
7415 2399
3369 1111
5608 113
702 4143
780 1506
4518 7569
5092 5639
2774 2549
1135 2804
314 3383
7651 2606
2977 4639
3961 3761
4697 5266
1221 4073
5728 2270
2414 3455
6052 1685
5346 4048
1778 371
1023 1497
5993 7319
4949 7760
1443 4806
1912 2757
1110 2541
6098 2381
7014 692
3626 1433
662 5856
7739 1774
1086 5970
6941 4625
7042 194
6394 6231
2694 771
5485 122
6613 5791
3270 3251
3526 2555
951 192
2486 2111
3442 3528
5236 2575
2998 4455
2050 4470
262 7206
1052 7335
182 5870
2696 7769
1788 5094
6851 739
1424 6092
6133 2751
1418 3511
840 4378
1959 7640
2890 2216
7054 6983
1628 5804
2274 3011
3409 2667
2124 2852
6017 5022
4091 590
7653 7129
6603 2205
7261 1944
2386 3872
5679 1455
3310 3245
2897 5201
3190 6019
5459 6154
827 6963
3107 19
1856 1871
3602 5068
2561 6118
5835 2294
2288 5028
3979 2602
6872 7608
6971 7305
4660 185
803 2073
4846 2029
1760 1439
735 3504
5193 6875
4623 2080
6902 5402
7183 6801
2950 3708
3194 5048
752 3234
5573 4097
2063 7098
4957 6220
6329 6243
6539 98
2399 3248
1111 4244
113 3907
4143 3296
1506 6630
7569 1278
5639 7701
2549 5109
2804 7703
3383 402
2606 6447
4639 2149
3761 7457
5266 5169
4073 1490
2270 3040
3455 3238
1685 6779
4048 4655
371 5562
1497 4667
7319 300
7760 2336
4806 58
2757 5340
2541 3870
2381 723
692 1853
1433 1954
5856 1427
1774 5303
5970 4276
4625 5659
194 2244
6231 757
771 6587
122 2354
5791 3088
3251 6528
2555 2878
192 169
2111 3496
3528 4434
2575 1269
4455 773
4470 1991
7206 7343
7335 5816
5870 3416
7769 333
5094 760
739 5614
6092 3115
2751 675
3511 4320
4378 4345
7640 1319
2216 847
6983 4695
5804 3242
3011 1219
2667 2554
2852 6760
5022 1428
590 1514
7129 1239
2205 6823
1944 5878
3872 5832
1455 4822
3245 7480
5201 2387
6019 7192
6154 3767
6963 6829
19 4324
1871 106
5068 4366
6118 1810
2294 2759
5028 3909
2602 2209
7608 233
7305 1719
185 935
2073 513
2029 6069
1439 3780
3504 1217
6875 6380
2080 4336
5402 7236
6801 2649
3708 1256
5048 1477
3234 7655
4097 1371
7098 3051
6220 860
6243 1656
98 6110
3248 517
4244 6570
3907 1226
3296 4186
6630 2463
1278 148
7701 3072
5109 7620
7703 4205
402 6869
6447 7740
2149 511
7457 1957
5169 2922
1490 6286
3040 1180
3238 1379
6779 3077
4655 3863
5562 4566
4667 6332
300 4292
2336 5474
58 7486
5340 6849
3870 868
723 3791
1853 2675
1954 5686
1427 7452
5303 4915
4276 3186
5659 1694
2244 2523
757 2123
6587 3527
2354 1468
3088 2218
6528 3443
2878 6122
169 6420
3496 6569
4434 2988
1269 2075
773 1028
1991 5168
7343 6708
5816 4633
3416 3339
333 2082
760 3836
5614 3993
3115 5078
675 4409
4320 3789
4345 6130
1319 5589
847 5860
4695 2303
3242 3512
1219 5433
2554 1567
6760 1943
1428 5095
1514 159
1239 1553
6823 1037
5878 2838
5832 4879
4822 2283
7480 5551
2387 3680
7192 22
3767 6172
6829 3881
4324 1581
106 4975
4366 4869
1810 218
2759 4171
3909 7182
2209 5186
233 406
1719 3912
935 282
513 6784
6069 3122
3780 2974
1217 5122
6380 2392
4336 5813
7236 29
2649 2534
1256 7193
1477 7280
7655 4843
1371 3130
3051 1020
860 4720
1656 5286
6110 1300
517 6237
6570 2740
1226 1394
4186 4028
2463 4693
148 6773
3072 7049
7620 2947
4205 5530
6869 7274
7740 1673
511 2899
1957 1327
2922 2767
6286 2118
1180 5889
1379 3390
3077 1267
3863 1001
4566 6795
6332 6279
4292 412
5474 1333
7486 4016
6849 1384
868 3266
3791 733
2675 6643
5686 2864
7452 1334
4915 7051
3186 5550
1694 4642
2523 6861
2123 6057
3527 679
1468 2081
2218 6993
3443 1731
6122 6670
6420 2546
6569 3109
2988 424
2075 2888
1028 4546
5168 6621
6708 3502
4633 3838
3339 5013
2082 7475
3836 3278
3993 4866
5078 3171
4409 3379
3789 3253
6130 6618
5589 4583
5860 7295
2303 5765
3512 2646
5433 7128
1567 3965
1943 888
5095 7434
159 6638
1553 4397
1037 5140
2838 4701
4879 6853
2283 1310
5551 6074
3680 3404
22 1806
6172 1362
3881 7084
1581 7251
4975 2162
4869 5621
218 2110
4171 543
7182 971
5186 4844
406 4688
3912 7427
282 2870
6784 7772
3122 530
2974 3591
5122 2172
2392 5736
5813 1916
29 2085
2534 3689
7193 5189
7280 474
4843 7003
3130 3341
1020 947
4720 817
5286 648
1300 3230
6237 4664
2740 5638
1394 6596
4028 7234
4693 2742
6773 7741
7049 4325
2947 4647
5530 5119
7274 3616
1673 6586
2899 1630
1327 5684
2767 4196
2118 586
5889 7118
3390 7147
1267 5176
1001 6595
6795 6600
6279 3259
412 5077
1333 4117
4016 7700
1384 3957
3266 5429
733 516
6643 3162
2864 6884
1334 7551
7051 6022
5550 6885
4642 5629
6861 2860
6057 2529
679 4272
2081 2432
6993 2686
1731 32
6670 1718
2546 387
3109 3673
424 5126
2888 1698
4546 4689
6621 4185
3502 5541
3838 178
5013 1652
7475 2030
3278 6514
4866 2352
3171 1904
3379 6494
3253 1317
6618 4930
4583 1500
7295 6752
5765 4973
2646 7334
7128 6754
3965 996
888 3280
7434 5
6638 3305
4397 2533
5140 5090
4701 269
6853 5846
1310 3534
6074 1386
3404 4176
1806 4429
1362 4013
7084 4478
7251 4848
2162 428
5621 6042
2110 5166
543 1884
971 1474
4844 2358
4688 256
7427 7270
2870 7538
7772 6088
530 6460
3591 6333
2172 2957
5736 4519
1916 5327
2085 2570
3689 5298
5189 3262
474 1660
7003 2755
3341 4972
947 7404
817 3567
648 4631
3230 505
4664 1746
5638 7627
6596 3083
7234 2195
2742 7173
7741 3760
4325 1484
4647 2226
5119 3743
3616 7078
6586 5334
1630 4593
5684 5598
4196 2818
586 7549
7118 6563
7147 6165
5176 1559
6595 3419
6600 5667
3259 6358
5077 4539
4117 4281
7700 5933
3957 508
5429 3199
516 2133
3162 316
6884 6423
7551 7594
6022 3224
6885 1524
5629 2615
2860 2685
2529 4284
4272 193
2432 2886
2686 7489
32 940
1718 6543
387 336
3673 7706
5126 903
1698 158
4689 6429
4185 6850
5541 4472
178 4155
1652 6856
2030 2578
6514 3337
2352 1026
1904 2327
6494 5053
1317 5258
4930 6692
1500 6739
6752 6499
4973 2962
7334 2807
6754 5079
996 6572
3280 7009
5 2287
3305 1325
2533 7503
5090 3596
269 6260
5846 5677
3534 7273
1386 6270
4176 545
4429 7137
4013 5154
4478 3935
4848 1737
428 1781
6042 3973
5166 3406
1884 5177
1474 5683
2358 6184
256 5302
7270 1290
7538 67
6088 4052
6460 6283
6333 3866
2957 778
4519 687
5327 4238
2570 6992
5298 1639
3262 754
1660 4206
2755 3182
4972 4595
7404 1519
3567 4113
4631 2443
505 6021
1746 200
7627 5417
3083 4630
2195 3087
7173 3484
3760 7684
1484 7070
2226 4789
3743 3827
7078 21
5334 5806
4593 1113
5598 6777
2818 443
7549 3140
6563 4620
6165 6508
1559 3648
3419 6645
5667 5420
6358 4234
4539 3022
4281 1805
5933 4963
508 7170
3199 5089
2133 2391
316 541
6423 3026
7594 6472
3224 6491
1524 4145
2615 4222
2685 647
4284 1496
193 1392
2886 1822
7489 2924
940 3642
6543 2000
336 677
7706 3914
903 5297
158 7064
6429 1248
6850 2231
4472 3317
4155 309
6856 6946
2578 5853
3337 7562
1026 6502
2327 4365
5053 5894
5258 338
6692 4451
6739 155
6499 4698
2962 6926
2807 75
5079 2863
6572 7657
7009 355
2287 3803
1325 4269
7503 1735
3596 4177
6260 6112
5677 161
7273 6180
6270 3299
545 7376
7137 2460
5154 7039
3935 2250
1737 2955
1781 7321
3973 744
3406 7285
5177 348
5683 6824
6184 1462
5302 3798
1290 7645
67 6665
4052 224
6283 6627
3866 621
778 7748
687 3475
4238 2850
6992 5580
1639 327
754 5604
4206 1071
3182 5103
4595 6547
1519 3265
4113 921
2443 2191
6021 2881
200 2339
5417 3883
4630 4795
3087 4624
3484 1593
7684 4600
7070 5844
4789 1877
3827 6104
21 2495
5806 603
1113 1516
6777 4840
443 2867
3140 7168
4620 2846
6508 6232
3648 296
6645 902
5420 4509
4234 3103
3022 2448
1805 1642
4963 6397
7170 986
5089 1818
2391 2687
541 6771
3026 3311
6472 3530
6491 3549
4145 1258
4222 528
647 1207
1496 4418
1392 5658
1822 4027
2924 7625
3642 3235
2000 7100
677 5316
3914 4340
5297 4858
7064 5540
1248 602
2231 4601
3317 3417
309 5064
6946 4751
5853 5979
7562 5242
6502 2707
4365 2943
5894 3951
338 5563
4451 6320
155 6285
4698 5008
6926 1897
75 814
2863 3635
7657 7142
355 4536
3803 2438
4269 4225
1735 6649
4177 7267
6112 344
161 660
6180 5292
3299 2851
7376 2266
2460 1164
7039 5625
2250 4381
2955 7297
7321 5251
744 5478
7285 1299
348 1331
6824 2141
1462 6465
3798 6454
7645 7025
6665 7692
224 6593
6627 7278
621 4203
7748 5511
3475 6843
2850 5231
5580 4343
327 5313
5604 1648
1071 4356
5103 1901
6547 7437
3265 4599
921 4072
2191 804
2881 7350
2339 4737
3883 1041
4795 5753
4624 3826
1593 4741
4600 5262
5844 6178
1877 3164
6104 3184
2495 3407
603 2087
1516 6961
4840 3177
2867 5896
7168 391
2846 4489
6232 7694
296 1170
902 5730
4509 1200
3103 1430
2448 5136
1642 4793
6397 2449
986 5538
1818 2938
2687 2637
6771 3959
3311 819
3530 1791
3549 6562
1258 2053
528 7532
1207 1865
4418 627
5658 642
4027 2842
7625 7367
3235 4088
7100 4078
5316 1480
4340 6804
4858 7352
5540 4898
602 1571
4601 324
3417 1739
5064 2961
4751 5075
5979 1915
5242 1941
2707 2754
2943 3807
3951 4764
5563 293
6320 808
6285 3073
5008 3273
1897 878
814 4836
3635 7605
7142 6079
4536 6370
2438 4931
4225 1429
6649 6219
7267 1754
344 1979
660 6529
5292 4226
2851 5789
2266 2831
1164 6944
5625 7422
4381 494
7297 1043
5251 6930
5478 5202
1299 5620
1331 6744
2141 4912
6465 93
6454 870
7025 5831
7692 2267
6593 6809
7278 42
4203 4763
5511 536
6843 4414
5231 4309
4343 6674
5313 5811
1648 761
4356 5796
1901 1909
7437 4059
4599 4357
4072 5083
804 2788
7350 5849
4737 6290
1041 5780
5753 730
3826 7707
4741 3470
5262 6553
6178 3804
3164 5616
3184 5922
3407 546
2087 5206
6961 3944
3177 6199
5896 225
391 1372
4489 7752
7694 3928
1170 5320
5730 7439
1200 96
1430 5042
5136 1029
4793 97
2449 1584
5538 3027
2938 1249
2637 6369
3959 7311
819 2276
1791 4413
6562 4881
2053 1374
7532 136
1865 5223
627 3752
642 203
2842 2168
7367 6712
4088 6216
4078 2708
1480 2185
6804 6704
7352 1535
4898 4964
1571 5797
324 4781
1739 3391
2961 4782
5075 4543
1915 7300
1941 7090
2754 4856
3807 831
4764 1523
293 3074
808 6100
3073 6315
3273 4119
878 1621
4836 6167
7605 2710
6079 799
6370 2411
4931 4932
1429 3295
6219 7362
1754 7139
1979 6032
6529 2441
4226 473
5789 7416
2831 583
6944 6710
7422 6787
494 2817
1043 531
6930 2627
5202 6360
5620 4388
6744 2959
4912 5074
93 6821
870 2025
5831 5641
2267 4710
6809 264
42 864
4763 3468
536 3880
4414 7096
4309 4354
6674 5887
5811 5290
761 7101
5796 1016
1909 4996
4059 2275
4357 6321
5083 7524
2788 2224
5849 3351
6290 90
5780 7013
730 1422
7707 3995
3470 4005
6553 1808
3804 1027
5616 5385
5922 5188
546 6246
5206 7525
3944 6871
6199 3625
225 4914
1372 5788
7752 4471
3928 2106
5320 2648
7439 3986
96 7302
5042 1539
1029 7663
97 1758
1584 6487
3027 7568
1249 2160
6369 3777
7311 4632
2276 2650
4413 3934
4881 4522
1374 6343
136 3846
5223 3779
3752 668
203 5786
2168 2589
6712 7598
6216 4433
2708 1030
2185 1772
6704 3581
1535 4787
4964 3520
5797 291
4781 4703
3391 7067
4782 6709
4543 2854
7300 2024
7090 3998
4856 573
831 2372
1523 2629
3074 1945
6100 5285
6315 4279
4119 6352
1621 5153
6167 1000
2710 2305
799 4084
2411 514
4932 1355
3295 4423
7362 614
7139 3114
6032 3940
2441 3618
473 6798
7416 1890
583 5041
6710 2590
6787 7463
2817 7426
531 699
2627 7642
6360 2046
4388 6830
2959 1163
5074 2094
6821 375
2025 3429
5641 3683
4710 6598
264 4828
864 62
3468 4258
3880 4920
7096 5884
4354 205
5887 7241
5290 6131
7101 606
1016 4815
4996 7120
2275 7515
6321 3495
7524 5848
2224 2204
3351 4173
90 5370
7013 3173
1422 4812
3995 3365
4005 7544
1808 4857
1027 3945
5385 3240
5188 5306
6246 7272
7525 4441
6871 6238
3625 4989
4914 5881
5788 6503
4471 3655
2106 4552
2648 4417
3986 1908
7302 2235
1539 592
7663 7408
1758 2642
6487 6901
7568 3853
2160 6181
3777 3917
4632 6533
2650 6689
3934 3131
4522 485
6343 6958
3846 7735
3779 4152
668 6610
5786 7382
2589 4807
7598 7738
4433 1527
1030 363
1772 1538
3581 3847
4787 7674
3520 6525
291 5294
4703 6171
7067 6296
6709 742
2854 6245
2024 1227
3998 1376
573 149
2372 5018
2629 7099
1945 4757
5285 250
4279 5373
6352 2736
5153 6987
1000 1434
2305 7292
4084 3063
514 6860
1355 449
4423 3102
614 2929
3114 4862
3940 720
3618 1771
6798 3946
1890 4946
5041 442
2590 4809
7463 2263
7426 3987
699 534
7642 4839
2046 2726
6830 2309
1163 5805
2094 2165
375 2874
3429 5943
3683 5374
6598 3896
4828 2467
62 5265
4258 2300
4920 3358
5884 7601
205 3565
7241 874
6131 821
606 6834
4815 4977
7120 4829
7515 5946
3495 3964
5848 1645
2204 5900
4173 3558
5370 7116
3173 6677
4812 5823
3365 6560
7544 2528
4857 1338
3945 948
3240 2477
5306 3765
7272 995
4441 271
6238 2847
4989 983
5881 4212
6503 2948
3655 1828
4552 2157
4417 3149
1908 1045
2235 1150
592 305
7408 6711
2642 3942
6901 898
3853 6221
6181 501
3917 313
6533 4430
6689 3650
3131 871
485 3745
6958 7449
7735 2242
4152 6738
6610 4065
7382 1993
4807 6114
7738 3058
1527 7644
363 858
1538 6209
3847 1272
7674 2092
6525 2803
5294 1504
6171 5356
6296 2591
742 6582
6245 5387
1227 5915
1376 5696
149 6453
5018 6459
7099 1190
4757 5235
250 5861
5373 2243
2736 7401
6987 6144
1434 616
7292 7545
3063 281
6860 4645
449 28
3102 5007
2929 2152
4862 7390
720 3829
1771 3246
3946 6873
4946 1998
442 3970
4809 1844
2263 4138
3987 1521
534 3524
4839 2681
2726 2598
2309 7709
5805 2980
2165 1117
2874 3203
5943 3288
5374 6136
3896 4108
2467 7623
5265 469
2300 2059
3358 3857
7601 4443
3565 3837
874 5697
821 5990
6834 1236
4977 3315
4829 5192
5946 3018
3964 3100
1645 7720
5900 4095
3558 5296
7116 1862
6677 1294
5823 6192
6560 762
2528 4250
1338 4666
948 294
2477 1714
3765 670
995 7732
271 4531
2847 342
983 7309
4212 976
2948 1277
1828 1082
2157 3781
3149 7097
1045 2979
1150 755
305 4339
6711 3012
3942 3401
898 6464
6221 1879
501 6457
313 3375
4430 714
3650 5419
871 5653
3745 2115
7449 3819
2242 5438
6738 998
4065 3887
1993 7704
6114 3217
3058 7610
7644 5941
858 6008
6209 2277
1272 20
2092 6173
2803 1201
1504 4981
5356 4921
2591 6949
6582 5636
5387 7698
5915 4192
5696 17
6453 3485
6459 4410
1190 2678
5235 696
5861 2334
2243 6371
7401 1228
6144 7225
616 6174
7545 5470
281 797
4645 7221
28 5365
5007 3016
2152 7249
7390 2425
3829 2705
3246 3342
6873 2572
1998 1105
3970 245
1844 638
4138 5871
1521 2241
3524 5239
2681 6622
2598 6244
7709 4393
2980 7293
1117 6640
3203 30
3288 59
6136 1103
4108 470
7623 862
469 785
2059 6550
3857 7146
4443 317
3837 7641
5697 3179
5990 6765
1236 6660
3315 2552
5192 2517
3018 2516
3100 7076
7720 2039
4095 6434
5296 5809
1862 6929
1294 2917
6192 3930
762 1534
4250 2841
4666 6672
294 6625
1714 4950
670 3125
7732 1537
4531 7626
342 3410
7309 489
976 5477
1277 308
1082 6389
3781 4054
7097 6455
2979 6009
755 207
4339 865
3012 2770
3401 4391
6464 7716
1879 7711
6457 4427
3375 1540
714 6304
5419 7638
5653 7441
2115 6275
3819 7553
5438 593
998 5560
3887 1608
7704 472
3217 4767
7610 1600
5941 4375
6008 2079
2277 3613
20 5792
6173 6258
1201 2907
4981 114
4921 1309
6949 1742
5636 7075
7698 6478
4192 7619
17 6615
3485 220
4410 4690
2678 3925
696 3094
2334 4640
6371 3170
1228 7546
7225 5379
6174 190
5470 2176
797 1198
7221 525
5365 2558
3016 5957
7249 1711
2425 7473
2705 1393
3342 1148
2572 1211
1105 5976
245 5973
638 2055
5871 5876
2241 1010
5239 7372
6622 2125
6244 4169
4393 7535
7293 3844
6640 4298
30 5086
59 5360
1103 1125
470 6577
862 3038
785 2664
6550 567
7146 2170
317 3784
7641 6281
3179 7323
6765 6605
6660 7564
2552 4834
2517 4911
2516 51
7076 6606
2039 212
6434 2739
5809 4296
6929 1653
2917 3183
3930 7047
1534 5766
2841 887
6672 7435
6625 7424
4950 1098
3125 7044
1537 7570
7626 5491
3410 2619
489 310
5477 4873
308 1894
6389 4992
4054 6250
6455 4864
6009 751
207 2490
865 4551
2770 3885
4391 4696
7716 5093
7711 3597
4427 2556
1540 6053
6304 5017
7638 3473
7441 6659
6275 6456
7553 206
593 7149
5560 2502
1608 2202
472 1357
4767 6436
1600 4739
4375 3334
2079 6513
3613 483
5792 183
6258 7058
2907 4980
114 5664
1309 5661
1742 3364
7075 4303
6478 7505
7619 1403
6615 1042
220 5396
4690 4086
3925 6880
3094 5391
4640 5458
3170 5351
7546 5198
5379 180
190 7312
2176 2122
1198 6970
525 2132
2558 2239
5957 3086
1711 5467
7473 3842
1393 7558
1148 1266
1211 7573
5976 2748
5973 6200
2055 5044
5876 2833
1010 2659
7372 7218
2125 71
4169 1155
7535 3227
3844 3705
4298 2727
5086 597
5360 620
1125 2844
6577 223
3038 7329
2664 7153
567 4115
2170 7637
3784 3671
6281 2601
7323 2245
6605 43
7564 5425
4834 4621
4911 2671
51 7731
6606 145
212 50
2739 2746
4296 6061
1653 6425
3183 5185
7047 3165
5766 2684
887 4197
7435 6585
7424 5472
1098 2341
7044 1950
7570 5556
5491 2314
2619 706
310 4045
4873 3768
1894 4188
4992 790
6250 883
4864 6911
751 538
2490 186
4551 1442
3885 5131
4696 2031
5093 3325
3597 132
2556 1863
6053 6800
5017 4799
3473 5462
6659 6995
6456 7567
206 5733
7149 6254
2502 3871
2202 3045
1357 2249
6436 4456
4739 609
3334 2551
6513 897
483 4602
183 4315
7058 3538
4980 4021
5664 3742
5661 4999
3364 3479
4303 5656
7505 3079
1403 3287
1042 5558
5396 2049
4086 503
6880 2462
5391 5225
5458 5261
5351 7478
5198 6990
180 1977
7312 4094
2122 5875
6970 5923
2132 5105
2239 6195
3086 4801
5467 3168
3842 3494
7558 927
1266 2007
7573 1583
2748 4057
6200 6917
5044 2728
2833 3044
2659 4195
7218 5680
71 2072
1155 26
3227 1558
3705 5014
2727 1728
597 4827
620 3067
2844 2116
223 2037
7329 2230
7153 4270
4115 5424
7637 4615
3671 4109
2601 5712
2245 3108
43 4257
5425 5489
4621 4779
2671 2665
7731 6087
145 700
50 5542
2746 5523
6061 2839
6425 2135
5185 5439
3165 3730
2684 944
4197 6954
6585 6256
5472 4293
2341 6450
1950 7242
5556 5364
2314 3666
706 2444
4045 7695
3768 6037
4188 2538
790 608
883 3984
6911 2416
538 4501
186 881
1442 7033
5131 2349
2031 5115
3325 2703
132 3374
1863 842
6800 2564
4799 4403
5462 6419
6995 1826
7567 2709
5733 800
6254 2189
3871 3370
3045 2823
2249 6675
4456 5349
609 5437
2551 6293
897 4816
4602 7485
4315 1641
3538 1546
4021 496
3742 2879
4999 1112
3479 2331
5656 1274
3079 1687
3287 4619
5558 1495
2049 5045
503 4252
2462 3845
5225 3938
5261 1743
7478 7448
6990 7207
1977 1776
4094 4673
5875 6170
5923 280
5105 5132
6195 7762
4801 5469
3168 2655
3494 2233
927 5029
2007 5137
1583 7037
4057 4883
6917 446
2728 5898
3044 2442
4195 3019
5680 1855
2072 5771
26 137
1558 7493
5014 2724
1728 7618
4827 509
3067 6527
2116 6093
2037 3982
2230 7322
4270 3515
5424 1092
4615 6488
4109 4111
5712 6035
3108 7208
4257 7304
5489 140
4779 3637
2665 2415
6087 7162
700 4929
5542 4635
5523 506
2839 4766
2135 438
5439 6230
3730 6781
944 962
6954 7399
6256 4534
4293 591
6450 329
7242 5798
5364 3134
3666 1451
2444 6111
7695 2620
6037 339
2538 6758
608 4662
3984 6146
2416 5691
4501 3989
881 5336
7033 6395
2349 1623
5115 589
2703 3034
3374 4987
842 1370
2564 3963
4403 905
6419 7761
1826 673
2709 7156
800 7717
2189 6096
3370 5032
2823 2388
6675 2355
5349 5271
5437 1436
6293 6116
4816 4516
7485 6265
1641 6518
1546 2737
496 7135
2879 5151
1112 6406
2331 4513
1274 4312
1687 6442
4619 6311
1495 5494
5045 3361
4252 7666
3845 1952
3938 2621
1743 5845
7448 4709
7207 374
1776 2316
4673 127
6170 1913
280 2096
5132 5515
7762 2910
5469 4756
2655 2515
2233 6662
5029 1967
5137 4335
7037 1683
4883 5325
446 2128
5898 4572
2442 7474
3019 1050
1855 1127
5771 5611
137 615
7493 4825
2724 1601
7618 6235
509 1932
6527 2809
6093 5901
3982 832
7322 6128
3515 1733
1092 4219
6488 5931
4111 3250
6035 1971
7208 5692
7304 321
140 2378
3637 5272
2415 2137
7162 2206
4929 4503
4635 4090
506 2282
4766 6418
438 1820
6230 7088
6781 1157
962 5879
7399 6832
4534 2370
591 2542
329 1922
5798 1888
3134 2260
1451 6347
6111 34
2620 7117
339 2088
6758 3460
4662 6835
6146 4420
5691 7481
3989 743
5336 3569
6395 1824
1623 5623
589 7391
3034 5953
4987 6796
1370 1039
3963 5590
905 3111
7761 1369
673 1270
7156 5447
7717 230
6096 4650
5032 4941
2388 7186
2355 396
5271 4955
1436 7010
6116 486
4516 2946
6265 2257
6518 5335
2737 7714
7135 3772
5151 1632
6406 5501
4513 3696
4312 2674
6442 5323
6311 6707
5494 1815
3361 2499
7666 191
1952 7220
2621 4404
5845 1783
4709 6150
374 3289
2316 4671
127 1502
1913 4268
2096 4046
5515 7654
2910 1811
4756 6546
2515 5690
6662 5609
1967 5179
4335 4872
1683 437
5325 7029
2128 5619
4572 7201
7474 5337
1050 1059
1127 2489
5611 6848
615 580
4825 6043
1601 2465
6235 7000
1932 5398
2809 1161
5901 2466
832 1046
6128 585
1733 1295
4219 3054
5931 5288
3250 4288
1971 1398
5692 3174
321 7495
2378 5423
5272 3348
2137 5815
2206 2304
4503 6589
4090 6757
2282 4637
6418 3823
1820 2895
7088 2789
1157 6700
5879 1598
6832 2577
2370 6648
2542 740
1922 4508
1888 5181
2260 1835
6347 2212
34 7431
7117 3606
2088 7499
3460 4362
6835 4754
4420 6512
7481 678
743 4081
3569 6855
1824 1491
5623 6432
7391 7202
5953 399
6796 3304
1039 4515
5590 5983
3111 5859
1369 3927
1270 978
5447 2163
230 332
4650 6342
4941 3444
7186 3089
396 2427
4955 3574
7010 1512
486 3681
2946 4033
2257 635
5335 2028
7714 286
3772 792
1632 288
5501 1557
3696 1375
2674 7559
5323 4198
6707 1363
1815 7107
2499 3249
191 5099
7220 3840
4404 6742
1783 932
6150 4180
3289 3719
4671 3440
1502 4464
4268 3222
4046 5187
7654 2100
1811 7262
6546 5308
5690 6101
5609 4271
5179 367
4872 1174
437 3314
7029 4589
5619 7327
7201 7396
5337 563
1059 2273
2489 146
6848 7661
580 7290
6043 4227
2465 2365
7000 5218
5398 5024
1161 1147
2466 3634
1046 3198
585 7617
1295 4734
3054 7630
5288 2120
4288 2540
1398 584
3174 1724
7495 2337
5423 2785
3348 3097
5815 3206
2304 6276
6589 3884
6757 5380
4637 4902
3823 7419
2895 3211
2789 1631
6700 6726
1598 1830
2577 1162
6648 2246
740 3750
4508 365
5181 5613
1835 1486
2212 3
7431 3824
3606 894
7499 2013
4362 4480
4754 4353
6512 4034
678 4510
4081 1666
6855 4040
1491 6909
6432 3809
7202 4860
399 2420
3304 2368
4515 5508
5983 2148
5859 6705
3927 7750
978 3041
2163 7572
332 2269
6342 1182
3444 7675
3089 4831
2427 3758
3574 2054
1512 2634
3681 942
4033 3833
635 4371
2028 4561
286 5833
792 4338
288 1765
1557 3066
1375 4492
7559 2076
4198 3622
1363 3007
7107 1243
3249 6034
5099 6747
3840 164
6742 7313
932 7180
4180 4811
3719 965
3440 6030
4464 4038
3222 265
5187 3371
2100 3555
7262 7484
5308 2091
6101 1049
4271 867
367 7677
1174 5905
3314 4230
4589 7237
7327 2973
7396 2401
563 5144
2273 3740
146 4449
7661 2033
7290 5147
4227 5996
2365 622
5218 6134
5024 6011
1147 1900
3634 3926
3198 1206
7617 2136
4734 5427
7630 1324
2120 3584
2540 5376
584 2527
1724 6874
2337 7164
2785 1847
3097 2479
3206 7744
6276 1919
3884 5605
5380 533
4902 5759
7419 5913
3211 5597
1631 7356
6726 6697
1830 3882
1162 2813
2246 39
3750 6667
365 3223
5613 3734
1486 770
3 540
3824 311
894 6962
2013 5389
4480 7479
4353 4444
4034 6545
4510 6422
1666 2456
4040 1619
6909 7450
3809 1438
4860 1208
2420 1531
2368 1493
5508 4951
2148 5039
6705 2721
7750 3711
3041 2062
7572 1494
2269 1592
1182 407
7675 4800
4831 5062
3758 985
2054 2119
2634 466
942 5481
3833 972
4371 129
4561 3514
5833 3509
4338 2630
1765 5689
3066 3091
4492 4285
2076 4289
3622 2562
3007 1302
1243 3009
6034 3864
6747 4379
164 4405
7313 3384
7180 4892
4811 931
965 3153
6030 4870
4038 3644
265 4189
3371 1218
3555 2077
7484 3144
2091 6827
1049 3116
867 5752
7677 1499
5905 5377
4230 4139
7237 4374
2973 4319
2401 3398
5144 674
3740 244
4449 154
2033 2734
5147 3568
5996 1978
622 2103
6134 166
6011 1513
1900 1568
3926 4164
1206 3543
2136 1561
5427 1548
1324 5050
3584 1981
5376 341
2527 6267
6874 4684
7164 3714
1847 1088
2479 4348
7744 121
1919 3105
5605 2308
533 5366
5759 2935
5913 5269
5597 1425
7356 5834
6697 3301
3882 7583
2813 5127
39 4982
6667 141
3223 3327
3734 7253
770 5227
540 6123
311 5972
6962 7518
5389 6176
7479 315
4444 7342
6545 413
6422 5407
2456 7511
1619 92
7450 5819
1438 134
1208 7552
1531 2690
1493 3799
4951 529
5039 4229
2721 7083
3711 2914
2062 970
1494 3733
1592 4330
407 1032
4800 994
5062 3956
985 2968
2119 3385
466 765
5481 6979
972 392
129 5688
3514 7066
3509 2183
2630 542
5689 4752
3091 1247
4285 6222
4289 152
2562 4891
1302 5311
3009 6294
3864 6065
4379 672
4405 669
3384 7453
4892 1432
931 3954
3153 5601
4870 3787
3644 3015
4189 6557
1218 5108
2077 299
3144 5886
6827 5907
3116 4134
5752 56
1499 172
5377 7547
4139 4243
4374 4969
4319 4994
3398 2635
674 5363
244 3943
154 7373
2734 4307
3568 3939
1978 6013
2103 4909
166 1917
1513 5944
1568 5651
4164 3090
3543 4329
1561 6756
1548 3478
5050 1153
1981 3099
341 345
6267 6690
4684 655
3714 637
1088 25
4348 3145
121 3559
3105 4291
2308 3659
5366 5595
2935 2631
5269 481
1425 4882
5834 5097
3301 395
7583 2547
5127 5657
4982 4563
141 7158
3327 3862
7253 838
5227 1595
6123 3336
5972 2112
7518 5574
6176 13
315 3908
7342 6687
413 5610
5407 2717
7511 2840
92 1260
5819 4893
134 1596
7552 1505
2690 6326
3799 2909
529 4047
4229 5293
7083 6749
2914 4424
970 3344
3733 2010
4330 7246
1032 4036
994 5106
3956 7004
2968 2531
3385 6634
765 1807
6979 3667
392 5243
5688 4023
7066 2348
2183 7071
542 2827
4752 7243
1247 6549
6222 7768
152 4076
4891 6124
5311 2036
6294 1005
6065 3188
672 2865
669 2934
7453 492
1432 1205
3954 5627
5601 2150
3787 6252
3015 1508
6557 6164
5108 6109
299 3820
5886 6716
5907 5203
4134 6339
56 5532
172 2107
7547 1923
4243 1058
4969 3498
4994 4128
2635 6396
5363 3875
3943 7647
7373 1713
4307 2310
3939 462
6013 1343
4909 4031
1917 5914
5944 7145
5651 4884
3090 4499
4329 6942
6756 7239
3478 5234
1153 2357
3099 3291
345 1647
6690 7440
655 4740
637 7745
25 1858
3145 5727
3559 6345
4291 836
3659 2676
5595 5138
2631 4334
481 6538
4882 4199
5097 3307
395 7368
2547 5579
5657 4187
4563 3786
7158 7550
3862 7542
838 624
1595 4967
3336 5063
2112 6702
5574 1577
13 3158
3908 7331
6687 1419
5610 1983
2717 981
2840 217
1260 2001
4893 3949
1596 5751
1505 4772
6326 826
2909 856
4047 6147
5293 1130
6749 1931
4424 911
3344 7612
2010 885
7246 2473
4036 1093
5106 4446
7004 5841
2531 641
6634 3557
1807 1764
3667 7028
5243 4679
4023 6471
2348 3508
7071 4878
2827 2824
7243 7614
6549 3132
7768 2608
4076 4214
6124 3472
2036 6205
1005 4568
3188 1809
2865 3052
2934 1159
492 2545
1205 5116
5627 131
2150 6300
6252 6720
1508 4079
6164 4412
6109 2048
3820 3554
6716 2778
5203 6620
6339 2376
5532 834
2107 3932
1923 7178
1058 7339
3498 2521
4128 2908
6396 3607
3875 7325
7647 5256
1713 2702
2310 3192
462 5219
1343 5872
4031 312
5914 2700
7145 2190
4884 6882
4499 4476
6942 5757
7239 5426
5234 2126
2357 574
3291 2488
1647 5987
7440 1108
4740 6067
7745 2289
1858 4736
5727 3904
6345 1280
836 6998
2676 1934
5138 909
4334 535
6538 1849
4199 1489
3307 560
7368 2019
5579 4432
4187 3095
3786 418
7550 3972
7542 6743
624 4613
4967 4273
5063 94
6702 2121
1577 6084
3158 6242
7331 7527
1419 686
1983 3326
981 5747
217 4500
2001 2731
3949 6206
5751 1605
4772 3219
826 6741
856 3627
6147 5744
1130 3143
1931 1022
911 6183
7612 4735
885 949
2473 527
1093 886
4446 2559
5841 5877
641 966
3557 4163
1764 6770
7028 1873
4679 400
6471 5885
3508 3055
4878 2972
2824 5043
7614 3619
3132 1999
2608 891
4214 848
3472 6867
6205 401
4568 2214
1809 7151
3052 7586
1159 5824
2545 1276
5116 4126
131 4479
6300 6808
6720 6636
4079 1175
4412 4627
2048 4263
3554 5430
2778 1951
6620 1469
2376 7672
834 1265
3932 524
7178 1326
7339 644
2521 1572
2908 6592
3607 6227
7325 3590
5256 4012
2702 544
3192 2986
5219 1410
5872 6865
312 818
2700 2293
2190 6903
6882 3403
4476 6791
5757 3594
5426 6161
2126 1766
574 6421
2488 979
5987 6214
1108 2884
6067 5393
2289 4746
4736 1461
3904 6936
1280 5685
6998 6806
1934 1246
909 5903
535 6797
1849 4070
1489 4064
560 1800
2019 4058
4432 7240
3095 7113
418 4813
3972 5035
6743 4469
4613 5673
4273 3811
94 5038
2121 6148
6084 2999
6242 2447
7527 5539
686 1566
3326 4041
5747 5704
4500 4783
2731 1649
6206 4249
1605 7161
3219 45
6741 3218
3627 1014
5744 2518
3143 650
1022 7288
6183 4796
4735 2213
949 4504
527 1526
886 7370
2559 289
5877 123
966 1902
4163 3343
6770 15
1873 6282
400 4554
5885 1348
3055 2673
2972 4903
5043 3420
3619 5880
1999 4743
891 6717
848 5761
6867 654
401 5270
2214 988
7151 763
7586 5498
5824 7317
1276 1834
4126 7364
4479 247
6808 4299
6636 3702
1175 7496
4627 7650
4263 5445
5430 7055
1951 6324
1469 4768
7672 6985
1265 626
524 2408
1326 7171
644 3453
1572 2584
6592 6792
6227 6382
3590 701
4012 3751
544 7563
2986 4332
1410 79
6865 4962
818 5332
2293 632
6903 6120
3403 3991
6791 7005
3594 1910
6161 5954
1766 4372
6421 4842
979 6354
6214 2942
2884 5588
5393 2639
4746 1332
1461 5444
6936 6182
5685 781
6806 3589
1246 5735
5903 1064
6797 550
4070 4885
4064 7501
1800 7252
4058 1992
7240 5448
7113 7433
4813 4616
5035 1589
4469 2453
5673 7582
3811 3859
5038 4859
6148 2695
2999 3316
2447 7508
5539 1446
1566 1955
4041 2873
5704 3214
4783 569
1649 5495
4249 3076
7161 1185
45 7215
3218 3255
1014 1827
2518 4382
650 2898
7288 5381
4796 2478
2213 3923
4504 361
1526 4918
7370 5506
289 4541
123 6367
1902 568
3343 6433
15 6001
6282 2859
4554 7742
1348 4010
2673 5570
4903 6619
3420 610
5880 6664
4743 1658
6717 2811
5761 1158
654 2969
5270 3548
988 5808
763 588
5498 3891
7317 7587
1834 2326
7364 1194
247 4106
4299 1351
3702 7104
7496 4574
7650 4239
5445 4200
7055 4555
6324 5473
4768 7596
6985 1960
626 6845
2408 618
7171 5210
3453 4495
2584 1465
6792 4514
6382 7093
701 6306
3751 750
7563 5963
4332 4174
79 6132
4962 2281
5332 6895
632 1344
6120 2596
3991 1704
7005 1629
1910 643
5954 2338
4372 5858
4842 4887
6354 3157
2942 4725
5588 6568
2639 3968
1332 828
5444 3267
6182 5596
781 3990
3589 676
5735 3794
1064 2970
550 6215
4885 463
7501 1464
7252 5643
1992 5466
5448 3841
7433 989
4616 982
1589 7002
2453 1597
7582 7031
3859 6532
4859 5250
2695 4240
3316 4984
7508 5134
1446 4988
1955 4063
2873 3676
3214 1883
569 101
5495 7032
3076 5775
1185 572
7215 7165
3255 5499
1827 6969
4382 4997
2898 731
5381 1528
2478 3486
3923 3933
361 3797
4918 4850
5506 6444
4541 2882
6367 6378
568 4705
6433 3120
6001 1544
2859 1817
7742 3969
4010 5212
5570 3645
6619 1684
610 6668
6664 1199
1658 5652
2811 3996
1158 960
2969 605
3548 2622
5808 4771
588 6385
3891 3445
7587 6481
2326 6410
1194 2426
4106 4389
1351 465
7104 6868
4574 2090
4239 4762
4200 6713
4555 4286
5473 6496
7596 2580
1960 7007
6845 430
618 1613
5210 1740
4495 764
1465 3639
4514 1151
7093 5196
6306 7733
750 2920
5963 6191
4174 3004
6132 1011
2281 4419
6895 6364
1344 558
2596 3393
1704 6194
1629 5479
643 6090
2338 2147
5858 211
4887 1547
3157 1823
4725 5003
6568 3771
3968 6629
828 7606
3267 1340
5596 6879
3990 7504
676 3539
3794 2464
2970 2903
6215 3892
463 3738
1464 6989
5643 4144
5466 5741
3841 4913
989 6081
982 3049
7002 1388
1597 7177
7031 3347
6532 1801
5250 1972
4240 1437
4984 7548
5134 1841
4988 5975
4063 7379
3676 3138
1883 1622
101 7094
7032 5842
5775 6012
572 2315
7165 7490
5499 6468
6969 1259
4997 737
731 4936
1528 1444
3486 6479
3933 5899
3797 3180
4850 2971
6444 1726
2882 5768
6378 3264
4705 6438
3120 1345
1544 1055
1817 7628
3969 1089
5212 1892
3645 4466
1684 4562
6668 5934
1199 3489
5652 861
3996 2837
960 398
605 5441
2622 7279
4771 4061
6385 1286
3445 3999
6481 3879
6410 6840
2426 5121
4389 3294
465 7394
6868 1918
2090 7715
4762 487
6713 1449
4286 358
6496 2795
2580 2720
7007 6048
430 2616
1613 1692
1740 1183
764 1755
3639 5546
1151 231
5196 6412
7733 7130
2920 4890
6191 55
3004 4006
1011 2557
4419 1101
6364 651
558 2960
3393 1699
6194 4445
5479 4548
6090 6952
2147 104
211 4017
1547 1885
1823 175
5003 4648
3771 7556
6629 7026
7606 7210
1340 1466
6879 6458
7504 4923
3539 4971
2464 1938
2903 5519
3892 7284
3738 120
6989 2384
4144 4581
5741 69
4913 5866
6081 4359
3049 1279
1388 3226
7177 6768
3347 5230
1801 3901
1972 3050
1437 5091
7548 1654
1841 1674
5975 4486
7379 1381
3138 2794
1622 2052
7094 3330
5842 5650
6012 4502
2315 4133
7490 6811
6468 163
1259 863
737 4753
4936 1857
1444 2390
6479 4550
5899 3919
3180 1984
2971 7034
1726 409
5768 429
3264 5047
6438 5767
1345 7248
1055 4370
7628 2098
1089 5051
1892 6633
4466 4591
4562 5395
5934 3552
3489 3413
861 3293
2837 3992
398 4253
5441 5233
7279 2821
4061 4651
1286 7469
3999 4985
3879 1990
6840 3488
5121 1575
3294 4506
7394 2773
1918 1380
7715 5345
487 5304
1449 4899
358 319
2795 1675
2720 7062
6048 7746
2616 2004
1692 3755
1183 1988
1755 5463
5546 6407
231 7436
6412 6040
7130 7360
4890 4854
55 3065
4006 3118
2557 4603
1101 1498
651 6177
2960 1154
1699 2893
4445 6817
4548 3037
6952 3900
104 6299
4017 1083
1885 2431
175 5645
4648 6785
7556 1838
7026 7451
7210 6445
1466 3663
6458 3006
4923 3096
4971 2394
1938 7110
5519 350
7284 7152
120 7705
2384 6724
4581 1876
69 248
5866 2607
4359 4582
1279 6740
3226 4297
6768 2644
5230 65
3901 7209
3050 4749
5091 1573
1654 3437
1674 6439
4486 2065
1381 5927
2794 2769
2052 6376
3330 2023
5650 2798
4502 3890
4133 5968
6811 7622
163 919
863 1189
4753 3380
1857 725
2390 3948
4550 1659
3919 495
1984 6548
7034 4295
409 3236
429 2468
5047 5369
5767 6239
7248 7602
4370 3669
2098 1479
5051 83
6633 6913
4591 4363
5395 292
3552 4649
3413 2424
3293 3532
3992 3947
4253 1926
5233 4131
2821 1453
4651 422
7469 1536
4985 3176
1990 6029
3488 2654
1575 5098
4506 4125
2773 2057
1380 2825
5345 3148
5304 5173
4899 7460
319 2611
1675 6223
7062 6978
7746 1986
2004 3503
3755 5592
1988 4137
5463 1970
6407 6813
7436 3491
6040 1551
7360 4191
4854 1341
3065 718
3118 4009
4603 1864
1498 1914
6177 5950
1154 1080
2893 5174
6817 6816
3037 4937
3900 1886
6299 2262
1083 3562
2431 6127
5645 7580
6785 362
1838 1503
7451 4694
6445 5253
3663 3481
3006 6401
3096 5322
2394 896
7110 2403
350 2199
7152 3546
7705 4287
6724 3856
1876 5534
248 5669
2607 7719
4582 923
6740 6906
4297 2725
2644 6262
65 3660
7209 4127
4749 4657
1573 2911
3437 4765
6439 5646
2065 4683
5927 397
2769 6365
6376 4722
2023 3897
2798 7053
3890 2566
5968 6027
7622 6349
919 3921
1189 2682
3380 53
725 658
3948 4585
1659 351
495 1024
6548 4154
4295 4677
3236 4157
2468 4687
5369 2735
6239 7755
7602 6694
3669 4802
1479 957
83 7669
6913 2395
4363 5746
292 5513
4649 7229
2424 6838
3532 6440
3947 7679
1926 796
4131 5756
1453 2777
422 3366
1536 3802
3176 7611
6029 2761
2654 3329
5098 5682
4125 7423
2057 4098
2825 3975
3148 4715
5173 2379
7460 5618
2611 3741
6223 2530
6978 6505
1986 1298
3503 6366
5592 991
4137 710
1970 2437
6813 5375
3491 2254
1551 1948
4191 7447
1341 4407
718 4416
4009 3408
1864 4435
1914 693
5950 2164
1080 5521
5174 2915
6816 3031
4937 3392
1886 453
2262 38
3562 7471
6127 2430
7580 6312
362 5281
1503 267
4694 7710
5253 1997
3481 6594
6401 1008
5322 76
896 2101
2403 813
2199 2764
3546 4810
4287 1306
3856 2883
5534 5359
5669 6107
7719 4497
923 7539
6906 1580
2725 6212
6262 3084
3660 837
4127 6301
4657 2808
2911 5487
4765 907
5646 3156
4683 5214
397 4440
6365 6504
4722 1311
3897 1757
7053 3983
2566 6748
6027 6887
6349 2393
3921 5289
2682 4487
53 5607
658 16
4585 5818
351 3868
1024 1359
4154 3614
4677 975
4157 4261
4687 7592
2735 2272
7755 1942
6694 3319
4802 3744
957 6719
7669 1790
2395 3449
5746 5867
5513 5171
7229 7398
6838 1611
6440 1293
7679 3757
796 2513
5756 3906
2777 6746
3366 6470
3802 5925
7611 4895
2761 6534
3329 2493
5682 5799
7423 6298
4098 3821
3975 1095
4715 4450
2379 732
5618 3672
3741 6278
2530 6263
6505 6927
1298 7757
6366 3624
991 1924
710 2095
2437 3106
5375 6957
2254 4685
1948 4422
7447 6948
4407 3913
4416 4776
3408 3154
4435 1018
693 5341
2164 924
5521 6236
2915 1353
3031 54
3392 3640
453 4900
38 6506
7471 3785
2430 3446
6312 77
5281 728
267 6350
7710 6014
1997 3318
6594 6428
1008 2625
76 4535
2101 112
813 4331
2764 4656
4810 3354
1306 7154
2883 3062
5359 5287
6107 1223
4497 3306
7539 4791
1580 5338
6212 4826
3084 7767
837 1637
6301 7673
2808 959
5487 393
907 7649
3156 1220
5214 6094
4440 7112
6504 3662
1311 1956
1757 3032
3983 2845
6748 5821
6887 4728
2393 6822
5289 4473
4487 6473
5607 4874
16 1570
5818 6000
3868 930
1359 5276
3614 823
975 1114
4261 2009
7592 1705
2272 5228
1942 7371
3319 7513
3744 5275
6719 7289
1790 411
3449 3860
5867 1156
5171 5456
7398 4037
1611 1657
1293 4290
3757 6691
2513 3438
3906 5222
6746 1633
6470 7166
5925 1929
4895 2130
6534 435
2493 599
5799 4015
6298 2704
3821 2153
1095 7389
4450 2692
732 559
3672 5146
6278 4961
6263 4149
6927 1840
7757 6947
3624 4731
1924 188
2095 4341
3106 5525
6957 1051
4685 7375
4422 4686
6948 4102
3913 5117
4776 4755
3154 734
1018 36
5341 3700
924 2158
6236 830
1353 2102
54 4384
3640 4280
4900 3121
6506 3279
3785 866
3446 4553
77 876
728 3776
6350 1079
6014 1009
3318 6228
6428 133
2625 2192
4535 6579
112 60
4331 1134
4656 4221
3354 6864
7154 5731
3062 2906
5287 1102
1223 6597
3306 5162
4791 4483
5338 4612
4826 556
7767 2855
1637 4481
7673 7530
959 908
393 6986
7649 2056
1220 5164
6094 377
7112 4431
3662 2154
1956 7059
3032 2412
2845 7670
5821 468
4728 7727
6822 5125
4473 3092
6473 6346
4874 7065
1570 7557
6000 177
930 7393
5276 6338
823 1330
1114 6386
2009 7526
1705 2815
5228 7555
7371 5040
7513 7410
5275 900
7289 4373
411 7320
3860 646
1156 6427
5456 5703
4037 366
1657 7133
4290 910
6691 7223
3438 165
5222 5199
1633 5465
7166 6157
1929 4032
2130 6490
435 3377
599 394
4015 4077
2704 4426
2153 3519
7389 7728
2692 6058
559 2866
5146 433
4961 330
4149 4680
1840 2930
6947 3580
4731 41
188 1094
4341 7017
5525 357
1051 3701
7375 767
4686 2828
4102 1882
5117 5037
4755 6810
734 736
36 4308
3700 884
2158 4282
830 4880
2102 1812
4384 2498
4280 4760
3121 484
3279 1655
866 2856
4553 7678
876 5949
3776 7514
1079 3185
1009 2373
6228 3638
133 6826
2192 5698
6579 1793
60 87
1134 4454
4221 3697
6864 6699
5731 4141
2906 566
1102 5006
6597 2992
5162 4785
4483 6656
4612 3817
556 3014
2855 3071
4481 116
7530 7688
908 5826
6986 4246
2056 5528
5164 4367
377 3000
4431 5307
2154 6623
7059 7281
2412 1880
7670 6424
468 5522
7727 4190
5125 6495
3092 7314
6346 6334
7065 2939
7557 3556
177 2793
7393 1903
6338 4700
1330 4877
6386 82
7526 7077
2815 5537
7555 4965
5040 7403
7410 6059
900 6309
4373 6126
7320 5578
646 5709
6427 5452
5703 253
366 6576
7133 1602
910 5416
7223 850
165 6723
5199 920
5465 52
6157 5720
4032 5700
6490 6807
3377 3661
394 690
4077 7687
4426 3800
3519 4663
7728 1478
6058 1137
2866 57
433 1906
330 2487
4680 3451
2930 4283
3580 4360
41 6033
1094 1671
7017 1172
357 6089
3701 2937
767 6340
2828 3003
1882 2469
5037 7510
6810 980
736 81
4308 6604
884 2317
4282 5510
4880 1012
1812 1744
2498 4
4760 3220
484 1400
1655 1365
2856 4184
7678 5721
5949 1476
7514 3621
3185 7216
2373 4044
3638 2509
6826 304
5698 4769
1793 7529
87 5392
4454 6006
3697 6914
6699 4400
4141 2219
566 5165
5006 5330
2992 4215
4785 6226
6656 705
3817 3286
3014 5936
3071 1515
116 1145
7688 3553
5826 1349
4246 4659
5528 7008
4367 4702
3000 6517
5307 6566
6623 4328
7281 3950
1880 4901
6424 7387
5522 349
4190 1501
6495 6968
7314 3652
6334 2613
2939 7036
3556 2261
2793 6877
1903 1467
4700 5096
4877 6516
82 849
7077 5547
5537 645
4965 1367
7403 2286
6059 2356
6309 4082
6126 6268
5578 3081
5709 7357
5452 3363
253 5120
6576 5524
1602 1964
5416 6631
850 1878
6723 5702
920 4833
52 3664
5720 3873
5700 6601
6807 3631
3661 7187
690 5952
7687 5897
3800 3239
4663 118
1478 806
1137 5111
57 3231
1906 6414
2487 4691
3451 7753
4283 7315
4360 7512
6033 2253
1671 3766
1172 5850
6089 5906
2937 5926
6340 5005
3003 3611
2469 3813
7510 7299
980 2060
81 6761
6604 6854
2317 4242
5510 415
1012 419
1744 3994
4 2812
3220 7228
1400 2428
1365 3333
4184 4868
5721 2510
1476 6542
3621 5328
7216 2142
4044 712
2509 2097
304 4074
4769 2084
7529 4460
5392 6229
6006 4573
6914 2061
4400 2605
2219 5840
5165 3431
5330 1173
4215 89
6226 7353
705 167
3286 4147
5936 2568
1515 1165
1145 6521
3553 3061
1349 6858
4659 2345
7008 3874
4702 5248
6517 5034
6566 6526
4328 4835
3950 579
4901 5390
7387 3725
349 2733
1501 1751
6968 5801
3652 2892
2613 3483
7036 2535
2261 3464
6877 1411
1467 3237
5096 5916
6516 108
849 2612
5547 2474
645 6356
1367 890
2286 6650
2356 3895
4082 4083
6268 1832
3081 2210
7357 3953
3363 2197
5120 1118
5524 3053
1964 833
6631 6999
1878 4306
5702 2819
4833 1160
3664 722
3873 3670
6601 4398
3631 2830
7187 6996
5952 6559
5897 1358
3239 4493
118 5160
806 2131
5111 2011
3231 1836
6414 1352
4691 6240
7753 1627
7315 5149
7512 3937
2253 6469
3766 952
5850 3518
5906 7488
5926 1732
5005 5388
3611 3405
3813 1315
7299 6328
2060 2321
6761 925
6854 5701
4242 1368
415 3191
419 2200
3994 4586
2812 3690
7228 3695
2428 4241
3333 6060
4868 1075
2510 5958
6542 6224
5328 2706
2142 4855
712 1054
2097 3283
4074 4847
2084 2264
4460 4838
6229 2652
4573 5544
2061 5891
2605 4490
5840 596
3431 3704
1173 156
89 2496
7353 6492
167 5553
4147 209
2568 2229
1165 5312
6521 6145
3061 2741
6858 3459
2345 1322
3874 6924
5248 5630
5034 5984
6526 5631
4835 7506
579 1253
5390 1899
3725 499
2733 4107
1751 6966
5801 4104
2892 3389
3483 3163
2535 3357
3464 6210
1411 6018
3237 6213
5916 335
108 3792
2612 4557
2474 4974
6356 1725
890 2363
6650 3161
3895 2697
4083 4608
1832 3465
2210 1242
3953 6208
2197 4636
1118 6139
3053 2945
833 7050
6999 2330
4306 3241
2819 2117
1160 6082
722 4596
3670 4056
4398 2417
2830 3353
6996 4008
6559 5981
1358 491
4493 7332
5160 6565
2131 2666
2011 5482
1836 5971
1352 2002
6240 6287
1627 6162
5149 6793
3937 1417
6469 6430
952 1949
3518 1195
7488 6535
1732 7588
5388 7219
3405 5612
1315 7577
6328 5671
2321 7442
925 1541
5701 388
1368 7355
3191 1701
2200 5241
4586 381
3690 1215
3695 7150
4241 3252
6060 7487
1075 1040
5958 1225
6224 3869
2706 5893
4855 933
1054 7138
3283 5779
4847 4575
2264 1144
4838 4894
2652 2215
5544 5678
5891 5000
4490 6316
596 4628
3704 1980
156 1192
2496 6745
6492 915
5553 619
209 1354
2229 5814
5312 5764
6145 5930
2741 6731
3459 4183
1322 1007
6924 6028
5630 855
5984 926
5631 5584
7506 2599
1253 6168
1899 4265
499 7521
4107 6783
6966 2869
4104 493
3389 7494
3163 703
3357 4750
6210 4824
6018 7737
6213 7260
335 2220
3792 478
4557 5536
4974 3209
1725 786
2363 6964
3161 5352
2697 7652
4608 7022
3465 7245
1242 2058
6208 3540
4636 4805
6139 1289
2945 4991
7050 6211
2330 3338
3241 7575
2117 5802
6082 5676
4596 2781
4056 6556
2417 4311
3353 3152
4008 3586
5981 1492
491 6951
7332 1140
6565 4494
2666 5480
5482 5442
5971 5529
2002 2522
6287 3516
6162 5139
6793 7579
1417 2332
6430 6323
1949 1445
1195 7212
6535 1297
7588 7690
7219 7648
5612 3450
7577 5912
5671 2954
7442 5342
1541 3381
388 4231
7355 3620
1701 2178
5241 5895
381 1768
1215 1240
7150 3726
3252 1168
7487 3782
1040 4425
1225 5295
3869 741
5893 4194
933 5009
7138 7061
5779 5010
4575 6449
1144 3474
4894 6558
2215 829
5678 1138
5000 3166
6316 6764
4628 6274
1980 945
1192 195
6745 5576
915 4723
619 436
1354 46
5814 80
5764 639
5930 3213
6731 3297
4183 5156
1007 3284
6028 6653
855 2806
926 7203
5584 3808
2599 353
6168 5803
4265 6483
7521 6896
6783 2238
2869 7259
493 4148
7494 3048
703 4742
4750 1413
4824 2375
7737 7172
7260 6866
2220 33
478 2328
5536 1542
3209 6900
786 275
6964 2445
5352 6158
7652 598
7022 7428
7245 1696
2058 5581
3540 2763
4805 5745
1289 171
4991 356
6211 6319
3338 7307
7575 61
5802 5783
5676 2043
2781 789
6556 4458
4311 2198
3152 7072
3586 7383
1492 6607
6951 322
1140 2398
4494 5575
5480 3210
5442 6475
5529 5344
2522 4682
3516 5076
5139 5749
7579 3024
2332 4958
6323 1077
1445 7190
7212 4576
1297 4385
7690 5864
7648 5404
3450 1063
5912 7384
2954 6602
5342 1624
3381 1233
4231 3057
3620 1263
2178 729
5895 6967
1768 5654
1240 841
3726 4978
1168 5742
3782 4462
4425 5637
5295 1257
741 7771
4194 3544
5009 2539
7061 3592
5010 4565
6449 5920
3474 3147
6558 912
829 2636
1138 6341
3166 2343
6764 7258
6274 6975
945 5255
195 2074
5576 5699
4723 3457
436 3603
46 3649
80 6137
639 5263
3213 3905
3297 3345
5156 5484
3284 5252
6653 7520
2806 1346
7203 704
3808 6207
353 5259
5803 4643
6483 3207
6896 7160
2238 7340
7259 5790
4148 3085
3048 7667
4742 1002
1413 3566
2375 447
7172 2138
6866 5406
33 4228
2328 6113
1542 4532
6900 3204
275 5309
2445 4726
6158 3395
598 1617
7428 6474
1696 1166
5581 6554
2763 7
5745 6794
171 783
356 1833
6319 5723
7307 5023
61 552
5783 7351
2043 7584
789 4342
4458 825
2198 6732
7072 2027
7383 2471
6607 2
322 5254
2398 5384
5575 110
3210 1784
6475 1264
5344 4170
4682 7361
5076 7509
5749 1697
3024 5414
4958 7021
1077 2108
7190 2772
4576 4484
4385 5713
5864 4305
5404 162
1063 5157
7384 1550
6602 3332
1624 1231
1233 715
3057 3257
1263 5319
729 426
6967 1618
5654 3208
841 7682
4978 31
5742 2476
4462 4681
5637 6685
1257 2151
7771 1887
3544 6703
2539 2912
3592 2434
4565 1935
5920 1854
3147 109
912 4922
2636 2501
6341 3878
2343 504
7258 4867
6975 713
5255 7585
2074 709
5699 3774
3457 5128
3603 6015
3649 1587
6137 6086
5263 5781
3905 3910
3345 7122
5484 2016
5252 3269
7520 1078
1346 2256
704 4570
6207 4968
5259 3033
4643 6336
3207 6138
7160 7462
7340 772
5790 1920
3085 3415
7667 417
1002 1987
3566 2421
447 5422
2138 6330
5406 1356
4228 7089
6113 6310
4532 1635
3204 1072
5309 7418
4726 5072
3395 3931
1617 1364
6474 6403
1166 6910
6554 1238
7 7699
6794 6729
783 1520
1833 708
5723 854
5023 1829
552 6446
7351 5217
7584 3461
4342 3313
825 1214
6732 2843
2027 3723
2471 6337
2 3435
5254 3915
5384 4797
110 4474
1784 5460
1264 4952
4170 448
7361 7048
7509 2958
1697 955
5414 5490
7021 7105
2108 1874
2772 6509
4484 1816
5713 1782
4305 977
162 7217
5157 3831
1550 5681
3332 1668
1231 6431
715 6248
3257 179
5319 2237
426 2470
1618 4876
3208 2089
7682 5603
31 2127
2476 5002
4681 3462
6685 216
2151 7747
1887 7318
6703 6977
2912 2451
2434 3005
1935 7531
1854 6277
109 4049
4922 4959
2501 964
3878 6696
504 918
4867 6080
713 6907
7585 3260
709 7395
3774 7330
5128 1004
6015 5054
1587 2582
6086 1323
5781 2800
3910 4775
7122 295
2016 6417
3269 3110
1078 2560
2256 3579
4570 2698
4968 1770
3033 3025
6336 1472
6138 2382
7462 3706
772 2997
1920 5030
3415 2643
417 3830
1987 502
2421 5966
5422 117
6330 266
1356 6097
7089 1142
6310 6714
1635 1090
1072 4525
7418 3816
5072 4364
3931 7020
1364 6408
6403 2161
6910 242
1238 2826
7699 928
6729 427
1520 4803
708 3439
854 4035
1829 7497
6446 7664
5217 3724
3461 4075
3313 5268
1214 1533
2843 3707
3723 2857
6337 7167
3435 475
3915 1076
4797 6859
4474 7366
5460 5862
4952 2350
448 5626
7048 5935
2958 6044
955 111
5490 2400
7105 4944
1874 3929
6509 4556
1816 5205
1782 4993
977 5432
7217 3469
3831 1031
5681 1777
1668 6646
6431 2319
6248 1
179 3609
2237 416
2470 2805
4876 6121
2089 7328
5603 6981
2127 3146
5002 6772
3462 3506
216 3966
7747 1859
7318 7222
6977 950
2451 7326
3005 5237
7531 1237
6277 1292
4049 523
4959 4896
964 213
6696 6055
918 6588
6080 7502
6907 809
3260 4408
7395 4998
7330 4788
1004 6050
5054 482
2582 4211
1323 1404
2800 432
4775 507
295 7635
6417 5277
3110 5543
2560 4347
3579 4820
2698 5215
1770 1395
3025 1736
1472 1234
2382 4236
3706 1457
2997 3692
5030 4132
2643 7603
3830 6541
502 3137
5966 3657
117 2255
266 6077
6097 3753
1142 197
6714 7721
1090 2536
4525 1273
3816 6327
4364 3141
7020 5088
6408 5938
2161 7565
242 2409
2826 4995
928 6070
427 4310
4803 3550
3439 880
4035 5001
7497 3854
7664 4661
3724 3763
4075 7459
5268 3135
1533 2889
3707 1085
2857 7766
7167 1741
475 7681
1076 2787
6859 6355
7366 3598
5862 5817
2350 6973
5626 7247
5935 1937
6044 1634
111 5113
2400 6988
4944 273
3929 7683
4556 6678
5205 717
4993 2278
5432 4264
3469 2537
1031 4927
1777 105
6646 782
2319 5564
1 6956
3609 625
416 7266
2805 1342
6121 7232
7328 1973
6981 6706
3146 4587
6772 1881
3506 2765
3966 4467
1859 3877
7222 992
950 2718
7326 6303
5237 7283
1237 1907
1292 2005
523 3035
4896 4716
213 444
6055 5133
6588 91
7502 2926
809 6387
4408 6551
4998 4790
4788 889
6050 5031
482 758
4211 5776
1404 4267
432 5016
507 1034
7635 7444
5277 7291
5543 2505
4347 3732
4820 2526
5215 7294
1395 252
1736 4300
1234 7348
4236 934
1457 7722
3692 3843
4132 1797
7603 937
6541 5056
3137 1347
3657 7224
2255 6960
6077 3727
3753 2459
197 4990
7721 6759
2536 1686
1273 4406
6327 7144
3141 301
5088 2672
5938 445
7565 967
2409 5260
4995 7621
6070 2035
4310 4322
3550 2820
880 5694
5001 6727
3854 2941
4661 3585
3763 943
7459 2776
3135 3216
2889 1928
1085 3545
7766 4773
1741 4934
7681 5244
2787 1839
6355 7693
3598 35
5817 170
6973 1762
7247 5500
1937 6002
1634 520
5113 7134
6988 899
273 1702
7683 5367
6678 4719
717 5443
2278 4865
4264 6108
2537 6357
4927 2905
105 6003
782 5854
5564 3764
6956 6393
625 5812
7266 5011
1342 3043
7232 6217
1973 1283
6706 3716
4587 7400
1881 2592
2765 5716
4467 4792
3877 2916
992 6893
2718 2446
6303 2779
7283 2749
1907 1296
2005 2587
3035 6225
4716 4607
444 2291
5133 6938
91 7477
2926 5123
6387 2647
6551 5476
4790 2361
889 4730
5031 936
758 6635
5776 882
4267 2045
5016 839
1034 3490
7444 5904
7291 4609
2505 873
3732 2985
2526 539
7294 66
252 160
4300 6292
7348 6578
934 4817
7722 6041
3843 5435
1797 4447
937 2333
5056 202
1347 987
7224 5059
6960 4830
3727 6007
2459 4676
4990 3810
6759 5517
1686 4130
4406 5693
7144 5585
301 2669
2672 63
445 3423
967 2258
5260 694
7621 6955
2035 7365
4322 6280
2820 6489
5694 2738
6727 18
2941 1313
3585 7417
943 5409
2776 7174
3216 4317
1928 4488
3545 4564
4773 6452
4934 2768
5244 7718
1839 3271
7693 70
35 664
170 1252
1762 4204
5500 7528
6002 600
520 3136
7134 7751
899 7589
1702 1255
5367 1670
4719 2550
5443 2405
4865 6075
6108 4294
6357 1785
2905 6186
6003 3712
5854 1019
3764 7199
6393 37
5812 1291
5011 3082
3043 688
6217 6073
1283 7213
3716 3430
7400 6384
2592 2322
5716 4022
4792 2296
2916 5795
6893 7358
2446 4665
2779 2105
2749 5455
1296 479
2587 5985
6225 4380
4607 7438
2291 7015
6938 5851
7477 86
5123 835
2647 2302
5476 4604
2361 1803
4730 1667
936 634
6635 2182
882 6141
2045 3302
839 4376
3490 4438
5904 1044
4609 4394
873 228
2985 1035
539 6718
66 7115
160 3400
6292 6695
6578 4179
4817 3394
6041 7159
5435 4853
4447 328
2333 4729
202 5843
987 3167
5059 984
4830 480
6007 268
4676 922
3810 4396
5517 4778
4130 5977
5693 1104
5585 4247
2669 467
63 425
3423 4617
2258 2248
694 1096
6955 906
7365 2849
6280 3477
6489 5069
2738 7593
18 7046
1313 3070
7417 4610
5409 2832
7174 1261
4317 716
4488 4237
4564 5995
6452 2645
2768 6269
7718 4580
3271 7634
70 5399
664 953
1252 1761
4204 1139
7528 7126
600 7108
3136 6889
7751 2747
7589 769
1255 1415
1670 272
2550 3718
2405 3258
6075 4395
4294 3759
1785 7685
6186 5750
3712 1285
1019 2801
7199 2318
37 7533
1291 2068
3082 946
688 4399
6073 239
7213 7095
3430 1360
6384 1747
2322 2712
4022 1250
2296 4122
5795 1409
7358 1963
4665 2093
2105 6841
5455 1985
479 1518
5985 7763
4380 775
7438 4759
7015 3790
5851 7040
86 2595
835 6878
2302 4224
4604 3202
1803 1328
1667 2109
634 2628
2182 4732
6141 3160
3302 941
4376 1891
4438 5567
1044 2455
4394 4208
228 3601
1035 3155
6718 990
7115 1787
3400 844
6695 5695
4179 1458
3394 5825
7159 7378
4853 6982
328 6359
4729 6637
5843 4579
3167 3309
984 2410
480 6056
268 2610
922 5065
4396 3133
4778 2600
5977 3612
1104 961
4247 3865
467 2981
425 2018
4617 1578
2248 234
1096 1644
906 3355
2849 2193
3477 7574
5069 2175
7593 1866
7046 5232
3070 2196
4610 1213
2832 1397
1261 5148
716 2894
4237 6583
5995 1241
2645 2201
6269 2569
4580 1695
7634 6972
5399 3717
953 3588
1761 7103
1139 7712
7126 2932
7108 6669
6889 7310
2747 4841
769 3651
1415 4837
272 4832
3718 2758
3258 2047
4395 1607
3759 4668
7685 405
5750 2129
1285 7646
2801 5572
2318 7131
7533 243
2068 246
946 5874
4399 2268
239 2290
7095 549
1360 7541
1747 1663
2712 4232
1250 2868
4122 2181
1409 3047
1963 2034
2093 2713
6841 4721
1985 5278
1518 3675
7763 2429
775 274
4759 102
3790 1727
7040 6733
2595 2663
6878 5182
4224 6103
3202 5948
1328 6189
2109 4099
2628 5504
4732 3679
3160 1640
941 360
1891 2184
5567 4897
2455 2963
4208 1184
3601 1013
3155 4976
990 759
1787 7271
844 7244
5695 3075
1458 7345
5825 5216
7378 515
6982 1262
6359 2923
6637 2369
4579 1387
3309 4210
2410 4496
6056 7713
2610 3421
5065 4524
3133 2951
2600 1288
3612 5648
961 2872
3865 3571
2981 1396
2018 4089
1578 4530
234 1224
1644 7517
3355 7035
2193 1066
7574 7092
2175 2324
1866 7429
5232 6247
2196 1969
1213 7263
1397 380
5148 6591
2894 2953
6583 6353
1241 11
2201 3876
2569 5300
1695 7537
6972 7231
3717 4463
3588 6291
7103 5326
7712 2006
2932 3967
6669 24
7310 176
4841 3974
3651 4780
4837 3017
4832 4521
2758 787
2047 1842
1607 630
4668 7211
405 2719
2129 2614
7646 5633
5572 1275
7131 5353
243 6400
246 3674
5874 6965
2268 5413
2290 1069
549 1794
7541 2143
1663 6862
4232 7155
2868 4140
2181 7041
3047 4745
2034 4146
2713 7456
4721 3042
5278 5339
3675 4517
2429 5836
274 4928
102 6751
1727 4442
6733 727
2663 2715
5182 4863
6103 7136
5948 623
6189 5518
4099 7114
5504 1643
3679 6335
1640 5224
360 2693
2184 5969
4897 4917
2963 879
1184 1846
1013 5961
4976 287
759 2177
7271 6839
7244 1976
3075 4175
7345 4350
5216 373
515 6805
1262 659
2923 4003
2369 3834
1387 323
4210 6755
4496 354
7713 974
3421 2822
4524 2078
2951 44
1288 2194
5648 6261
2872 7536
3571 3513
1396 6289
4089 2433
4530 5503
1224 2342
7517 5800
7035 2896
1066 2871
7092 5980
2324 2041
7429 263
6247 369
1969 5080
7263 390
380 1167
6591 1625
2953 5982
6353 1481
11 6940
3876 4262
5300 3924
7537 2083
7231 6959
4463 7464
6291 7643
5326 5955
2006 7560
3967 1441
24 1120
176 3653
3974 5531
4780 477
3017 548
4521 6375
787 719
1842 383
630 7445
7211 4966
2719 1017
2614 440
5633 7359
1275 2015
5353 4369
6400 5994
3674 2532
6965 877
5413 139
1069 2174
1794 1412
2143 5634
6862 6117
7155 379
4140 7354
7041 459
4745 4411
4146 125
7456 3747
3042 1588
5339 2360
4517 2374
5836 7214
4928 2525
6751 1186
4442 2418
727 5362
2715 5739
4863 4457
7136 4014
623 3533
5518 6078
7114 2983
1643 5492
6335 1677
5224 7185
2693 1995
5969 6466
4917 5820
879 500
1846 3331
5961 7458
287 3537
2177 5918
6839 5606
1976 2885
4175 3517
4350 1616
373 7676
6805 6736
659 1454
4003 434
3834 1421
323 5087
6755 1487
354 7102
974 5587
2822 144
2078 4707
44 5959
2194 199
6261 4118
7536 2439
3513 4544
6289 4569
2433 5449
5503 2407
2342 7269
5800 5715
2896 5516
2871 6676
5980 564
2041 4747
263 1606
369 277
5080 1756
390 6730
1167 3340
1625 48
5982 5910
1481 2377
6940 2585
4262 5475
3924 7765
2083 4004
6959 4349
7464 7406
7643 3117
5955 7344
7560 1669
1441 6190
1120 1509
3653 2173
5531 2179
477 2251
548 201
6375 6684
719 5226
383 6581
7445 5102
4966 5283
1017 4590
440 3922
7359 1452
2015 7724
4369 2792
5994 4402
2532 2021
877 4026
139 378
2174 5602
1412 5557
5634 3886
6117 777
379 343
7354 561
459 4889
4411 3608
125 916
3747 255
1588 2984
2360 2367
2374 5015
7214 7181
2525 5410
1186 2925
2418 1745
5362 661
5739 6894
4457 576
4014 2729
3533 3113
6078 6734
2983 2876
5492 259
1677 4851
7185 4110
1995 1819
6466 7264
5820 4202
500 3387
3331 2653
7458 4401
3537 3505
5918 1406
5606 5717
2885 6819
3517 297
1616 4207
7676 6945
6736 2975
1454 4068
434 1556
1421 5418
5087 2402
1487 7235
7102 4355
5587 1123
144 6284
4707 1021
5959 2232
199 1003
4118 5763
2439 6204
4544 2134
4569 6105
5449 3064
2407 5331
7269 2689
5715 6307
5516 2853
6676 222
564 7337
4747 3178
1606 6197
277 2699
1756 2389
6730 2993
3340 6142
48 4653
5910 7230
2377 7576
2585 6047
5475 457
7765 4428
4004 5464
4349 2760
7406 107
3117 753
7344 1798
1669 5507
6190 845
1509 6937
2173 2933
2179 551
2251 2481
201 6149
6684 3139
5226 389
6581 5535
5102 6325
5283 2452
