4636
3274 1115
3274 2562
1115 1486
2562 2823
2562 3203
2562 2524
1486 3120
1486 70
2823 1095
2823 3601
3203 315
2524 1445
2524 2425
2524 284
2524 1872
3120 288
3120 987
70 2941
70 4381
70 2336
70 1433
1095 1362
1095 2890
1095 4162
1095 4355
3601 231
3601 2690
3601 3574
315 1220
315 4278
315 2414
315 3494
1445 1506
1445 2043
2425 2446
2425 215
284 1007
284 1808
284 3307
284 3813
1872 4108
1872 2275
1872 143
288 4446
288 500
288 4340
288 1079
987 4373
2941 889
2941 820
2941 4627
4381 4165
4381 583
4381 2499
2336 4243
2336 4539
2336 4318
1433 3605
1433 3794
1362 2387
1362 3595
2890 817
4162 1097
4162 2451
4162 4442
4355 2093
4355 3154
4355 3175
231 4412
231 637
231 2121
2690 1297
3574 4078
1220 3812
4278 3986
4278 1851
2414 4242
3494 3702
3494 2145
1506 316
2043 2309
2446 4202
2446 4454
215 1275
1007 3176
1007 3621
1808 120
1808 1868
3307 326
3813 3838
4108 3502
4108 2013
2275 4046
143 2117
143 1723
4446 1417
4446 8
500 1816
4340 3112
4340 4369
1079 1571
4373 3959
889 559
889 3639
820 2540
4627 2757
4165 2072
583 2880
2499 4072
4243 152
4539 2483
4318 1
3605 4365
3794 3227
2387 3946
3595 4039
817 4047
1097 1853
2451 3724
4442 840
2093 88
3154 3864
3175 3916
4412 2794
637 3179
2121 2209
1297 7
4078 719
3812 2353
3986 2031
1851 911
4242 4572
3702 358
2145 3165
316 594
2309 955
4202 1595
4454 693
1275 3799
3176 722
3621 2746
120 2299
1868 4150
326 3381
3838 4013
3502 4353
2013 3531
4046 3324
2117 2665
1723 3826
1417 2276
8 2712
1816 2997
3112 4630
4369 2812
1571 462
3959 3837
559 480
3639 543
2540 1158
2757 1081
2072 256
2880 3185
4072 4216
152 3386
2483 1374
1 2047
4365 28
3227 3978
3946 4048
4039 598
4047 2420
1853 3017
3724 2360
840 3233
88 2704
3864 3476
3916 3964
2794 861
3179 573
2209 882
7 4182
719 2675
2353 1344
2031 3376
911 349
4572 221
358 3707
3165 1410
594 3862
955 922
1595 2394
693 4198
3799 4592
722 3299
2746 4276
2299 1799
4150 3557
3381 3035
4013 367
4353 437
3531 4169
3324 4567
2665 4554
3826 1645
2276 3004
2712 3228
2997 2834
4630 542
2812 2663
462 2269
3837 4598
480 3805
543 3456
1158 334
1081 1407
256 4404
3185 697
4216 2575
3386 1446
1374 1230
2047 3088
28 4246
3978 766
4048 2652
598 2984
2420 4424
3017 3771
2360 805
3233 1903
2704 3492
3476 748
3964 4473
861 3090
573 1494
882 248
4182 518
2675 1210
1344 2769
3376 3658
349 3145
221 4612
3707 796
1410 4377
3862 328
922 1686
2394 797
4198 4126
4592 3014
3299 4422
4276 1945
1799 228
3557 3576
3035 436
367 3550
437 671
4169 1090
4567 2548
4554 1179
1645 1537
3004 396
3228 3266
2834 3703
542 1102
2663 3681
2269 2980
4598 1635
3805 1666
3456 1004
334 815
1407 4075
4404 4507
697 171
2575 3521
1446 3608
1230 3258
3088 2918
4246 2542
766 133
2652 2041
2984 2555
4424 4325
3771 200
805 72
1903 2681
3492 64
748 3126
4473 1229
3090 2670
1494 1288
248 3477
518 4106
1210 753
2769 2025
3658 3568
3145 2086
4612 2347
796 2331
4377 2920
328 3532
1686 2419
797 2477
4126 2716
3014 3578
4422 1567
1945 1475
228 1736
3576 2208
436 1319
3550 898
671 4504
1090 4247
2548 1143
1179 1184
1537 4436
396 4530
3266 1033
3703 1550
1102 1025
3681 715
2980 4074
1635 2327
1666 2518
1004 4059
815 3122
4075 14
4507 2411
171 4534
3521 4577
3608 1576
3258 139
2918 4445
2542 1463
133 3905
2041 3404
2555 3786
4325 310
200 1579
72 3273
2681 560
64 2231
3126 3000
1229 1539
2670 161
1288 645
3477 1802
4106 4025
753 2129
2025 2635
3568 2517
2086 4077
2347 778
2331 2238
2920 1154
3532 113
2419 3463
2477 268
2716 739
3578 3749
1567 1907
1475 4413
1736 3754
2208 526
1319 3953
898 1937
4504 1958
4247 4151
1143 2805
1184 3821
4436 1619
4530 1249
1033 3917
1550 261
1025 1159
715 2847
4074 27
2327 2758
2518 1515
4059 2974
3122 32
14 2296
2411 1531
4534 2959
4577 2054
1576 2595
139 2223
4445 2996
1463 4009
3905 3766
3404 408
3786 1327
310 4367
1579 23
3273 2937
560 4603
2231 3828
3000 2546
1539 308
161 632
645 2811
1802 4101
4025 3132
2129 188
2635 2771
2517 3124
4077 779
778 2836
2238 3300
1154 1518
113 3831
3463 2087
268 4196
739 3347
3749 446
1907 4102
4413 1114
3754 3525
526 3927
3953 2573
1937 2783
1958 3592
4151 419
2805 3118
3821 4495
1619 4229
1249 1435
3917 333
261 1511
1159 3050
2847 777
27 1458
2758 3023
1515 2097
2974 490
32 662
2296 838
1531 2388
2959 3387
2054 906
2595 97
2223 2175
2996 2452
4009 3701
3766 1043
408 4502
1327 2895
4367 1807
23 3459
2937 3241
4603 4466
3828 3582
2546 3357
308 2478
632 4364
2811 4073
4101 254
3132 3496
188 273
2771 1987
3124 1886
779 366
2836 636
3300 4103
1518 2730
3831 642
2087 4376
4196 1578
3347 3218
446 364
4102 206
1114 378
3525 4149
3927 2509
2573 585
2783 570
3592 223
419 721
3118 2221
4495 1278
4229 3353
1435 2512
333 4093
1511 1842
3050 789
777 682
1458 1314
3023 1332
2097 3832
490 2520
662 1331
838 336
2388 1197
3387 876
906 405
97 2774
2175 3091
2452 107
3701 234
1043 1306
4502 36
2895 2647
1807 3604
3459 602
3241 2218
4466 4338
3582 870
3357 10
2478 414
4364 2088
4073 4064
254 3873
3496 2899
273 2298
1987 2846
1886 2963
366 2668
636 318
4103 1223
2730 1118
642 2916
4376 909
1578 652
3218 1491
364 3577
206 1505
378 507
4149 1338
2509 363
585 3473
570 2123
223 1639
721 1934
2221 3558
1278 2610
3353 925
2512 1561
4093 2090
1842 2322
789 2693
682 4427
1314 3882
1332 1212
3832 2348
2520 3146
1331 2403
336 4167
1197 2744
876 2735
405 2429
2774 3375
3091 2644
107 4431
234 2095
1306 1182
36 3976
2647 1652
3604 949
602 555
2218 203
4338 2734
870 173
10 3391
414 3980
2088 3174
4064 699
3873 3104
2899 3891
2298 21
2846 3641
2963 3588
2668 3801
318 2434
1223 1858
1118 3465
2916 2210
909 4423
652 416
1491 4269
3577 67
1505 4292
507 3026
1338 3533
363 2804
3473 3936
2123 544
1639 1109
1934 2801
3558 3156
2610 2355
925 1091
1561 3390
2090 2159
2322 1685
2693 985
4427 1641
3882 1111
1212 511
2348 1262
3146 2149
2403 1284
4167 1335
2744 4389
2735 2187
2429 3215
3375 4138
2644 3800
4431 1586
2095 3114
1182 1894
3976 4186
1652 1611
949 3998
555 3042
203 502
2734 1570
173 1060
3391 3129
3980 4286
3174 2545
699 4233
3104 1465
3891 654
21 1479
3641 1727
3588 371
3801 1373
2434 1141
1858 813
3465 2527
2210 3417
4423 476
416 3491
4269 1146
67 2491
4292 2060
3026 479
3533 1350
2804 356
3936 768
544 634
1109 4558
2801 2492
3156 2441
2355 2626
1091 4228
3390 800
2159 2849
1685 1063
985 1593
1641 2747
1111 3399
511 1424
1262 2550
2149 3546
1284 3486
1335 2842
4389 232
2187 3597
3215 114
4138 2212
3800 1107
1586 4051
3114 1522
1894 1189
4186 337
1611 1227
3998 1902
3042 5
502 4570
1570 2239
1060 1509
3129 488
4286 1596
2545 2715
4233 3913
1465 3169
654 4576
1479 186
1727 4040
371 350
1373 3900
1141 26
813 4611
2527 3668
3417 1117
476 457
3491 3973
1146 2731
2491 2022
2060 454
479 1110
1350 968
356 1250
768 795
634 3455
4558 3892
2492 3890
2441 2003
2626 742
4228 756
800 3259
2849 2489
1063 2755
1593 2358
2747 935
3399 1785
1424 3335
2550 1824
3546 3830
3486 2295
2842 4585
232 4005
3597 3098
114 3424
2212 3914
1107 1948
4051 3398
1522 1268
1189 623
337 4210
1227 354
1902 1690
5 4153
4570 3310
2239 4171
1509 953
488 683
1596 1357
2715 2304
3913 2947
3169 2939
4576 2274
186 2971
4040 3611
350 1454
3900 4596
26 679
4611 2952
3668 2222
1117 1217
457 1326
3973 651
2731 182
2022 4131
454 1485
1110 1985
968 2537
1250 1405
795 2201
3455 3670
3892 4028
3890 4379
2003 757
742 3453
756 1572
3259 592
2489 13
2755 3245
2358 1712
935 2439
1785 812
3335 829
1824 270
3830 866
2295 359
4585 2045
4005 2130
3098 121
3424 2074
3914 1752
1948 1753
3398 802
1268 908
623 193
4210 3346
354 4194
1690 2650
4153 1059
3310 2510
4171 521
953 4142
683 4456
1357 2453
2304 2651
2947 2040
2939 2155
2274 1453
2971 2876
3611 1916
1454 1050
4596 3798
679 804
2952 2418
2222 4291
1217 3051
1326 1929
651 3850
182 3841
4131 3149
1485 2969
1985 2636
2537 1377
1405 4089
2201 2718
3670 4011
4028 1119
4379 2838
757 3538
3453 4447
1572 1046
592 2682
13 2966
3245 3958
1712 3158
2439 3018
812 1863
829 2183
270 3304
866 650
359 1605
2045 4305
2130 2165
121 1247
2074 2569
1752 3698
1753 3904
802 1884
908 4540
193 4545
3346 145
4194 3700
2650 2150
1059 379
2510 3093
521 3975
4142 929
4456 3763
2453 3518
2651 177
2040 2118
2155 4008
1453 649
2876 1620
1916 1399
1050 760
3798 3508
804 2192
2418 4512
4291 1324
3051 4116
1929 170
3850 1279
3841 4531
3149 611
2969 3072
2636 4624
1377 4055
4089 3204
2718 979
4011 1175
1119 764
2838 4490
3538 718
4447 4327
1046 1986
2682 3388
2966 2600
3958 191
3158 2107
3018 2252
1863 666
2183 580
3304 101
650 2098
1605 1309
4305 3974
2165 3504
1247 1252
2569 1600
3698 3439
3904 1496
1884 4629
4540 3244
4545 2463
145 2229
3700 4267
2150 60
379 1477
3093 4487
3975 3648
929 460
3763 776
3518 3421
177 2800
2118 2921
4008 3329
649 9
1620 1915
1399 3602
760 1909
3508 4561
2192 3087
4512 286
1324 831
4116 1859
170 2497
1279 2563
4531 2406
611 3467
3072 2741
4624 1798
4055 603
3204 4500
979 944
1175 3344
764 423
4490 448
718 1989
4327 2474
1986 4475
3388 1172
2600 1169
191 3923
2107 4250
2252 1585
666 2084
580 2917
101 4460
2098 2874
1309 2586
3974 1735
3504 3397
1252 3607
1600 3440
3439 1631
1496 1021
4629 4163
3244 2602
2463 1293
2229 523
4267 501
60 2750
1477 229
4487 3823
3648 184
460 3610
776 429
3421 93
2800 1072
2921 803
3329 3106
9 3536
1915 848
3602 2096
1909 3640
4561 4452
3087 2172
286 4498
831 1674
1859 2991
2497 4159
2563 83
2406 3586
3467 2949
2741 1068
1798 3319
603 587
4500 3251
944 2399
3344 2791
423 1708
448 1365
1989 226
2474 3365
4475 2870
1172 3519
1169 2255
3923 2493
4250 227
1585 4468
2084 4079
2917 3109
4460 4175
2874 2496
2586 2588
1735 4491
3397 444
3607 239
3440 469
1631 3302
1021 3879
4163 687
2602 4378
1293 1882
523 281
501 312
2750 3378
229 833
3823 639
184 1696
3610 880
429 3575
93 1076
1072 3824
803 2775
3106 3902
3536 1878
848 4546
2096 3054
3640 2234
4452 1404
2172 1303
4498 1462
1674 2366
2991 963
4159 3438
83 4035
3586 2008
2949 1483
1068 2385
3319 1436
587 211
3251 3339
2399 4256
2791 4471
1708 2363
1365 2706
226 554
3365 1211
2870 2382
3519 2580
2255 482
2493 1581
227 3178
4468 1129
4079 3524
3109 4563
4175 1145
2496 2293
2588 3622
4491 2376
444 4472
239 3865
469 1204
3302 1283
3879 3458
687 4273
4378 1125
1882 344
281 3260
312 2386
3378 1656
833 673
639 51
1696 4091
880 3796
3575 657
1076 4565
3824 2468
2775 2879
3902 4551
1878 4238
4546 3867
3054 4457
2234 2010
1404 2356
1303 2761
1462 2226
2366 4555
963 390
3438 164
4035 3071
2008 4406
1483 3073
2385 4326
1436 3619
211 1566
3339 196
4256 1672
4471 1299
2363 362
2706 112
554 4266
1211 2554
2382 210
2580 2948
482 2124
1581 516
3178 3933
1129 4136
3524 1962
4563 3275
1145 1820
2293 4346
3622 2677
2376 2711
4472 1841
3865 2853
1204 355
1283 1573
3458 773
4273 2099
1125 1610
344 4251
3260 4185
2386 4205
1656 149
673 3750
51 2873
4091 4300
3796 3464
657 4575
4565 1352
2468 3367
2879 4347
4551 4342
4238 1532
3867 3010
4457 4071
2010 590
2356 2773
2761 2780
2226 1200
4555 3362
390 595
164 2674
3071 3705
4406 4128
3073 2968
4326 1395
3619 3214
1566 1455
196 3547
1672 3778
1299 4061
362 1673
112 3490
4266 294
2554 2021
210 1291
2948 283
2124 892
516 2617
3933 1730
4136 3449
1962 144
3275 884
1820 4541
4346 3783
2677 920
2711 99
1841 822
2853 2858
355 905
1573 4058
773 2369
2099 275
1610 25
4251 1174
4185 2122
4205 2988
149 3503
3750 4370
2873 2885
4300 3565
3464 3234
4575 808
1352 1678
3367 1423
4347 2845
4342 811
1532 2268
3010 567
4071 3182
590 4333
2773 499
2780 4393
1200 2481
3362 2721
595 3172
2674 3209
3705 61
4128 4483
2968 1998
1395 3961
3214 4614
1455 4480
3547 1523
3778 3032
4061 3797
1673 2207
3490 1633
294 3457
2021 1795
1291 3847
283 1276
892 2067
2617 3220
1730 409
3449 50
144 1640
884 3142
4541 1142
3783 1715
920 1018
99 3238
822 2640
2858 2247
905 1300
4058 245
2369 2816
275 3629
25 1698
1174 4618
2122 1642
2988 3846
3503 4358
4370 4513
2885 447
3565 2660
3234 1744
808 485
1678 3626
1423 2433
2845 132
811 415
2268 3679
567 71
3182 3285
4333 2091
499 360
4393 1865
2481 464
2721 1339
3172 1545
3209 763
61 879
4483 4332
1998 942
3961 1908
4614 2786
4480 1914
1523 628
3032 4547
3797 3232
2207 2227
1633 2818
3457 684
1795 4538
3847 183
1276 3325
2067 712
3220 3253
409 508
50 1827
1640 3528
3142 1382
1142 3313
1715 615
1018 3194
3238 3552
2640 3434
2247 3272
1300 4200
245 4428
2816 2294
3629 4405
1698 3248
4618 1920
1642 2973
3846 759
4358 1784
4513 3078
447 2620
2660 3776
1744 4041
485 4259
3626 1428
2433 2254
132 3827
415 2277
3679 1617
71 3740
3285 4065
2091 1177
360 106
1865 4026
464 3134
1339 1349
1545 4217
763 4609
879 345
4332 430
942 2018
1908 2007
2786 1658
1914 3718
628 793
4547 661
3232 2487
2227 4252
2818 1403
684 3982
4538 4044
183 1267
3325 168
712 4359
3253 4239
508 2855
1827 599
3528 3200
1382 3224
3313 548
615 1098
3194 282
3552 962
3434 2162
3272 1706
4200 1193
4428 4511
2294 4097
4405 1975
3248 3306
1920 1096
2973 2377
759 1823
1784 862
3078 2324
2620 156
3776 3420
4041 3077
4259 4451
1428 3135
2254 4578
3827 1067
2277 4521
1617 111
3740 954
4065 3349
1177 1108
106 1729
4026 2401
3134 3790
1349 4036
4217 3633
4609 2901
345 279
430 2567
2018 3377
2007 3139
1658 1361
3718 493
793 1710
661 3825
2487 3483
4252 1660
1403 78
3982 1520
4044 2944
1267 1661
168 1621
4359 2962
4239 3877
2855 3630
599 1471
3200 4476
3224 3053
548 421
1098 4125
282 1196
962 2204
2162 581
1706 2431
1193 1967
4511 2760
4097 3403
1975 1112
3306 1954
1096 2205
2377 2424
1823 4392
862 4411
2324 667
156 3645
3420 4173
3077 3694
4451 48
3135 2248
4578 1928
1067 704
4521 3632
111 1281
954 3498
3349 2444
1108 2250
1729 3910
2401 1099
3790 1380
4036 2854
3633 3880
2901 3027
279 3249
2567 2825
3377 2393
3139 135
1361 2395
493 1148
1710 3291
3825 4388
3483 3393
1660 4107
78 752
1520 4344
2944 1722
1661 2307
1621 1875
2962 885
3877 3567
3630 2777
1471 1871
4476 1970
3053 2789
421 1852
4125 692
1196 3970
2204 2724
581 1089
2431 2180
1967 835
2760 2657
3403 2206
1112 1222
1954 98
2205 3999
2424 3487
4392 290
4411 3761
667 3932
3645 4479
4173 2326
3694 2316
48 3264
2248 1608
1928 2291
704 3414
3632 612
1281 2438
3498 1055
2444 1298
2250 869
3910 2738
1099 3624
1380 2181
2854 3099
3880 1699
3027 1693
3249 2245
2825 730
2393 2967
135 3710
2395 4207
1148 94
3291 503
4388 2832
3393 1450
4107 734
752 1983
4344 3370
1722 4068
2307 3581
1875 1427
885 2120
3567 4123
2777 621
1871 3371
1970 2533
2789 3954
1852 299
692 1447
3970 2552
2724 2016
1089 668
2180 104
835 4535
2657 3995
2206 3534
1222 496
98 129
3999 3101
3487 2182
290 4181
3761 3269
3932 2601
4479 3064
2326 2186
2316 1414
3264 4354
1608 1290
2291 3787
3414 3047
612 1936
2438 4525
1055 853
1298 4197
869 4222
2738 3635
3624 2427
2181 3943
3099 109
1699 2687
1693 46
2245 451
730 4010
2967 591
3710 2955
4207 1304
94 1834
503 1905
2832 2556
1450 819
734 2868
1983 1953
3370 3563
4068 2867
3581 3374
1427 2202
2120 670
4123 2075
621 4550
3371 3001
2533 3406
3954 1259
299 2116
1447 3836
2552 431
2016 745
668 2502
104 4095
4535 986
3995 1599
3534 695
496 2053
129 2568
3101 4085
2182 3818
4181 1086
3269 4371
2601 4306
3064 1375
2186 2484
1414 3997
4354 2808
1290 2263
3787 2945
3047 887
1936 1019
4525 208
853 1625
4197 3280
4222 1548
3635 11
2427 2495
3943 16
109 3061
2687 249
46 1421
451 2352
4010 2157
591 69
2955 4386
1304 2558
1834 4579
1905 1432
2556 3489
819 4274
2868 306
1953 3348
3563 4632
2867 566
3374 1065
2202 3857
670 4170
2075 1162
4550 2864
3001 921
3406 1861
1259 445
2116 3789
3836 2154
431 2833
745 1022
2502 3254
4095 4299
986 3774
1599 4014
695 217
2053 1120
2568 3036
4085 2875
3818 4501
1086 1714
4371 3752
4306 4298
1375 2669
2484 2114
3997 2538
2808 63
2263 2422
2945 2574
887 3201
1019 3942
208 3951
1625 4062
3280 918
1548 110
11 874
2495 1256
16 1739
3061 3193
249 3748
1421 3284
2352 4321
2157 3432
69 244
4386 494
2558 1940
4579 2152
1432 4258
3489 3384
4274 1359
306 33
3348 4070
4632 3356
566 1408
1065 2139
3857 2167
4170 3279
1162 556
2864 2590
921 4426
1861 881
445 2685
3789 3782
2154 1594
2833 1756
1022 3187
3254 2265
4299 3931
3774 3815
4014 2195
217 4015
1120 1192
3036 289
2875 1292
4501 4206
1714 76
3752 3677
4298 2513
2669 209
2114 2080
2538 3590
63 561
2422 2625
2574 3016
3201 850
3942 1663
3951 1235
4062 3435
918 1963
110 2856
874 3219
1256 3559
1739 2042
3193 2667
3748 116
3284 579
4321 4057
3432 1185
244 711
494 3712
1940 3650
2152 1164
4258 4158
3384 2397
1359 1839
33 1024
4070 3002
3356 3415
1408 4430
2139 1996
2167 1629
3279 4636
556 3354
2590 4135
4426 2759
881 2048
2685 3839
3782 2970
1594 917
1756 1492
3187 1978
2265 3430
3931 4212
3815 163
2195 297
4015 130
1192 3596
289 2572
1292 3922
4206 3883
76 888
3677 665
2513 724
209 2521
2080 1979
3590 1870
561 3240
2625 3708
3016 2938
850 1343
1663 470
1235 2519
3435 4323
1963 4477
2856 2147
3219 807
3559 3941
2042 3223
2667 456
116 3443
579 2233
4057 3522
1185 3257
711 2383
3712 698
3650 18
1164 2342
4158 1874
2397 4004
1839 1354
1024 3500
3002 901
3415 3352
4430 4395
1996 2253
1629 3117
4636 3263
3354 481
4135 4368
2759 3903
2048 2361
3839 4270
2970 58
917 1010
1492 1943
1978 3609
3430 1614
4212 3866
163 720
297 903
130 4314
3596 2829
2572 931
3922 1366
3883 2259
888 1976
665 3364
724 2886
2521 1187
1979 3167
1870 1387
3240 1295
3708 569
2938 1186
1343 854
470 1226
2519 2535
4323 3829
4477 1054
2147 2576
807 285
3941 980
3223 1000
456 3197
3443 1592
2233 781
3522 4271
3257 1751
2383 3468
698 123
18 3739
2342 3738
1874 4517
4004 192
1354 242
3500 492
901 3861
3352 729
4395 4602
2253 1088
3117 146
3263 701
481 2900
4368 3294
3903 1775
2361 1804
4270 584
58 2076
1010 2872
1943 1877
3609 1747
1614 969
3866 904
720 153
903 4031
4314 3011
2829 3810
931 1836
1366 565
2259 1923
1976 4407
3364 2449
2886 1972
1187 24
3167 31
1387 3675
1295 1988
569 325
1186 2177
854 3928
1226 2820
2535 4253
3829 2891
1054 1773
2576 2903
285 3614
980 1643
1000 1700
3197 235
1592 1977
781 2998
4271 4549
1751 4094
3468 607
123 180
3739 3012
3738 2219
4517 4620
192 4520
242 4176
492 3287
3861 1544
729 3333
4602 1325
1088 118
146 1810
701 2073
2900 2228
3294 604
1775 1541
1804 834
584 609
2076 1277
2872 2532
1877 3666
1747 2273
969 3308
904 2985
153 2994
4031 3541
3011 2683
3810 2725
1836 961
565 491
1923 2488
4407 2278
2449 990
1972 3068
24 199
31 3022
3675 2282
1988 3697
325 3121
2177 3025
3928 1456
2820 4631
4253 3803
2891 865
1773 2930
2903 4328
3614 251
1643 3368
1700 3411
235 277
1977 2112
2998 483
4549 2627
4094 1221
607 1308
180 2103
3012 2798
2219 2624
4620 824
4520 2435
4176 1155
3287 3497
1544 1783
3333 1786
1325 1688
118 574
1810 4029
2073 2579
2228 3719
604 175
1541 1225
834 2609
609 3428
1277 1470
2532 2317
3666 4597
2273 372
3308 1950
2985 790
2994 3383
3541 3762
2683 1917
2725 3235
961 2063
491 65
2488 2217
2278 2882
990 497
3068 1437
199 2526
3022 2328
2282 2476
3697 728
3121 1369
3025 1898
1456 2696
4631 3606
3803 269
865 1301
2930 1027
4328 422
251 2214
3368 2105
3411 3854
277 4145
2112 2014
483 1415
2627 103
1221 3520
1308 176
2103 1867
2798 2032
2624 2381
824 519
2435 2030
1155 1701
3497 1170
1783 877
1786 2029
1688 539
574 382
4029 3516
2579 2106
3719 3680
175 1482
1225 455
2609 2824
3428 1002
1470 732
2317 2708
4597 3186
372 4255
1950 1887
790 2198
3383 4553
3762 1939
1917 1826
3235 2661
2063 816
65 2132
2217 1234
2882 3929
497 2213
1437 3133
2526 3878
2328 3591
2476 1528
728 4435
1369 3733
1898 1317
2696 927
3606 3321
269 588
1301 1028
1027 4334
422 1974
2214 291
2105 3912
3854 872
4145 4601
2014 230
1415 4203
103 589
3520 2528
176 1850
1867 3462
2032 1653
2381 327
519 2616
2030 4542
1701 2799
1170 2285
877 233
2029 788
539 1846
382 3965
3516 3515
2106 2736
3680 2913
1482 2607
455 3507
2824 4160
1002 2919
732 1057
2708 702
3186 2027
4255 3690
1887 1263
2198 1392
4553 2645
1939 1393
1826 3113
2661 859
816 1669
2132 1741
1234 4081
3929 3144
2213 2892
3133 468
3878 1742
3591 2241
1528 1042
4435 1681
3733 899
1317 3662
927 3935
3321 3966
588 1668
1028 4581
4334 690
1974 3876
291 3843
3912 4544
872 3309
4601 2153
230 2564
4203 295
589 3737
2528 3454
1850 659
3462 2131
1653 1559
327 1990
2616 1449
4542 798
2799 137
2285 3382
233 2960
788 319
1846 484
3965 335
3515 2458
2736 1542
2913 2678
2607 3230
3507 2765
4160 4336
2919 999
1057 3481
702 278
2027 3781
3690 2637
1263 546
1392 4130
2645 4432
1393 3222
3113 401
859 1047
1669 2596
1741 3243
4081 958
3144 1609
2892 1270
468 218
1742 1140
2241 3979
1042 2102
1681 3451
899 3627
3662 1890
3935 3056
3966 1760
1668 2925
4581 3295
690 2641
3876 4268
3843 427
4544 3770
3309 2814
2153 2729
2564 4137
295 3336
3737 3514
3454 970
659 3441
2131 705
1559 2292
1990 2389
1449 4257
798 190
137 1371
3382 4382
2960 280
319 1694
484 2500
335 3312
2458 2465
1542 3779
2678 4523
3230 1560
2765 3840
4336 4067
999 1105
3481 1502
278 2841
3781 725
2637 2927
546 1484
4130 629
4432 2224
3222 4482
401 1960
1047 3075
2596 3671
3243 1720
958 981
1609 2806
1270 2720
218 2144
1140 4532
3979 3908
2102 1341
3451 3127
3627 3566
1890 633
3056 577
1760 680
2925 2807
3295 2965
2641 4421
4268 292
427 1255
3770 2737
2814 1051
2729 2280
4137 4341
3336 1892
3514 3195
970 2357
3441 4088
705 1684
2292 2946
2389 3212
4257 4121
190 4573
1371 1583
4382 3545
280 159
1694 984
2500 618
3312 4265
2465 1305
3779 2017
4523 201
1560 857
3840 35
4067 2810
1105 1648
1502 3744
2841 1584
725 878
2927 317
1484 2137
629 2193
2224 1821
4482 3363
1960 2119
3075 4372
3671 2302
1720 3573
981 4037
2806 3983
2720 3548
2144 4418
4532 3034
3908 947
1341 1956
3127 62
3566 4112
633 2469
577 4633
680 3074
2807 3080
2965 1535
4421 2462
292 3664
1255 1746
2737 4439
1051 1251
2280 3330
4341 1056
1892 3086
3195 3856
2357 1833
4088 1809
1684 1603
2946 3128
3212 4189
4121 2398
4573 4019
1583 3717
3545 945
159 1066
984 2264
618 1624
4265 4440
1305 40
2017 1336
201 1073
857 2840
35 2911
2810 1844
1648 2525
3744 939
1584 3580
878 2000
317 842
2137 4634
2193 564
1821 3396
3363 466
2119 1788
4372 2770
2302 1121
3573 2178
4037 1094
3983 1671
3548 2865
4418 3303
3034 1116
947 515
1956 1973
62 4218
4112 646
2469 4425
4633 3180
3074 3560
3080 4050
1535 1615
2462 3909
3664 2402
1746 3049
4439 967
1251 3150
3330 4568
1056 3780
3086 4443
3856 4408
1833 2447
1809 4622
1603 2335
3128 770
4189 2015
2398 2146
4019 3756
3717 1085
945 380
1066 2320
2264 2831
1624 478
4440 224
40 2619
1336 2020
1073 4155
2840 346
2911 3041
1844 4127
2525 489
939 3083
3580 4020
2000 3956
842 2140
4634 1982
564 597
3396 3990
466 2332
1788 3059
2770 3785
1121 2830
2178 2133
1094 506
1671 1137
2865 197
3303 2906
1116 3111
515 3207
1973 787
4218 4133
646 1525
4425 747
3180 1582
3560 1315
4050 743
1615 3493
3909 1048
2402 1231
3049 3957
967 4560
3150 3924
4568 4615
3780 3143
4443 3665
4408 2727
2447 2604
4622 2987
2335 2340
770 2578
2015 2732
2146 3968
3756 1215
1085 471
380 3653
2320 4017
2831 3315
478 66
224 3765
2619 658
2020 3937
4155 1274
346 2191
3041 1092
4127 4419
489 1032
3083 1803
4020 1016
3956 1106
2140 2171
1982 3981
597 1069
3990 2115
2332 2827
3059 2023
3785 2763
2830 1468
2133 1856
506 3730
1137 1266
197 75
2906 3807
3111 871
3207 3226
787 343
4133 2648
1525 2410
747 2455
1582 157
1315 4001
743 4066
3493 1310
1048 3416
1231 2485
3957 4
4560 754
3924 4096
4615 3081
3143 4433
3665 1083
2727 1062
2604 4263
2987 993
2340 910
2578 3351
2732 1345
3968 3642
1215 438
471 4343
3653 298
4017 4429
3315 902
66 3446
3765 2464
658 2033
3937 178
1274 3584
2191 3848
1092 3445
4419 891
1032 1790
1803 3343
1016 1254
1106 4516
2171 545
3981 952
1069 3804
2115 4608
2827 2044
2023 3887
2763 1997
1468 1840
1856 3345
3730 2630
1266 3030
75 3691
3807 946
871 613
3226 562
343 2281
2648 1855
2410 3095
2455 3729
157 2456
4001 1766
4066 1378
1310 706
3416 4183
2485 1695
4 4416
754 82
4096 189
3081 4588
4433 80
1083 4505
1062 2378
4263 341
993 4380
910 2310
3351 321
1345 4375
3642 1713
438 4090
4343 3894
298 4356
4429 4177
902 1489
3446 1995
2464 4474
2033 287
178 1981
3584 1282
3848 1441
3445 119
891 3408
1790 3255
3343 102
1254 4234
4516 1721
545 951
952 392
3804 863
4608 4548
2044 4526
3887 1144
1997 535
1840 2343
3345 3190
2630 3334
3030 4352
3691 399
946 2034
613 1705
562 2608
2281 4144
1855 685
3095 3029
3729 2877
2456 304
1766 1778
1378 377
706 2161
4183 3003
1695 2308
4416 424
82 726
189 452
4588 2337
80 4248
4505 4331
2378 1670
341 2557
4380 3685
2310 439
321 1058
4375 4348
1713 361
4090 1150
3894 3672
4356 1818
4177 3764
1489 4164
1995 2896
4474 2244
287 2819
1981 4141
1282 412
1441 2817
119 2803
3408 1228
3255 2362
102 2666
4234 3136
1721 2163
951 3429
392 265
863 4232
4548 1644
4526 626
1144 2655
535 2522
2343 1618
3190 384
3334 3119
4352 3833
399 4115
2034 1104
1705 1919
2608 1762
4144 1628
685 3475
3029 3985
2877 2767
304 896
1778 2405
377 1487
2161 1419
3003 353
2308 4224
424 3696
726 2639
452 2646
2337 4293
4248 2884
4331 1848
1670 1238
2557 1269
3685 435
439 84
1058 3024
4348 2127
361 1420
1150 2628
3672 4225
1818 3915
3764 34
4164 3096
2896 1183
2244 3097
2819 3938
4141 1031
412 2776
2817 2085
2803 605
1228 2688
2362 3686
2666 1626
3136 913
2163 2904
3429 4385
265 2082
4232 2005
1644 2173
626 2850
2655 2999
2522 3512
1618 486
384 1167
3119 1873
3833 1777
4115 893
1104 2423
1919 4003
1762 1966
1628 142
3475 15
3985 4467
2767 608
896 3784
2405 2330
1487 4052
1419 1356
353 4235
4224 2064
3696 1543
2639 536
2646 534
4293 4018
2884 2184
1848 3252
1238 1513
1269 2126
435 4383
84 2300
3024 3039
2127 2325
1420 3038
2628 4450
4225 432
3915 2638
34 2279
3096 313
1183 1883
3097 236
3938 1397
1031 2979
2776 441
2085 1077
605 1636
2688 3759
3686 440
1626 43
913 68
2904 3651
4385 2684
2082 3918
2005 678
2173 1763
2850 3647
2999 3437
3512 4391
486 4060
1167 572
1873 2225
1777 713
893 1749
2423 4315
4003 39
1966 2428
142 995
15 3157
4467 3540
608 1569
3784 2543
2330 1589
4052 3401
1356 674
4235 3199
2064 2950
1543 2174
536 213
534 3858
4018 4038
2184 3116
3252 3474
1513 3005
2126 1401
4383 3920
2300 2235
3039 4221
2325 1191
3038 2134
4450 1866
432 3940
2638 3389
2279 59
313 3693
1883 994
236 4134
1397 1679
2979 2156
441 1015
1077 449
1636 1132
3759 2440
440 2318
43 4322
68 2914
3651 3872
2684 2954
3918 4180
678 138
1763 1201
3647 2782
3437 2883
4391 4543
4060 3656
572 4537
2225 2753
713 762
1749 2037
4315 3523
39 1800
2428 4488
995 3177
3157 1999
3540 1045
1569 2796
2543 2893
1589 3331
3401 262
674 2961
3199 3015
2950 2695
2174 1264
213 4409
3858 610
4038 2662
3116 4492
3474 47
3005 576
1401 1814
3920 2442
2235 2306
4221 2371
1191 4459
2134 3213
1866 2561
3940 2839
3389 2188
59 1157
3693 1039
994 406
4134 1622
1679 571
2156 4279
1015 3418
449 3008
1132 844
2440 4453
2318 2372
4322 2673
2914 194
3872 3906
2954 3714
4180 1385
138 3020
1201 267
2782 274
2883 1188
4543 2196
3656 272
4537 948
2753 4449
762 3058
2037 301
3523 1832
1800 3045
4488 3634
3177 4509
1999 4301
1045 1533
2796 2848
2893 1655
3331 2851
262 1838
2961 2071
3015 3513
2695 2571
1264 1038
4409 2928
610 3089
2662 3844
4492 320
47 2110
576 1389
1814 3286
2442 972
2306 3423
2371 1563
4459 3450
3213 3669
2561 3262
2839 809
2188 2104
1157 2871
1039 140
406 3994
1622 147
571 2869
4279 2623
3418 250
3008 1138
844 3065
4453 3551
2372 4617
2673 2593
194 586
3906 1370
3714 1649
1385 1554
3020 4485
267 4444
274 3663
1188 1806
2196 1829
272 2058
948 4398
4449 2258
3058 1857
301 108
1832 3298
3045 3743
3634 1994
4509 1822
4301 2039
1533 3925
2848 4438
1655 846
2851 2983
1838 77
2071 2329
3513 1379
2571 195
1038 1765
2928 311
3089 2733
3844 2612
320 3849
2110 2350
1389 2698
3286 4600
972 3562
3423 3570
1563 614
3450 1951
3669 1153
3262 3509
809 2242
2104 2108
2871 1205
140 4166
3994 3069
147 2312
2869 1565
2623 293
250 220
1138 4583
3065 3413
3551 2594
4617 388
2593 3247
586 4174
1370 578
1649 1912
1554 3947
4485 3400
4444 2179
3663 3526
1806 3529
1829 537
2058 3542
4398 4260
2258 4303
1857 3583
108 4109
3298 2863
3743 2671
1994 4337
1822 1831
2039 1910
3925 4401
4438 1166
846 3427
2983 4168
77 520
2329 1040
1379 2232
195 2092
1765 1334
311 1697
2733 3085
2612 529
3849 3819
2350 2189
2698 1787
4600 2049
3562 2676
3570 624
614 700
1951 3736
1153 772
3509 1036
2242 3100
2108 1933
1205 214
4166 3888
3069 300
2312 4184
1565 717
293 1562
220 4208
4583 2664
3413 660
2594 3673
388 4522
3247 2148
4174 1384
578 1687
1912 1517
3947 1422
3400 338
2179 3171
3526 2286
3529 4099
537 1801
3542 3899
4260 2924
4303 2472
3583 3564
4109 4330
2863 1353
2671 669
4337 117
1831 1364
1910 2314
4401 3585
1166 1053
3427 1383
4168 2912
520 974
1040 2784
2232 547
2092 4249
1334 2494
1697 4187
3085 2466
529 2266
3819 3340
2189 1503
1787 1591
2049 2417
2676 622
624 3426
700 940
3736 3874
772 937
1036 2584
3100 2507
1933 1431
214 3709
3888 204
300 302
4184 2384
717 3123
1562 1093
4208 473
2664 2467
660 3598
3673 617
4522 3289
2148 3322
1384 4494
1687 2686
1517 806
1422 1500
338 894
3171 1008
2286 2878
4099 1355
1801 1891
3899 641
2924 4335
2472 1012
3564 3772
4330 890
1353 2272
669 2001
117 3660
1364 4148
2314 1957
3585 782
1053 4190
1383 3394
2912 1717
974 4209
2784 4374
547 4231
4249 1726
2494 1606
4187 1194
2466 3084
2266 1461
3340 1512
1503 2437
1591 3265
2417 596
622 2297
3426 663
940 127
3874 2964
937 3746
2584 1574
2507 4152
1431 3600
3709 1918
204 973
302 3125
2384 916
3123 4619
1093 4357
473 3472
2467 1516
3598 4069
617 827
3289 2861
3322 733
4494 238
2686 400
806 3031
1500 1689
894 4139
1008 2457
2878 643
1355 373
1891 3554
641 3168
4335 1026
1012 3395
3772 3470
890 92
2272 771
2001 4339
3660 3615
4148 895
1957 246
782 2323
4190 533
3394 2170
1717 2094
4209 676
4374 568
4231 1659
1726 453
1606 1134
1194 3539
3084 4329
1461 134
1512 3046
2437 3851
3265 2605
596 3246
2297 1602
663 3293
127 4533
2964 2480
3746 3327
1574 746
4152 1551
3600 3885
1918 4360
973 2256
3125 4307
916 4113
4619 3447
4357 2185
3472 3767
1516 2549
4069 2024
827 2375
2861 2689
733 964
238 89
400 4030
3031 2940
1689 3944
4139 761
2457 2643
643 3881
373 4054
3554 791
3168 2199
1026 3511
3395 136
3470 3725
92 1880
771 4032
4339 3184
3615 3282
895 124
246 2781
2323 3555
533 1750
2170 4220
2094 4571
676 383
568 2672
1659 4593
453 1372
1134 3972
3539 3735
4329 2351
134 505
3046 4616
3851 3543
2605 2933
3246 1794
1602 1922
3293 3852
4533 3530
2480 3955
3327 3320
746 1738
1551 3316
3885 2599
4360 4607
2256 3895
4307 155
4113 4311
3447 926
2185 2565
3767 4043
2549 2710
2024 1313
2375 4110
2689 4237
964 4559
89 1793
4030 2490
2940 4626
3944 2506
761 3643
2643 4595
3881 957
4054 765
791 1440
2199 4486
3511 2764
136 3537
3725 983
1880 2168
4032 3506
3184 582
3282 1013
124 3898
2781 3893
3555 3792
1750 2338
4220 1969
4571 839
383 2615
2672 3369
4593 1213
1372 2508
3972 3221
3735 1253
2351 450
505 1782
4616 3337
3543 510
2933 463
1794 4195
1922 1796
3852 393
3530 2289
3955 2334
3320 3159
1738 3868
3316 3499
2599 855
4607 3033
3895 1476
155 655
4311 2413
926 1147
2565 3579
4043 166
2710 786
1313 3875
4110 1724
4237 996
4559 2951
1793 4213
2490 339
4626 1495
2506 1526
3643 1946
4595 2211
957 2151
765 2038
1440 2011
4486 3057
2764 3433
3537 2907
983 2929
2168 1716
3506 3628
582 1935
1013 1547
3898 1017
3893 1780
3792 4317
2338 1430
1969 1830
839 3131
2615 4082
3369 258
1213 2828
2508 2634
3221 978
1253 4188
450 620
1782 3612
3337 2541
510 309
463 2713
4195 966
1796 2138
393 4415
2289 814
2334 417
3159 474
3868 219
3499 1041
855 3687
3033 1899
1476 495
655 2752
2413 1152
1147 1577
3579 677
166 3444
786 467
3875 1984
1724 2697
996 1260
2951 801
4213 1149
339 2756
1495 1322
1526 3297
1946 2079
2211 3161
2151 477
2038 17
2011 799
3057 2260
3433 222
2907 4465
2929 517
1716 391
3628 4324
1935 714
1547 3183
1017 3436
1780 2975
4317 2109
1430 4606
1830 1896
3131 3720
4082 3699
258 3166
2828 4016
2634 1942
978 57
4188 1885
620 1828
3612 2349
2541 2795
309 2379
2713 744
966 2313
2138 2392
4415 977
814 3488
417 198
474 237
219 2059
1041 619
3687 557
1899 1761
495 4281
2752 81
1152 3795
1577 1580
677 3886
3444 1340
467 3141
1984 2654
2697 851
1260 1363
801 2788
1149 694
2756 930
1322 4287
3297 1130
2079 1209
3161 3896
477 1732
17 150
799 2531
2260 538
222 3155
4465 4282
517 2709
391 413
4324 3732
714 563
3183 4481
3436 3863
2975 1034
2109 115
4606 4284
1896 3105
3720 4350
3699 167
3166 2888
4016 3250
1942 1568
57 1402
1885 2547
1828 2051
2349 1075
2795 897
2379 3674
744 2587
2313 3
2392 247
977 187
3488 2778
198 2215
237 1151
2059 1731
619 2197
557 837
1761 550
4281 2046
81 915
3795 1224
1580 4455
3886 3314
1340 3328
3141 2633
2654 1811
851 3448
1363 2859
2788 3683
694 1082
930 2430
4287 2894
1130 3217
1209 3242
3896 1549
1732 1412
150 2815
2531 2026
538 1394
3155 4514
4282 1156
2709 531
413 1881
3732 4403
563 1758
4481 3160
3863 1296
1034 1964
115 1737
4284 3613
3105 3510
4350 4261
167 785
2888 1161
3250 1767
1568 2559
1402 933
2547 411
2051 4506
1075 1965
897 3044
3674 3993
2587 1759
3 1488
247 3163
187 549
2778 3667
2215 2722
1151 2582
1731 4084
2197 1682
837 2473
550 1481
2046 2002
915 2844
1224 3048
4455 1651
3314 923
3328 2932
2633 3871
1811 1245
3448 4002
2859 675
3683 4192
1082 4441
2430 3654
2894 3021
3217 3971
3242 960
1549 2498
1412 2408
2815 37
2026 852
1394 3638
4514 131
1156 20
531 3991
1881 4199
4403 260
1758 271
3160 2629
1296 1764
1964 2050
1737 2374
3613 3859
3510 1464
4261 3070
785 2958
1161 42
1767 1413
2559 3296
933 1711
411 3332
4506 1817
1965 1925
3044 4410
3993 1218
1759 73
1488 3992
3163 1854
549 1049
3667 1029
2722 55
2582 1900
4084 3706
1682 1418
2473 3988
1481 1135
2002 3657
2844 2699
3048 4529
1651 2978
923 2659
2932 2701
3871 1342
1245 2614
4002 818
675 2618
4192 4308
4441 3742
3654 836
3021 1459
3971 2592
960 1360
2498 1680
2408 512
37 4304
852 1005
3638 4628
131 3173
20 2404
3991 741
4199 3713
260 1949
271 4484
2629 3808
1764 1779
2050 2504
2374 1507
3859 398
1464 4366
3070 2866
2958 656
42 3816
1413 1944
3296 1849
1711 4589
3332 4316
1817 3716
1925 2311
4410 2346
1218 332
73 4394
3992 1381
1854 1280
1049 2897
1029 2909
55 630
1900 1959
3706 1947
1418 4458
3988 4226
1135 2910
3657 3962
2699 709
4529 1613
2978 2365
2659 2143
2701 943
1342 919
2614 1165
818 1103
2618 723
4308 1815
3742 3052
836 849
1459 1664
2592 1451
1360 3649
1680 403
512 1346
4304 1961
1005 4264
4628 96
3173 205
2404 4122
741 1781
3713 2923
1949 4211
4484 774
3808 4610
1779 1037
2504 2857
1507 370
398 2977
4366 4236
2866 95
656 4361
3816 4493
1944 30
1849 1207
4589 1001
4316 3152
3716 2956
2311 2100
2346 2762
332 2826
4394 3907
1381 3192
1280 4092
2897 324
2909 3013
630 2057
1959 2436
1947 4294
4458 1168
4226 2739
2910 664
3962 1637
709 3460
1613 3191
2365 3094
2143 4120
943 4117
919 3572
1165 56
1103 241
723 672
1815 1128
3052 2257
849 2482
1664 1597
1451 243
3649 4129
403 3225
1346 1703
1961 2066
4264 420
96 681
205 1406
4122 4605
1781 2603
2923 1287
4211 3625
774 1206
4610 2262
1037 868
2857 3372
370 3103
2977 2797
4236 202
95 2986
4361 823
4493 1391
30 1647
1207 1913
1001 87
3152 2503
2956 4527
2100 357
2762 3911
2826 4497
3907 2052
3192 600
4092 900
324 1429
3013 1675
2057 2364
2436 1133
4294 2445
1168 2203
2739 4215
664 158
1637 1709
3460 2702
3191 736
3094 1768
4120 1498
4117 4437
3572 783
56 85
241 3753
672 2837
1128 3471
2257 1444
2482 784
1597 3989
243 1845
4129 738
3225 1895
1703 3599
2066 527
420 832
681 2700
1406 2220
4605 3617
2603 91
1287 2243
3625 4320
1206 3419
2262 3231
868 472
3372 1289
3103 1770
2797 3620
202 3728
2986 2728
823 2889
1391 2745
1647 4594
1913 3945
87 4345
2503 4157
4527 3726
357 434
3911 950
4497 3318
2052 2934
600 4100
900 3745
1429 1320
1675 3556
2364 2367
1133 2078
2445 2303
2203 4496
4215 1074
158 1504
1709 4363
2702 1598
736 1971
1768 2694
1498 1755
4437 3618
783 3791
85 4296
3753 2942
2837 2409
3471 2200
1444 1203
784 2726
3989 3276
1845 4470
738 3549
1895 1748
3599 2534
527 3130
832 1530
2700 4156
2220 207
3617 3688
91 593
2243 1272
4320 3115
3419 1139
3231 3727
472 731
1289 976
1770 971
3620 4562
3728 4515
2728 1195
2889 1466
2745 2240
4594 1473
3945 3028
4345 932
4157 1035
3726 3631
434 1691
950 716
3318 1386
2934 4161
4100 4510
3745 3561
1320 74
3556 1425
2367 2012
2078 1835
2303 4275
4496 3603
1074 3553
1504 1564
4363 3768
1598 2766
1971 2412
2694 3480
1755 1632
3618 1719
3791 708
4296 4023
2942 2611
2409 3452
2200 737
1203 3901
2726 2754
3276 1558
4470 1508
3549 2705
1748 86
2534 2990
3130 1323
1530 1071
4156 1467
207 635
3688 2083
593 122
1272 1991
3115 4489
1139 3855
3727 886
731 1546
976 2862
971 3202
4562 1316
4515 625
1195 525
1466 1825
2240 2679
1473 1258
3028 1457
932 1993
1035 4087
3631 1236
1691 3950
716 924
1386 1527
4161 410
4510 3977
3561 1692
74 443
1425 988
2012 1460
1835 4604
4275 522
3603 3151
3553 3236
1564 3897
3768 691
2766 1294
2412 2415
3480 1745
1632 1843
1719 1070
708 769
4023 2176
2611 3757
3452 3198
737 2621
3901 305
2754 4613
1558 266
1508 2511
2705 936
86 2460
2990 4042
1323 4201
1071 3636
1467 4564
635 1312
2083 1180
122 1438
1991 4400
4489 296
3855 1497
886 4569
1546 4083
2862 2471
3202 3505
1316 4262
625 79
525 1634
1825 2216
2679 606
1258 1321
1457 4499
1993 4552
4087 845
1236 2691
3950 2743
924 4591
1527 2802
410 3137
3977 735
1692 4399
443 956
988 389
1460 3482
4604 616
522 4033
3151 2995
3236 4285
3897 1202
691 4049
1294 1927
2415 185
1745 1318
1843 2056
1070 1178
769 1797
2176 1328
3757 1242
3198 2585
2621 2536
305 2450
4613 3301
266 1789
2511 1769
936 3317
2460 1080
4042 2790
4201 2957
3636 2416
4564 858
1312 3196
1180 3060
1438 647
4400 1837
296 1240
1497 3181
4569 530
4083 2426
2471 4590
3505 1333
4262 4536
79 2284
1634 1302
2216 329
606 1311
1321 4448
4499 4124
4552 4146
845 1006
2691 169
2743 1911
4591 1676
2802 2380
3137 4290
735 1665
4399 558
956 2707
389 347
3482 4623
616 3326
4033 2501
2995 1233
4285 3775
1202 3379
4049 3535
1927 1757
185 2345
1318 601
2056 2649
1178 1590
1797 1398
1328 3517
1242 1337
2585 4295
2536 2717
2450 428
3301 3392
1789 3082
1769 2936
3317 2748
1080 1347
2790 1358
2957 4193
2416 1243
858 2028
3196 828
3060 4105
647 4362
1837 928
1240 750
3181 4503
530 1952
2426 12
4590 847
1333 3715
4536 4240
2284 3410
1302 1416
329 3484
1311 3769
4448 2976
4124 631
4146 3138
1006 1650
169 1612
1911 2081
1676 4272
2380 2251
4290 4053
1665 3689
558 2142
2707 1941
347 1893
4623 2461
3326 3760
2501 826
1233 2922
3775 3777
3379 1173
3535 1805
1757 4508
2345 2843
601 638
2649 1536
1590 2370
1398 3495
3517 1901
1337 640
4295 794
2717 3405
428 3676
3392 323
3082 2070
2936 1009
2748 1061
1347 4462
1358 1003
4193 3267
1243 1163
2028 2821
828 3544
4105 3678
4362 2359
928 3817
750 1123
4503 1127
1952 3682
12 2591
847 1101
3715 276
4240 53
3410 2301
1416 3722
3484 4387
3769 4319
2976 934
631 1434
3138 959
1650 3361
1612 4098
2081 3860
4272 1955
2251 2019
4053 458
3689 1390
2142 2344
1941 4277
1893 2992
2461 843
3760 1330
826 938
2922 3278
3777 3107
1173 45
1805 707
4508 368
2843 1241
638 252
1536 2006
2370 3469
3495 3373
1901 2475
640 4280
794 4519
3405 2993
3676 3311
323 4528
2070 2981
1009 689
1061 1879
4462 1023
1003 1176
3267 3007
1163 3019
2821 4349
3544 3734
3678 4313
2359 1734
3817 2905
1123 1199
1127 2581
3682 348
2591 3501
1101 2566
276 4241
53 2787
2301 1160
3722 54
4387 433
4319 830
934 1232
1434 2813
959 3092
3361 3711
4098 552
3860 1239
1955 1740
2019 1860
458 1627
1390 4469
2344 2779
4277 3589
2992 825
843 841
1330 2902
938 3425
3278 442
3107 404
45 688
707 3661
368 330
1241 216
252 2887
2006 3270
3469 2723
3373 1718
2475 407
4280 2530
4519 860
2993 1124
3311 1499
4528 2128
2981 4219
689 3921
1879 2354
1023 1020
1176 3963
3007 2516
3019 4518
4349 3593
3734 648
4313 914
1734 3969
2905 369
1199 1122
2581 4302
348 303
3501 1587
2566 1776
4241 1084
2787 1261
1160 703
54 2135
433 2448
830 2249
1232 3261
2813 3229
3092 4076
3711 992
552 1667
1239 1926
1740 1707
1860 528
1627 4223
4469 4080
2779 758
3589 653
825 4635
841 2283
2902 4143
3425 1553
442 4022
404 263
688 374
3661 2551
330 2598
216 3412
2887 52
3270 2479
2723 4034
1718 2589
407 1510
2530 2529
860 90
1124 1448
1499 4254
2128 352
4219 3162
3921 2772
2354 2290
1020 3108
3963 1100
2516 6
4518 2432
3593 514
648 1869
914 4178
3969 151
369 1847
1122 2953
4302 1126
303 1774
1587 2809
1776 3079
1084 3409
1261 172
703 1654
2135 907
2448 3939
2249 2454
3261 965
3229 532
4076 1538
992 975
1667 1367
1926 1087
1707 22
528 1638
4223 1329
4080 1932
758 2835
653 821
4635 2680
2283 3967
4143 4390
1553 3147
4022 3835
263 3067
374 1728
2551 1552
2598 1889
3412 3211
52 1524
2479 2421
4034 3281
2589 2368
1510 4111
2529 540
90 1813
1448 4012
4254 2505
352 2570
3162 3587
2772 1246
2290 1443
3108 1704
1100 2089
6 2740
2432 4584
514 4024
1869 125
4178 997
151 3402
1847 912
2953 1411
1126 365
1774 2793
2809 1131
3079 1864
3409 727
172 1931
1654 3755
907 3342
3939 4478
2454 2470
965 3704
532 402
1538 2068
975 3814
1367 1285
1087 3208
22 3341
1638 3305
1329 4006
1932 3358
2835 2237
821 342
2680 3655
3967 3571
4390 3684
3147 1514
3835 4351
3067 4045
1728 1646
1552 2606
1889 3884
3211 2035
1524 3256
2421 3926
3281 4191
2368 3845
4111 2390
540 1014
1813 4027
4012 2111
2505 767
2570 1623
3587 1480
1246 627
1443 395
1704 4402
2089 141
2740 2658
4584 2642
4024 3237
125 1557
997 1733
3402 864
912 3009
1411 883
365 375
2793 264
1131 2560
1864 1307
727 2055
1931 1588
3755 1501
3342 3820
4478 3164
2470 181
3704 1657
402 2400
2068 991
3814 314
1285 2305
3208 3380
3341 1490
3305 3292
4006 3110
3358 2287
2237 4309
342 2077
3655 465
3571 2004
3684 2061
1514 751
4351 2632
4045 2125
1646 2577
2606 4172
3884 1630
2035 4524
3256 100
3926 1992
4191 3271
3845 3934
2390 3205
1014 2514
4027 165
2111 3822
767 3870
1623 1409
1480 2141
627 3485
395 710
4402 3355
141 2036
2658 4007
2642 4556
3237 2742
1557 2631
1733 1556
864 3206
3009 105
883 4140
375 2136
264 2271
2560 2270
1307 2261
2055 1519
1588 1555
1501 1930
3820 1265
3164 3323
181 2523
1657 3350
2400 3148
991 179
314 487
2305 2692
3380 4574
1490 2339
3292 38
3110 4289
2287 1400
4309 2653
2077 1812
465 3478
2004 1772
2061 160
751 3930
2632 2719
2125 1208
2577 1493
4172 4420
1630 1876
4524 2785
100 3569
1992 2169
3271 1064
3934 3210
3205 3288
2514 4310
165 1181
3822 1011
3870 2583
1409 3102
2141 1754
3485 3366
710 3594
3355 2714
2036 4204
4007 3442
4556 475
2742 1171
2631 1540
1556 2622
3206 4580
105 3360
4140 4154
2136 3637
2271 1771
2270 1980
2261 4557
1519 459
1555 4397
1930 1906
1265 2822
3323 1478
2523 1376
3350 3076
3148 1030
179 3290
487 240
2692 3644
4574 425
2339 4587
38 3055
4289 3758
1400 3040
2653 2101
1812 41
3478 1662
1772 4599
160 1529
3930 1743
2719 2321
1208 740
1493 2915
4420 755
1876 2926
2785 1136
3569 1575
2169 2459
1064 257
3210 3751
3288 810
4310 867
1181 3188
1011 2852
2583 1052
3102 3431
1754 2898
3366 873
3594 3385
2714 2230
4204 3721
3442 1474
475 4132
1171 3527
1540 4063
2622 498
4580 3811
3360 426
4154 381
3637 2792
1771 154
1980 2908
4557 2972
459 3948
4397 4312
1906 255
2822 2539
1478 2373
1376 4147
3076 1921
1030 397
3290 3170
240 29
3644 1452
425 2062
4587 1683
3055 4021
3758 4621
3040 3853
2101 1677
41 2443
1662 3239
4599 3889
1529 1792
1743 1257
2321 2333
740 1396
2915 2486
755 1271
2926 1351
1136 1607
1575 504
2459 2613
257 524
3751 3616
810 4586
867 4297
3188 1897
2852 3268
1052 3773
3431 128
2898 322
873 513
3385 1521
2230 1426
3721 553
1474 1534
4132 1244
3527 1616
4063 3466
498 4582
3811 3359
426 385
381 1388
2792 2160
154 3842
2908 2158
2972 2749
3948 44
4312 551
255 2319
2539 174
2373 941
4147 3960
1921 3189
397 1725
3170 3623
29 2315
1452 351
2062 1248
1683 3869
4021 253
4621 856
3853 376
1677 4464
2443 19
3239 2515
3889 386
1792 2065
1257 1472
2333 4245
1396 875
2486 2194
1271 4086
1351 3006
1607 4227
504 2288
2613 2009
524 2656
3616 792
4586 4566
4297 1113
1897 644
3268 2190
3773 1348
128 3063
322 2246
513 4461
1521 148
1426 2989
553 212
1534 1968
1244 3695
1616 1237
3466 2407
4582 989
3359 3806
385 4396
1388 3153
2160 4104
3842 3140
2158 749
2749 3692
44 1904
551 2236
2319 3747
174 2703
941 3984
3960 1924
3189 3659
1725 1469
3623 1190
2315 4288
351 2544
1248 3043
3869 3646
253 775
856 3793
376 1219
4464 2931
19 162
2515 2982
386 3283
2065 541
1472 2860
4245 4244
875 1214
2194 4114
4086 1439
3006 1888
4227 3652
2288 998
2009 126
2656 2396
792 4118
4566 3996
1113 1273
644 1938
2190 4283
1348 4463
3063 1601
2246 2267
4461 1286
148 4119
2989 2341
212 3338
1968 3731
3695 1791
1237 982
2407 4434
989 2881
3806 418
4396 2935
3153 49
4104 4384
3140 259
749 3407
3692 394
1904 2943
2236 4230
3747 2069
2703 1368
3984 4625
1924 3987
3659 2113
1469 225
1190 307
4288 1702
2544 3788
3043 3802
3646 1044
775 4417
3793 1216
1219 3952
2931 780
162 2553
2982 2597
3283 2166
541 1198
2860 3919
4244 1819
1214 3216
4114 509
1439 1604
1888 4000
3652 3834
998 2768
126 3461
2396 575
4118 2751
3996 696
1273 331
1938 340
4283 387
4463 3479
1601 4179
2267 3723
1286 2391
4119 3037
2341 4056
3338 3062
3731 4214
1791 3741
982 1078
4434 1442
2881 2164
418 4414
2935 3066
49 3949
4384 686
259 461
3407 3277
394 1862
2943 2
4230 3422
2069 3809
