3323
2142 2212
2142 1938
2142 208
2142 1291
2212 1609
2212 1997
2212 2111
2212 1537
1938 53
1938 192
208 2435
1291 1191
1291 2680
1291 2777
1291 2674
1609 1902
1609 181
1997 1554
1997 2894
1997 3205
1997 2014
2111 1775
2111 3322
2111 1620
1537 212
1537 1329
1537 2821
53 1940
192 1475
2435 135
2435 1402
2435 2762
2435 459
1191 500
1191 1582
1191 180
2680 622
2777 3007
2777 1929
2777 1372
2777 2169
2674 1569
2674 1698
1902 1635
1902 2916
181 3267
181 1981
181 859
1554 1774
1554 2726
2894 3185
2894 2178
2894 3181
3205 3313
3205 1988
2014 310
2014 3019
2014 1194
1775 1985
3322 593
1620 929
1620 1714
1620 677
212 3257
212 1827
212 1555
1329 800
2821 2811
2821 3277
2821 962
1940 1118
1940 2206
1940 1397
1475 1179
135 429
135 1873
135 943
1402 480
1402 2277
2762 2668
459 1925
459 1443
459 1042
500 376
1582 52
1582 556
1582 1335
180 499
180 642
180 3013
622 1740
622 1504
622 1161
3007 110
3007 1559
1929 2149
1929 545
1929 3101
1372 73
1372 532
2169 734
1569 2930
1698 3047
1698 2972
1698 1525
1635 2987
2916 2744
2916 184
2916 2174
3267 278
3267 2045
1981 1823
1981 2752
859 422
1774 1772
1774 161
2726 308
2726 1060
3185 2556
3185 2160
2178 2222
2178 2338
3181 169
3313 1638
3313 1670
1988 509
310 2284
3019 811
1194 858
1985 3113
1985 2661
593 1474
593 2227
929 3076
929 712
1714 911
677 1800
677 11
3257 72
1827 773
1555 2015
1555 1462
800 803
800 668
2811 1507
2811 2052
3277 1516
962 1246
962 1327
1118 1121
2206 1110
1397 1590
1179 709
429 2879
429 2780
1873 2527
1873 1189
943 1168
480 2487
2277 823
2668 2728
1925 457
1925 2472
1443 3132
1443 1846
1042 1012
1042 389
376 1232
52 1456
52 550
556 1792
556 790
1335 839
1335 2584
499 3193
499 705
642 949
642 391
3013 1580
3013 1784
1740 30
1740 555
1504 2550
1504 795
1161 2210
1161 508
110 810
110 2862
1559 3218
1559 1989
2149 905
545 3212
3101 444
73 2249
532 895
734 1676
2930 224
3047 86
3047 2549
2972 3028
2972 1102
1525 1616
1525 1236
2987 2638
2744 234
184 969
184 28
2174 1534
2174 2354
278 2511
2045 2914
2045 2382
1823 2541
1823 2036
2752 1156
2752 1083
422 279
422 815
1772 2806
1772 1863
161 3159
308 797
308 2950
1060 517
1060 3148
2556 624
2160 2133
2160 592
2222 2456
2222 476
2338 3066
169 3099
1638 2256
1670 1747
1670 2920
509 710
2284 2935
811 2884
858 2128
3113 418
3113 2763
2661 1084
1474 793
1474 1956
2227 1445
2227 3244
3076 111
712 2793
911 1403
911 2295
1800 2980
11 1786
11 2370
72 2872
773 2970
773 1195
2015 371
1462 2739
1462 366
803 2321
803 2735
668 237
668 10
1507 2838
1507 404
2052 3211
1516 2065
1246 1801
1246 2520
1327 1383
1121 2860
1110 240
1590 2524
1590 3109
709 350
2879 288
2780 658
2780 1268
2527 3297
1189 1992
1189 2645
1168 1889
1168 2104
2487 761
2487 1093
823 2053
823 1780
2728 2927
457 2859
457 3309
2472 583
3132 2999
1846 2200
1846 2342
1012 2809
389 1300
1232 1602
1232 756
1456 1586
550 1197
1792 2672
790 765
790 806
839 2131
2584 2734
2584 1451
3193 1811
3193 1509
705 2555
705 1285
949 2532
391 1041
391 37
1580 264
1784 2231
1784 1672
30 2433
30 45
555 2841
555 312
2550 195
2550 3183
795 179
795 1471
2210 1854
2210 1644
508 1961
508 3246
810 14
2862 2664
2862 159
3218 2939
1989 1354
1989 2688
905 3121
905 3111
3212 595
444 2853
444 446
2249 2097
2249 498
895 554
895 3250
1676 1546
224 2207
86 1452
2549 1796
3028 1962
1102 2689
1102 2566
1616 17
1236 3105
2638 789
2638 1777
234 1878
969 2958
969 1983
28 1943
28 1320
1534 1192
1534 568
2354 2471
2354 2925
2511 287
2914 1599
2382 696
2541 879
2036 2874
1156 2028
1083 875
279 323
815 3044
2806 2891
1863 1218
3159 1176
797 298
2950 1125
517 2800
3148 1027
624 1330
2133 1911
592 3062
2456 1808
476 2489
3066 2377
3099 1575
2256 2444
1747 1492
2920 609
710 2994
2935 3065
2884 1945
2128 1880
418 2512
2763 1535
1084 2091
793 599
1956 1453
1445 1574
3244 693
111 1560
2793 2260
1403 1276
2295 1917
2980 1561
1786 303
2370 1924
2872 1028
2970 341
1195 2904
371 857
2739 1207
366 3323
2321 1387
2735 290
237 1528
10 2937
2838 2437
404 2346
3211 2900
2065 1171
1801 741
2520 1978
1383 2362
2860 1498
240 2647
2524 153
3109 3149
350 1378
288 1235
658 2291
1268 619
3297 3073
1992 3251
2645 2575
1889 66
2104 1987
761 2441
1093 2518
2053 606
1780 188
2927 1684
2859 680
3309 2513
583 220
2999 3242
2200 1282
2342 3266
2809 2503
1300 338
1602 587
756 2590
1586 691
1197 1764
2672 1553
765 1225
806 1226
2131 1520
2734 3189
1451 1944
1811 1912
1509 1237
2555 456
1285 2077
2532 3034
1041 2679
37 2319
264 1174
2231 3046
1672 1205
2433 1942
45 3051
2841 1117
312 2208
195 854
3183 214
179 1014
1471 200
1854 617
1644 2165
1961 953
3246 3230
14 2011
2664 1865
159 3128
2939 3147
1354 1851
2688 956
3121 2913
3111 3169
595 358
2853 750
446 3112
2097 437
498 302
554 1294
3250 2692
1546 1633
2207 1729
1452 589
1796 337
1962 219
2689 540
2566 2
17 2480
3105 1142
789 199
1777 20
1878 360
2958 666
1983 1199
1943 1216
1320 1847
1192 1143
568 575
2471 1324
2925 831
287 1398
1599 2258
696 98
879 2412
2874 1900
2028 1313
875 2254
323 1700
3044 2581
2891 2081
1218 1209
1176 1898
298 2509
1125 2367
2800 3312
1027 2807
1330 2773
1911 888
3062 2962
1808 2881
2489 3293
2377 1245
1575 1164
2444 1077
1492 1308
609 1260
2994 2458
3065 265
1945 293
1880 1882
2512 1848
1535 906
2091 1449
599 2272
1453 2684
1574 2215
693 1497
1560 3049
2260 2722
1276 3020
1917 420
1561 928
303 760
1924 2952
1028 1459
341 1255
2904 3187
857 1521
1207 886
3323 1273
1387 2544
290 2873
1528 2831
2937 2998
2437 2917
2346 1305
2900 2017
1171 3316
741 2955
1978 3103
2362 822
1498 2112
2647 2000
153 864
3149 1479
1378 477
1235 507
2291 2609
619 737
3073 1524
3251 2915
2575 2356
66 1799
1987 2001
2441 1147
2518 3180
606 2931
188 652
1684 2380
680 2521
2513 1503
220 1664
3242 347
1282 1182
3266 1830
2503 142
338 435
587 296
2590 295
691 961
1764 3018
1553 3190
1225 544
1226 2501
1520 2121
3189 2163
1944 1113
1912 791
1237 887
456 2253
2077 821
3034 2100
2679 3303
2319 191
1174 1063
3046 2578
1205 3140
1942 2115
3051 1833
1117 1347
2208 2352
854 2317
214 3131
1014 3078
200 1628
617 2885
2165 2156
953 239
3230 406
2011 2491
1865 2102
3128 947
3147 561
1851 2897
956 2504
2913 646
3169 2614
358 1532
750 368
3112 2580
437 2574
302 2113
1294 2150
2692 1112
1633 1530
1729 1332
589 982
337 1248
219 1529
540 2432
2 2823
2480 2792
1142 2623
199 1868
20 340
360 124
666 1661
1199 305
1216 3145
1847 2343
1143 2685
575 2037
1324 2535
831 2474
1398 3030
2258 3068
98 2677
2412 198
1900 1551
1313 1932
2254 1076
1700 2918
2581 1719
2081 3029
1209 647
1898 1652
2509 1325
2367 2771
3312 785
2807 2387
2773 1432
888 2975
2962 1022
2881 2798
3293 469
1245 976
1164 2869
1077 1385
1308 249
1260 557
2458 2732
265 1849
293 918
1882 2591
1848 934
906 881
1449 1458
2272 1253
2684 1722
2215 2201
1497 204
3049 840
2722 1298
3020 2350
420 1103
928 402
760 89
2952 1549
1459 2425
1255 1967
3187 2673
1521 2799
886 3144
1273 894
2544 2159
2873 2910
2831 704
2998 1886
2917 2283
1305 1295
2017 434
3316 767
2955 843
3103 489
822 32
2112 2040
2000 753
864 3060
1479 649
477 3216
507 2234
2609 1828
737 3054
1524 1281
2915 2330
2356 1579
1799 333
2001 2137
1147 2770
3180 662
2931 1675
652 690
2380 3164
2521 2126
1503 2026
1664 2438
347 417
1182 930
1830 7
142 1804
435 711
296 1051
295 1689
961 3122
3018 475
3190 1916
544 1079
2501 2953
2121 2324
2163 2759
1113 2422
791 352
887 1972
2253 2824
821 1424
2100 2388
3303 1618
191 2835
1063 1098
2578 901
3140 3160
2115 1651
1833 129
1347 247
2352 780
2317 1779
3131 1080
3078 745
1628 15
2885 483
2156 3239
239 2665
406 580
2491 1069
2102 3199
947 3234
561 1148
2897 405
2504 1263
646 2175
2614 2583
1532 277
368 2484
2580 620
2574 1490
2113 3032
2150 1921
1112 2064
1530 2056
1332 2072
982 3201
1248 378
1529 2152
2432 1817
2823 3219
2792 416
2623 3130
1868 1101
340 2810
124 2143
1661 1187
305 957
3145 1726
2343 1663
2685 706
2037 2105
2535 2296
2474 2399
3030 3227
3068 728
2677 280
198 3253
1551 3077
1932 2717
1076 246
2918 79
1719 667
3029 183
647 470
1652 1623
1325 897
2771 2088
785 64
2387 2403
1432 2946
2975 2202
1022 890
2798 3048
469 1145
976 3285
2869 3024
1385 1707
249 2605
557 2013
2732 1809
1849 485
918 2746
2591 2908
934 656
881 3057
1458 1465
1253 2025
1722 735
2201 2907
204 638
840 1688
1298 2374
2350 2782
1103 922
402 1127
89 431
1549 2601
2425 739
1967 1116
2673 2959
2799 783
3144 1673
894 621
2159 443
2910 2138
704 150
1886 2989
2283 43
1295 2769
434 2450
767 1645
843 2670
489 530
32 1460
2040 209
753 1657
3060 2699
649 1585
3216 109
2234 779
1828 1544
3054 3207
1281 1859
2330 2660
1579 2229
333 2490
2137 1505
2770 2109
662 3056
1675 322
690 1431
3164 747
2126 2485
2026 1185
2438 1843
417 2140
930 2275
7 2979
1804 3301
711 1244
1051 3247
1689 61
3122 227
475 1696
1916 2420
1079 708
2953 1866
2324 1111
2759 950
2422 2061
352 2183
1972 1990
2824 2755
1424 330
2388 2289
1618 2683
2835 1680
1098 1454
901 860
3160 1518
1651 927
129 3314
247 963
780 139
1779 1340
1080 2483
745 1858
15 849
483 1470
3239 581
2665 1716
580 2567
1069 515
3199 2830
3234 1771
1148 1155
405 27
1263 1097
2175 2789
2583 2139
277 721
2484 1508
620 1883
1490 2031
3032 1572
1921 2598
2064 850
2056 392
2072 3154
3201 154
378 1
2152 600
1817 697
3219 2219
416 2270
3130 959
1101 3025
2810 1587
2143 2662
1187 1650
957 336
1726 3119
1663 846
706 2315
2105 1279
2296 2893
2399 2023
3227 1358
728 223
280 899
3253 914
3077 1923
2717 3275
246 2114
79 3202
667 3225
183 893
470 802
1623 2006
897 1087
2088 511
64 1750
2403 1206
2946 986
2202 1170
890 2765
3048 1909
1145 1011
3285 2398
3024 1054
1707 3022
2605 319
2013 2648
1809 958
485 2951
2746 3197
2908 2856
656 348
3057 381
1465 631
2025 1964
735 321
2907 248
638 2294
1688 1597
2374 1926
2782 3294
922 502
1127 2902
431 2473
2601 2024
739 2047
1116 941
2959 21
783 1326
1673 2090
621 1184
443 1576
2138 948
150 916
2989 611
43 2406
2769 503
2450 1705
1645 2304
2670 977
530 964
1460 1399
209 1539
1657 1752
2699 1224
1585 193
109 1233
779 1346
1544 2020
3207 1287
1859 2552
2660 2309
2229 1694
2490 2632
1505 699
2109 1706
3056 185
322 42
1431 318
747 1968
2485 3012
1185 2136
1843 1284
2140 2866
2275 2384
2979 2209
3301 1026
1244 1034
3247 639
61 1789
227 1052
1696 2421
2420 3299
708 2865
1866 805
1111 938
950 1389
2061 2768
2183 2965
1990 3016
2755 1438
330 2619
2289 2984
2683 211
1680 707
1454 808
860 3220
1518 1816
927 3166
3314 1280
963 1013
139 2246
1340 1312
2483 383
1858 1429
849 1092
1470 1584
581 2312
1716 1842
2567 1484
515 2019
2830 1581
1771 1146
1155 3083
27 997
1097 1352
2789 395
2139 2009
721 215
1508 339
1883 671
2031 2817
1572 1810
2598 2187
850 3305
392 2171
3154 663
154 678
1 472
600 732
697 2385
2219 973
2270 1343
959 3284
3025 3292
1587 1857
2662 2204
1650 2508
336 2331
3119 3133
846 522
2315 2004
1279 551
2893 1085
2023 1928
1358 1350
223 1543
899 505
914 703
1923 1473
3275 2337
2114 520
3202 466
3225 3215
893 827
802 104
2006 990
1087 2899
511 1277
1750 2316
1206 3263
986 613
1170 297
2765 3021
1909 174
1011 1982
2398 3031
1054 1132
3022 252
319 2942
2648 2988
958 2302
2951 158
3197 923
2856 2612
348 2563
381 1850
631 3290
1964 3061
321 291
248 2926
2294 1510
1597 818
1926 1151
3294 1526
502 331
2902 2070
2473 1129
2024 3165
2047 2522
941 409
21 1175
1326 984
2090 2478
1184 1222
1576 460
948 1469
916 1088
611 2836
2406 1005
503 3075
1705 2383
2304 2805
977 1032
964 3170
1399 940
1539 1089
1752 2525
1224 991
193 148
1233 236
1346 814
2020 1904
1287 853
2552 428
2309 1120
1694 394
2632 3081
699 1136
1706 762
185 3141
42 1766
318 3320
1968 1045
3012 960
2136 2720
1284 1065
2866 1316
2384 2268
2209 2241
1026 675
1034 102
639 2938
1789 2636
1052 3182
2421 207
3299 2308
2865 2702
805 3115
938 83
1389 3080
2768 2557
2965 40
3016 536
1438 342
2619 1607
2984 1538
211 412
707 478
808 2505
3220 1314
1816 3023
3166 44
1280 167
1013 3015
2246 1035
1312 3206
383 2586
1429 1687
1092 1872
1584 900
2312 692
1842 1258
1484 2742
2019 3229
1581 1681
1146 5
3083 2084
997 2659
1352 527
395 1500
2009 1234
215 147
339 2615
671 1081
2817 1969
1810 1812
2187 637
3305 1331
2171 3137
663 2676
678 1487
472 271
732 718
2385 343
973 2628
1343 2991
3284 2467
3292 327
1857 2640
2204 2696
2508 2651
2331 833
3133 733
522 2366
2004 2252
551 2700
1085 307
1928 1702
1350 1212
1543 506
505 1773
703 2960
1473 75
2337 2127
520 2344
466 31
3215 1315
827 1455
104 408
990 96
2899 2943
1277 2233
2316 902
3263 2655
613 1031
297 2716
3021 423
174 2791
1982 2475
3031 2733
1132 1240
252 1323
2942 1229
2988 56
2302 2599
158 2968
923 1836
2612 88
2563 1401
1850 2576
3290 2816
3061 809
291 1770
2926 695
1510 1067
818 2713
1151 2151
1526 1541
331 1283
2070 607
1129 2048
3165 2812
2522 2681
409 1375
1175 1781
984 3096
2478 3249
1222 2089
460 1517
1469 3084
1088 2250
2836 2617
1005 1270
3075 601
2383 3213
2805 1485
1032 1309
3170 1899
940 2465
1089 2199
2525 2197
991 379
148 1564
236 1593
814 719
1904 1262
853 2116
428 2005
1120 1137
394 2510
3081 1974
1136 573
762 1892
3141 2095
1766 449
3320 1006
1045 2357
960 1571
2720 2010
1065 1881
1316 1730
2268 2076
2241 3204
675 1994
102 2570
2938 2148
2636 2756
3182 635
207 2845
2308 3167
2702 317
3115 2694
83 2144
3080 2376
2557 2195
40 2818
536 2814
342 1204
1607 2582
1538 2278
412 1213
478 1400
2505 848
1314 2858
3023 354
44 1464
167 1738
3015 2682
1035 260
3206 1950
2586 2595
1687 1765
1872 97
900 2992
692 885
1258 1059
2742 414
3229 442
1681 251
5 166
2084 1150
2659 2832
527 1556
1500 1496
1234 1405
147 2286
2615 112
1081 1754
1969 2332
1812 447
637 1519
1331 325
3137 2378
2676 2528
1487 744
271 2695
718 834
343 755
2628 2482
2991 261
2467 1527
327 481
2640 971
2696 2597
2651 187
833 2022
733 3286
2366 2868
2252 1133
2700 2230
307 926
1702 655
1212 1966
506 1717
1773 572
2960 2652
75 1839
2127 47
2344 177
31 439
1315 935
1455 194
408 1919
96 1724
2943 1647
2233 2767
902 1228
2655 2066
1031 2266
2716 1158
423 2801
2791 393
2475 715
2733 3027
1240 387
1323 2176
1229 794
56 1558
2599 1050
2968 1289
1836 1047
88 2981
1401 3194
2576 1818
2816 574
809 1986
1770 2600
695 2251
1067 2486
2713 727
2151 549
1541 722
1283 269
607 2494
2048 1744
2812 2932
2681 2778
1375 724
1781 1636
3096 2358
3249 3281
2089 2622
1517 3195
3084 1440
2250 1390
2617 2223
1270 1355
601 1778
3213 413
1485 877
1309 904
1899 1712
2465 2086
2199 1829
2197 1704
379 33
1564 2923
1593 320
719 3100
1262 3156
2116 946
2005 2402
1137 1433
2510 3011
1974 3287
573 1965
1892 547
2095 3236
449 3059
1006 99
2357 60
1571 1949
2010 1856
1881 874
1730 2828
2076 1871
3204 328
1994 844
2570 2293
2148 1227
2756 419
635 2224
2845 2134
3167 202
317 2386
2694 1193
2144 2311
2376 612
2195 2414
2818 2861
2814 1637
1204 2305
2582 2703
2278 3271
1213 2776
1400 1728
848 3035
2858 1884
354 996
1464 2751
1738 1819
2682 2497
260 156
1950 2181
2595 1864
1765 2075
97 2191
2992 1837
885 1762
1059 2548
414 869
442 1292
251 1897
166 2103
1150 796
2832 36
1556 2547
1496 2657
1405 2129
2286 1495
112 1876
1754 2592
2332 3188
447 2271
1519 2190
325 2108
2378 2533
2528 1044
744 1418
2695 1840
834 1782
755 1588
2482 2995
261 3231
1527 2168
481 197
971 2155
2597 363
187 2633
2022 55
3286 1947
2868 1895
1133 84
2230 1802
926 1160
655 784
1966 3041
1717 546
572 2119
2652 2708
1839 1386
47 1366
177 1407
439 1384
935 3138
194 577
1919 1662
1724 528
1647 1667
2767 738
1228 2637
2066 2194
2266 512
1158 2642
2801 2880
393 1337
715 2837
3027 1351
387 1948
2176 3315
794 1243
1558 2051
1050 314
1289 1659
1047 3082
2981 2493
3194 380
1818 3052
574 1832
1986 3178
2600 95
2251 2479
2486 2351
727 1821
549 1776
722 94
269 2796
2494 3307
1744 3295
2932 998
2778 1223
724 1310
1636 1870
2358 2772
3281 2635
2622 1261
3195 717
1440 855
1390 3208
2223 462
1355 375
1778 2232
413 2442
877 2551
904 626
1712 3143
2086 1163
1829 1368
1704 2690
33 2345
2923 2945
320 496
3100 1845
3156 1376
946 1250
2402 2631
1433 2993
3011 80
3287 2797
1965 845
547 516
3236 272
3059 2825
99 245
60 1621
1949 1072
1856 3091
874 1807
2828 1979
1871 3087
328 3110
844 1141
2293 2361
1227 653
419 1787
2224 1791
2134 2182
202 1269
2386 3200
1193 3123
2311 2213
612 3120
2414 769
2861 2071
1637 2678
2305 2185
2703 1339
3271 3282
2776 2730
1728 2008
3035 48
1884 954
996 824
2751 1391
1819 1875
2497 425
156 1371
2181 3125
1864 2021
2075 2046
2191 218
1837 746
1762 1003
2548 2971
869 201
1292 2654
1897 2440
2103 1064
796 1761
36 2164
2547 210
2657 559
2129 242
1495 3026
1876 2426
2592 3114
3188 2341
2271 2705
2190 1515
2108 1109
2533 669
1044 2259
1418 2947
1840 1733
1782 1683
1588 149
2995 1220
3231 382
2168 3270
197 759
2155 2847
363 120
2633 332
55 2997
1947 3311
1895 2123
84 263
1802 455
1160 2461
784 883
3041 2604
546 450
2119 203
2708 244
1386 2507
1366 2430
1407 2787
1384 1317
3138 1017
577 2447
1662 304
528 1074
1667 353
738 105
2637 1835
2194 1201
512 2671
2642 3222
2880 615
1337 1200
2837 300
1351 1513
1948 3276
3315 92
1243 3116
2051 144
314 1257
1659 3274
3082 2967
2493 3296
380 1813
3052 2469
1832 2460
3178 123
95 1463
2479 2568
2351 541
1821 3
1776 627
94 2629
2796 1468
3307 2476
3295 3151
998 1931
1223 2242
1310 2834
1870 999
2772 2627
2635 566
1261 1629
717 2221
855 1219
3208 1428
462 2572
375 786
2232 542
2442 1078
2551 730
626 2963
3143 2957
1163 1002
1368 1677
2690 1834
2345 1153
2945 231
496 1887
1845 3175
1376 2069
1250 1134
2631 3233
2993 3259
80 54
2797 2901
845 2320
516 1466
272 1353
2825 731
245 134
1621 3280
1072 2848
3091 1444
1807 1381
1979 1037
3087 1648
3110 661
1141 3302
2361 2029
653 16
1787 285
1791 2985
2182 3136
1269 1953
3200 2166
3123 217
2213 49
3120 1763
769 2606
2071 1190
2678 782
2185 2986
1339 35
3282 370
2730 2721
2008 3289
48 1016
954 523
824 1043
1391 1976
1875 1019
425 1311
1371 493
3125 3224
2021 2911
2046 2369
218 3089
746 2281
1003 2719
2971 2587
201 186
2654 945
2440 1301
1064 564
1761 1630
2164 1862
210 1918
559 713
242 2712
3026 702
2426 270
3114 757
2341 1626
2705 3093
1515 2502
1109 748
669 3198
2259 1797
2947 3036
1733 701
1683 597
149 1018
1220 50
382 632
3270 1392
759 2443
2847 1361
120 1095
332 2058
2997 2936
3311 1606
2123 292
263 1344
455 694
2461 1181
883 2898
2604 268
450 2310
203 445
244 451
2507 1380
2430 3264
2787 1482
1317 401
1017 636
2447 452
304 2464
1074 1941
353 2565
105 2449
1835 1048
1201 2389
2671 1256
3222 2492
615 2949
1200 1703
300 798
1513 2226
3276 2228
92 2154
3116 3191
144 2188
1257 2784
3274 243
2967 683
3296 2964
1813 2723
2469 3063
2460 2288
123 1231
1463 1568
2568 1757
541 1135
3 126
627 965
2629 2641
1468 2829
2476 861
3151 2571
1931 1685
2242 2973
2834 871
999 1214
2627 1096
566 2542
1629 127
2221 2016
1219 1015
1428 907
2572 1589
786 2002
542 880
1078 2043
730 1640
2963 2736
2957 2039
1002 1715
1677 688
1834 2276
1153 2625
231 284
1887 2539
3175 273
2069 2364
1134 2534
3233 57
3259 355
54 1999
2901 3238
2320 301
1466 2318
1353 1980
731 2819
134 3005
3280 842
2848 826
1444 3097
1381 76
1037 2274
1648 13
661 772
3302 254
2029 586
16 2353
285 2218
2985 2602
3136 2349
1953 1370
2166 2929
217 1307
49 3300
1763 1952
2606 1363
1190 1489
782 2517
2986 648
35 817
370 1302
2721 623
3289 3095
1016 1583
523 2788
1043 1306
1976 533
1019 535
1311 1420
493 315
3224 1254
2911 519
2369 3256
3089 645
2281 3079
2719 2519
2587 3223
186 2585
945 3258
1301 1641
564 136
1630 2427
1862 1251
1918 2481
713 2608
2712 1725
702 518
270 1293
757 562
1626 2298
3093 143
2502 171
748 2179
3198 3232
1797 896
3036 1105
701 2340
597 2607
1018 2610
50 603
632 2852
1392 2085
2443 1877
1361 3240
1095 3268
2058 618
2936 2411
1606 1494
292 1547
1344 825
694 1441
1181 2753
2898 501
268 1785
2310 2886
445 548
451 2786
1380 1721
3264 2621
1482 2747
401 2790
636 427
452 1793
2464 867
1941 3069
2565 313
2449 3279
1048 2393
2389 2030
1256 3157
2492 1461
2949 1186
1703 2145
798 539
2226 3042
2228 1010
2154 1328
3191 579
2188 676
2784 2982
243 1290
683 672
2964 763
2723 1259
3063 1805
2288 972
1231 2371
1568 1341
1757 3135
1135 2803
126 2785
965 133
2641 552
2829 1954
861 440
2571 3003
1685 3161
2973 1499
871 2815
1214 2704
1096 2903
2542 3310
127 2596
2016 58
1015 2322
907 2707
1589 3262
2002 2059
880 3186
2043 1913
1640 1104
2736 1138
2039 464
1715 1271
688 2731
2276 2360
2625 3319
284 1643
2539 3318
273 2158
2364 2180
2534 2748
57 2940
355 467
1999 2462
3238 1905
301 115
2318 558
1980 2499
2819 743
3005 2851
842 1423
826 975
3097 2239
76 162
2274 396
13 2262
772 2391
254 2921
586 2562
2353 436
2218 479
2602 1139
2349 1020
1370 2892
2929 1679
1307 190
3300 3117
1952 2561
1363 2055
1489 1678
2517 910
648 2198
817 68
1302 484
623 985
3095 1869
1583 1632
2788 2050
1306 2044
533 3260
535 2760
1420 91
315 258
1254 3008
519 1570
3256 2620
645 168
3079 421
2519 81
3223 939
2585 1682
3258 2871
1641 398
136 2639
2427 1701
1251 1695
2481 151
2608 1021
1725 2423
518 1768
1293 1930
562 1649
2298 1860
143 2709
171 1221
2179 3139
3232 1274
896 2082
1105 1578
2340 3102
2607 2439
2610 2079
603 2802
2852 1993
2085 1751
1877 2238
3240 2279
3268 3172
618 2074
2411 534
1494 1611
1547 1049
825 1855
1441 253
2753 2912
501 2225
1785 152
2886 2588
548 3126
2786 1416
1721 804
2621 2263
2747 2196
2790 514
427 3255
1793 1646
867 2184
3069 2613
313 2977
3279 2643
2393 1814
2030 563
3157 1614
1461 1604
1186 641
2145 1436
539 1907
3042 673
1010 1669
1328 213
579 453
676 3243
2982 1619
1290 25
672 995
763 2453
1259 1806
1805 1867
972 2954
2371 1265
1341 1512
3135 2118
2803 1655
2785 482
133 1427
552 1885
1954 226
440 1000
3003 829
3161 841
1499 146
2815 578
2704 3142
2903 2593
3310 2307
2596 1996
58 903
2322 657
2707 160
3262 132
2059 521
3186 531
1913 78
1104 3058
1138 257
464 828
1271 1493
2731 1915
2360 1447
3319 311
1643 3306
3318 1165
2158 2173
2180 2878
2748 3217
2940 970
467 2236
2462 847
1905 1457
115 289
558 116
2499 686
743 283
2851 2429
1423 26
975 1879
2239 114
162 1062
396 1820
2262 3092
2391 2395
2921 2125
2562 605
436 372
479 537
1139 1203
1020 2192
2892 3248
1679 1984
190 2269
3117 989
2561 266
2055 108
1678 74
910 2545
2198 1030
68 1627
484 571
985 2078
1869 3176
1632 1217
2050 2701
2044 3288
3260 2779
2760 588
91 913
258 644
3008 2870
1570 799
2620 604
168 2418
421 1278
81 474
939 582
1682 1634
2871 250
398 2738
2639 870
1701 87
1695 2833
151 1852
1021 576
2423 866
1768 2579
1930 983
1649 1790
1860 426
2709 2855
1221 2969
3139 878
1274 1642
2082 2626
1578 170
3102 610
2439 921
2079 1550
2802 1511
1993 1001
1751 1356
2238 2375
2279 598
3172 1577
2074 2724
534 155
1611 1960
1049 1803
1855 1946
253 987
2912 1115
2225 1169
152 2928
2588 1357
3126 1124
1416 2854
804 3321
2263 1595
2196 3053
514 510
3255 614
1646 2106
2184 2359
2613 385
2977 720
2643 684
1814 309
563 2611
1614 2093
1604 256
641 967
1436 1671
1907 1322
673 1935
1669 1686
213 2419
453 2335
3243 1908
1619 1760
25 1159
995 1208
2453 1128
1806 3017
1867 736
2954 816
1265 1693
1512 1023
2118 2757
1655 1404
482 1091
1427 3214
1885 951
226 1318
1000 650
829 1365
841 1297
146 1172
578 2248
3142 1933
2593 351
2307 41
1996 3226
903 640
657 359
160 2554
132 2027
521 494
531 2428
78 1914
3058 2515
257 324
828 3064
1493 1215
1915 2049
1447 1861
311 1173
3306 1603
1165 2710
2173 1617
2878 2978
3217 1086
970 3009
2236 316
847 367
1457 1448
289 1477
116 1697
686 1336
283 2498
2429 1920
26 1040
1879 2323
114 2431
1062 2553
1820 2887
3092 1711
2395 281
2125 3098
605 1075
372 2333
537 1991
1203 113
2192 538
3248 228
1984 465
2269 1066
989 851
266 1321
108 2569
74 2329
2545 1055
1030 2667
1627 1068
571 920
2078 3086
3176 725
1217 141
2701 2120
3288 1382
2779 216
588 3071
913 2167
644 3067
2870 2840
799 2122
604 357
2418 1166
1278 1377
474 2808
582 2686
1634 952
250 131
2738 2883
870 1483
87 749
2833 1413
1852 2495
576 1107
866 625
2579 1395
983 994
1790 1299
426 2273
2855 1099
2969 3000
878 830
1642 232
2626 2436
170 3150
610 2589
921 1545
1550 979
1511 2463
1001 1131
1356 2235
2375 1934
598 2245
1577 1959
2724 1506
155 1426
1960 2844
1803 1514
1946 591
987 2983
1115 1425
1169 3237
2928 1061
1357 3155
1124 3106
2854 740
3321 2500
1595 1896
3053 1758
510 775
614 770
2106 2162
2359 1434
385 189
720 2132
684 2099
309 660
2611 1910
2093 468
256 3269
967 2193
1671 1888
1322 2630
1935 2347
1686 919
2419 1798
2335 1288
1908 2408
1760 1594
1159 3298
1208 3252
1128 107
3017 2405
736 3265
816 1379
1693 2740
1023 716
2757 1230
1404 2172
1091 225
3214 2177
951 2536
1318 2516
650 274
1365 3254
1297 884
1172 2060
2248 2401
1933 1755
351 714
41 2896
3226 2098
640 868
359 980
2554 1893
2027 1591
494 121
2428 362
1914 3203
2515 2863
324 526
3064 2850
1215 119
2049 1745
1861 1605
1173 2618
1603 2697
2710 3273
1617 3037
2978 687
1086 1723
3009 674
316 966
367 968
1448 1548
1477 1502
1697 2714
1336 2107
2498 334
1920 2656
1040 2514
2323 454
2431 3261
2553 3304
2887 1951
1711 2457
281 1936
3098 12
1075 801
2333 1654
1991 2404
113 82
538 1480
228 2141
465 1396
1066 1238
851 1359
1321 2381
2569 3127
2329 2922
1055 659
2667 2842
1068 1411
920 3050
3086 241
725 1167
141 723
2120 2718
1382 106
216 3129
3071 157
2167 2624
3067 2857
2840 1272
2122 932
357 2650
1166 1070
1377 2417
2808 1894
2686 2546
952 1557
131 118
2883 1162
1483 2488
749 1708
1413 2368
2495 1727
1107 441
625 3308
1395 2303
994 1342
1299 2941
2273 3173
1099 3291
3000 2864
830 1369
232 909
2436 3108
3150 1874
2589 974
1545 766
979 1734
2463 1501
1131 59
2235 1036
1934 349
2245 1364
1959 1056
1506 2117
1426 34
2844 584
1514 1108
591 18
2983 229
1425 3090
3237 2068
1061 933
3155 1094
3106 2041
740 2560
2500 2843
1896 2745
1758 299
775 1286
770 1025
2162 471
1434 2080
189 1488
2132 100
2099 2035
660 1748
1910 1610
468 2616
3269 2240
2193 924
1888 1439
2630 771
2347 233
919 432
1798 3004
1288 1119
2408 2729
1594 1783
3298 852
3252 1795
107 361
2405 2895
3265 543
1379 2392
2740 1592
716 2290
1230 3196
2172 553
225 1927
2177 1613
2536 628
2516 2506
274 448
3254 1622
884 1788
2060 1939
2401 2905
1755 1249
714 3045
2896 1362
2098 1442
868 2646
980 776
1893 3074
1591 1046
121 497
362 276
3203 2577
2863 1749
526 1741
2850 2452
119 1533
1745 1665
1605 2996
2618 238
2697 39
3273 1971
3037 1769
687 2919
1723 2153
674 2237
966 2336
968 1183
1548 1666
1502 2877
2714 1542
2107 178
334 2794
2656 145
2514 2761
454 275
3261 1844
3304 2822
1951 1955
2457 1523
1936 1531
12 585
801 1149
1654 3085
2404 2446
82 3043
1480 988
2141 664
1396 1732
1238 2691
1359 1975
2381 1180
3127 3272
2922 836
659 856
2842 3001
1411 397
3050 2653
241 567
1167 390
723 2934
2718 2448
106 1210
3129 1794
157 2466
2624 2244
2857 2410
1272 752
932 206
2650 6
1070 2649
2417 1995
1894 1367
2546 2373
1557 1211
118 267
1162 1522
2488 1481
1708 1410
2368 1674
1727 1057
441 221
3308 2933
2303 1008
1342 2135
2941 2675
3173 524
3291 1374
2864 2827
1369 569
909 2741
3108 2451
1874 633
974 1038
766 608
1734 2211
1501 2409
59 2348
1036 1563
349 882
1364 2306
1056 1825
2117 2407
34 2783
584 3088
1108 2092
18 9
229 1422
3090 430
2068 758
933 165
1094 2890
2041 487
2560 2882
2843 2470
2745 1348
299 1973
1286 777
1025 3241
471 596
2080 1029
1488 2445
100 2300
2035 2634
1748 3055
1610 2033
2616 942
2240 2706
924 820
1439 1562
771 1126
233 944
432 2543
3004 1906
1119 125
2729 2094
1783 602
852 2687
1795 2217
361 3278
2895 2750
543 19
2392 235
1592 2775
2290 175
3196 2063
553 1421
1927 1653
1613 486
628 1130
2506 1753
448 128
1622 2727
1788 1409
1939 2804
2905 1746
1249 1039
3045 1736
1362 912
1442 2189
2646 2379
776 1144
3074 630
1046 2698
497 3221
276 71
2577 8
1749 2966
1741 2669
2452 2067
1533 2826
1665 1476
2996 685
238 103
39 3177
1971 2956
1769 407
2919 1393
2153 778
2237 1266
2336 1100
1183 3209
1666 774
2877 1345
1542 1815
178 1668
2794 2261
145 3317
2761 1853
275 461
1844 1073
2822 2265
1955 2644
1523 2292
1531 2820
585 1071
1149 2147
3085 3283
2446 2034
3043 173
988 65
664 3072
1732 326
2691 981
1975 1491
1180 1631
3272 2774
836 2327
856 1004
3001 1333
397 835
2653 1566
567 2839
390 2764
2934 915
2448 46
1210 1699
1794 807
2466 1414
2244 2888
2410 873
752 2057
206 2715
6 3146
2649 2540
1995 2216
1367 3070
2373 377
1211 1437
267 1114
1522 2424
1481 163
1410 117
1674 525
1057 1710
221 2944
2933 1822
1008 67
2135 1202
2675 643
524 172
1374 2313
2827 634
569 2339
2741 1360
2451 754
633 3124
1038 1122
608 1239
2211 1759
2409 792
2348 473
1563 787
882 1656
2306 2390
1825 1767
2407 700
2783 3179
3088 384
2092 2758
9 1349
1422 2299
430 2334
758 262
165 925
2890 2257
487 670
2882 1334
2470 2867
1348 1009
1973 2372
777 230
3241 1658
596 1478
1029 1536
2445 1735
2300 2355
2634 813
3055 2666
2033 1053
942 2594
2706 140
820 1742
1562 1958
1126 2087
944 682
2543 1692
1906 222
125 917
2094 3107
602 3184
2687 2693
2217 2564
3278 1123
2750 1007
19 2285
235 3171
2775 424
175 2397
2063 2220
1421 872
1653 1303
486 931
1130 410
1753 3033
128 2396
2727 2416
1409 2990
2804 1998
1746 24
1039 2083
1736 629
912 2663
2189 679
2379 1567
1144 138
630 1624
2698 2526
3221 2454
71 1660
8 1756
2966 1415
2669 751
2067 2413
2826 3163
1476 176
685 812
103 955
3177 1486
2956 2924
407 2849
1393 560
778 294
1266 2170
1100 1743
3209 3168
774 2889
1345 2255
1815 3002
1668 2781
2261 1977
3317 1394
1853 1903
461 838
1073 196
2265 565
2644 689
2292 2743
2820 90
1071 1275
2147 889
3283 2363
2034 1709
173 1467
65 863
3072 1713
326 369
981 3118
1491 286
1631 344
2774 182
2327 335
1004 2537
1333 1838
835 2326
1566 488
2839 819
2764 29
915 1247
46 1720
1699 1472
807 1596
1414 38
2888 1157
873 992
2057 1552
2715 130
3146 1198
2540 2948
2216 2007
3070 698
377 742
1437 1615
1114 1737
2424 3210
163 1639
117 1024
525 832
1710 1140
2944 1435
1822 374
67 491
1202 3010
643 2247
172 2434
2313 654
634 458
2339 1890
1360 2468
754 2267
3124 726
1122 1304
1239 993
1759 2205
792 1691
473 1338
787 1196
1656 22
2390 1417
1767 495
700 936
3179 1406
384 62
2758 2795
1349 837
2299 1608
2334 2961
262 373
925 898
2257 1373
670 1090
1334 768
2867 1600
1009 2737
2372 781
230 255
1658 1319
1478 1731
1536 93
1735 3153
2355 1601
813 865
2666 364
1053 3152
2594 1718
140 3162
1742 1419
1958 1264
2087 908
682 2523
1692 1565
222 2264
917 1841
3107 1540
3184 2161
2693 2314
2564 3228
1123 892
1007 51
2285 122
3171 2766
424 63
2397 2558
2220 616
872 2875
1303 1412
931 433
410 345
3033 1106
2396 2287
2416 1957
2990 788
1998 978
24 2110
2083 1296
629 69
2663 2214
679 205
1567 1388
138 2400
1624 1430
2526 2038
2454 1970
1660 386
1756 2012
1415 403
751 729
2413 411
3163 1450
176 2538
812 3104
955 415
1486 1690
2924 1252
2849 329
560 1058
294 2754
2170 3038
1743 463
3168 681
2889 3040
2255 2415
3002 1242
2781 1446
1977 2073
1394 137
1903 3006
838 70
196 2846
565 3192
689 2459
2743 2280
90 3245
1275 2282
889 2243
2363 1154
1709 2297
1467 3039
863 438
1713 1177
369 1625
3118 2328
286 665
344 2325
182 2146
335 594
2537 2711
1838 2157
2326 399
488 1152
819 529
29 2394
1247 23
1720 876
1472 2203
1596 2101
38 282
1157 1178
992 2365
1552 2531
130 2573
1198 2042
2948 1824
2007 590
698 2130
742 2559
1615 1598
1737 2096
3210 3235
1639 1188
1024 3134
832 891
1140 513
1435 85
374 1082
491 259
3010 2301
2247 365
2434 937
654 490
458 1826
1890 3174
2468 3094
2267 2603
726 2976
1304 3014
993 1831
2205 1963
1691 1612
1338 2062
1196 2909
22 164
1417 2530
495 400
936 77
1406 346
62 388
2795 1267
837 2725
1608 1891
2961 2496
373 651
898 2974
1373 101
1090 2032
768 504
1600 2749
2737 2658
781 1901
255 1937
1319 2529
1731 4
93 2054
3153 2124
1601 764
865 1241
364 1922
3152 1573
1718 2455
3162 862
1419 2018
1264 2003
908 2813
2523 492
1565 1739
2264 2477
1841 1408
1540 306
2161 570
2314 3158
3228 2876
892 1033
51 2906
122 356
2766 2186
