7224 737109685
86428
86442
86452
86452
86457
86462
86472
86475
86480
86492
86498
86510
86520
86531
86533
86546
86548
86562
86573
86573
86587
86594
86597
86601
86616
86617
86631
86638
86640
86648
86648
86655
86666
86677
86680
86687
86689
86702
86712
86715
86716
86716
86723
86726
86736
86736
86749
86749
86758
86758
86762
86772
86784
86790
86791
86796
86800
86806
86807
86813
86824
86825
86834
86834
86837
86848
86848
86862
86865
86879
86886
86901
86902
86903
86918
86922
86936
86944
86951
86962
86967
86977
86986
86993
86999
86999
87006
87009
87022
87038
87038
87047
87059
87061
87069
87075
87089
87091
87097
87111
87114
87130
87136
87139
87152
87163
87171
87187
87196
87197
87208
87218
87218
87223
87237
87239
87244
87245
87248
87250
87253
87254
87270
87286
87286
87290
87302
87318
87324
87331
87336
87346
87347
87359
87362
87372
87379
87390
87395
87405
87405
87409
87418
87423
87433
87441
87449
87462
87471
87480
87492
87500
87500
87502
87509
87521
87528
87543
87555
87558
87565
87572
87573
87574
87574
87586
87596
87611
87617
87620
87623
87635
87647
87650
87659
87666
87682
87684
87693
87693
87709
87722
87733
87746
87754
87764
87768
87778
87794
87797
87802
87805
87806
87811
87811
87822
87831
87838
87845
87849
87853
87854
87857
87868
87868
87880
87886
87890
87901
87914
87929
87936
87940
87941
87948
87959
87968
87977
87983
87989
88004
88020
88029
88032
88037
88044
88046
88048
88060
88060
88074
88077
88077
88086
88098
88105
88106
88117
88132
88145
88155
88171
88174
88182
88190
88190
88197
88203
88203
88218
88231
88236
88248
88260
88263
88270
88275
88290
88296
88304
88304
88307
88310
88319
88325
88329
88341
88343
88357
88360
88368
88376
88387
88402
88406
88417
88433
88445
88452
88456
88459
88473
88483
88483
88499
88514
88514
88515
88525
88538
88545
88552
88564
88569
88580
88584
88598
88598
88603
88613
88627
88629
88643
88648
88660
88671
88672
88672
88687
88689
88705
88721
88733
88749
88757
88760
88772
88788
88798
88802
88806
88809
88821
88831
88834
88844
88844
88849
88853
88867
88882
88895
88896
88896
88911
88922
88925
88926
88932
88940
88953
88954
88954
88964
88964
88969
88980
88988
89001
89014
89027
89035
89035
89048
89051
89064
89076
89084
89089
89093
89102
89107
89120
89135
89142
89153
89164
89172
89181
89185
89192
89194
89197
89199
89205
89220
89220
89227
89242
89251
89260
89268
89284
89292
89302
89314
89314
89316
89322
89333
89334
89334
89345
89349
89353
89358
89359
89361
89367
89381
89395
89397
89400
89403
89414
89417
89423
89436
89443
89449
89455
89470
89480
89486
89499
89510
89515
89516
89516
89526
89536
89547
89553
89564
89570
89579
89593
89597
89605
89618
89620
89621
89629
89635
89649
89650
89657
89664
89679
89689
89700
89704
89717
89725
89738
89738
89748
89753
89760
89776
89785
89799
89804
89815
89816
89819
89828
89843
89844
89857
89873
89874
89885
89889
89898
89908
89919
89926
89934
89940
89953
89954
89965
89980
89987
89994
90003
90006
90014
90025
90038
90038
90046
90058
90072
90077
90093
90107
90121
90130
90134
90149
90154
90160
90163
90174
90176
90180
90185
90196
90210
90226
90229
90241
90257
90270
90282
90294
90309
90311
90312
90325
90330
90346
90348
90354
90358
90369
90384
90393
90398
90408
90416
90418
90434
90448
90452
90465
90467
90480
90490
90496
90499
90507
90509
90520
90532
90542
90554
90562
90573
90578
90594
90600
90606
90617
90625
90641
90651
90658
90661
90676
90692
90696
90697
90707
90712
90721
90724
90730
90746
90755
90755
90771
90787
90799
90804
90818
90832
90836
90849
90849
90853
90864
90875
90881
90888
90903
90911
90925
90925
90928
90931
90938
90940
90954
90970
90985
90994
91005
91015
91026
91030
91045
91046
91047
91060
91063
91068
91071
91082
91086
91101
91107
91119
91134
91134
91140
91153
91162
91163
91177
91187
91196
91209
91210
91217
91217
91227
91229
91238
91253
91253
91266
91269
91274
91279
91285
91295
91298
91310
91323
91326
91329
91343
91352
91364
91373
91375
91390
91392
91400
91409
91414
91416
91418
91434
91443
91447
91452
91459
91461
91477
91477
91488
91495
91503
91507
91509
91523
91530
91540
91544
91547
91558
91561
91566
91570
91581
91581
91589
91594
91608
91624
91627
91632
91647
91662
91678
91678
91692
91708
91722
91732
91748
91762
91767
91779
91780
91786
91792
91804
91808
91812
91828
91833
91835
91841
91856
91861
91867
91878
91879
91895
91906
91921
91924
91939
91953
91954
91965
91970
91974
91976
91982
91986
91995
92003
92013
92021
92027
92040
92040
92055
92059
92064
92072
92083
92089
92098
92103
92118
92123
92135
92151
92156
92169
92182
92187
92190
92193
92197
92213
92223
92232
92242
92250
92251
92266
92281
92297
92310
92318
92328
92341
92356
92368
92375
92378
92392
92394
92403
92416
92433
92444
92457
92471
92472
92479
92496
92500
92511
92524
92530
92543
92556
92568
92570
92582
92589
92606
92616
92628
92629
92641
92650
92664
92664
92677
92691
92701
92717
92722
92728
92729
92744
92759
92759
92775
92785
92801
92812
92827
92828
92831
92839
92853
92858
92872
92874
92874
92883
92893
92903
92918
92925
92933
92933
92938
92954
92961
92968
92974
92975
92986
93001
93012
93017
93018
93019
93023
93038
93039
93049
93060
93067
93077
93090
93090
93100
93113
93128
93129
93138
93154
93156
93159
93161
93170
93171
93178
93183
93200
93213
93226
93235
93251
93258
93266
93268
93273
93290
93307
93313
93318
93330
93333
93347
93354
93358
93369
93386
93400
93401
93410
93425
93439
93445
93452
93467
93471
93486
93488
93492
93494
93494
93502
93519
93531
93541
93548
93562
93563
93564
93567
93583
93584
93592
93607
93611
93625
93636
93644
93647
93650
93661
93675
93685
93693
93697
93698
93707
93710
93714
93723
93739
93756
93763
93765
93766
93780
93792
93805
93808
93825
93833
93835
93837
93850
93858
93872
93880
93894
93897
93913
93922
93928
93933
93946
93960
93971
93985
93993
93995
94010
94012
94014
94021
94030
94040
94055
94055
94064
94070
94087
94102
94110
94120
94122
94138
94138
94148
94162
94170
94187
94190
94205
94205
94222
94237
94252
94256
94265
94279
94294
94303
94309
94324
94333
94336
94345
94355
94362
94368
94375
94392
94392
94408
94418
94435
94438
94441
94449
94466
94473
94485
94485
94489
94495
94510
94513
94515
94523
94525
94541
94556
94568
94575
94590
94601
94603
94607
94613
94627
94636
94650
94651
94654
94668
94679
94686
94686
94691
94708
94714
94715
94716
94731
94741
94742
94748
94752
94752
94754
94766
94767
94780
94797
94805
94813
94825
94829
94831
94845
94857
94870
94872
94885
94899
94911
94919
94933
94941
94949
94950
94964
94976
94988
94988
94991
94999
95005
95018
95034
95045
95050
95050
95056
95056
95070
95086
95100
95102
95108
95118
95126
95127
95137
95143
95156
95166
95180
95180
95187
95195
95207
95213
95224
95227
95228
95243
95252
95258
95273
95286
95288
95300
95307
95319
95334
95341
95352
95354
95370
95387
95401
95407
95411
95427
95430
95437
95438
95455
95456
95466
95482
95486
95489
95502
95509
95516
95526
95539
95547
95557
95566
95569
95581
95588
95596
95596
95604
95607
95624
95638
95654
95657
95660
95675
95679
95694
95700
95706
95712
95719
95719
95736
95749
95761
95778
95786
95792
95792
95805
95816
95831
95836
95843
95853
95859
95874
95883
95897
95897
95910
95918
95921
95936
95942
95944
95949
95965
95978
95980
95986
95999
96013
96016
96016
96025
96034
96051
96056
96060
96076
96088
96105
96114
96122
96130
96134
96147
96147
96150
96166
96167
96172
96185
96201
96205
96215
96230
96238
96244
96249
96258
96262
96263
96278
96278
96295
96311
96317
96331
96347
96356
96367
96379
96391
96399
96416
96429
96432
96433
96450
96456
96458
96475
96480
96495
96498
96507
96518
96524
96529
96536
96549
96556
96572
96578
96581
96583
96599
96609
96619
96619
96629
96633
96642
96653
96662
96663
96679
96689
96701
96706
96712
96714
96726
96726
96740
96753
96759
96774
96785
96802
96806
96817
96825
96827
96831
96848
96862
96869
96883
96888
96891
96891
96893
96907
96917
96932
96947
96963
96973
96981
96987
96993
97008
97013
97027
97031
97039
97044
97054
97062
97074
97078
97080
97086
97098
97103
97110
97120
97123
97127
97136
97145
97145
97158
97171
97186
97198
97209
97214
97223
97233
97233
97245
97247
97247
97264
97264
97279
97286
97297
97309
97315
97323
97329
97331
97345
97351
97356
97362
97367
97372
97385
97394
97402
97403
97408
97413
97420
97427
97444
97450
97458
97475
97491
97499
97507
97507
97522
97530
97539
97551
97566
97572
97572
97581
97598
97610
97619
97626
97633
97637
97649
97659
97673
97674
97679
97680
97694
97696
97703
97714
97726
97733
97750
97755
97764
97770
97776
97785
97794
97810
97823
97824
97826
97833
97844
97854
97864
97875
97875
97880
97886
97888
97903
97911
97912
97923
97941
97943
97959
97974
97982
97982
97987
97991
97999
98015
98017
98025
98039
98040
98045
98052
98064
98075
98087
98094
98102
98103
98111
98127
98141
98147
98148
98161
98168
98172
98172
98186
98192
98196
98211
98225
98226
98230
98238
98249
98252
98256
98274
98291
98304
98320
98333
98335
98347
98357
98357
98373
98391
98409
98421
98421
98425
98425
98431
98435
98443
98456
98472
98480
98490
98506
98518
98531
98536
98543
98548
98566
98569
98571
98585
98589
98604
98613
98626
98634
98636
98654
98655
98664
98678
98686
98698
98714
98719
98726
98732
98734
98735
98741
98749
98749
98766
98779
98779
98797
98804
98810
98810
98815
98822
98839
98845
98846
98855
98870
98886
98894
98898
98909
98916
98932
98950
98957
98959
98976
98992
98992
98999
99001
99016
99034
99048
99060
99070
99079
99083
99090
99108
99122
99133
99148
99154
99167
99170
99185
99185
99187
99197
99208
99222
99233
99238
99245
99259
99269
99278
99281
99297
99315
99325
99340
99350
99362
99380
99398
99399
99410
99421
99421
99432
99437
99441
99444
99449
99458
99471
99479
99479
99480
99481
99491
99503
99507
99525
99528
99532
99543
99555
99573
99574
99592
99606
99623
99627
99645
99652
99666
99675
99679
99690
99700
99716
99723
99729
99729
99743
99745
99759
99774
99783
99792
99801
99810
99826
99827
99837
99844
99844
99862
99870
99870
99878
99889
99894
99908
99909
99913
99918
99936
99948
99966
99974
99981
99993
100005
100005
100015
100019
100020
100037
100041
100055
100065
100083
100098
100107
100109
100125
100143
100153
100168
100168
100170
100170
100171
100186
100192
100208
100222
100232
100236
100252
100254
100261
100270
100286
100289
100302
100303
100309
100326
100337
100349
100367
100368
100383
100399
100406
100416
100426
100436
100450
100451
100451
100464
100476
100490
100501
100502
100504
100507
100507
100523
100526
100535
100550
100551
100551
100558
100563
100569
100579
100581
100599
100599
100610
100615
100631
100637
100644
100662
100671
100672
100687
100692
100694
100702
100719
100726
100739
100748
100757
100762
100764
100772
100779
100786
100787
100791
100804
100805
100813
100813
100823
100840
100857
100861
100873
100884
100897
100900
100902
100918
100936
100943
100953
100968
100970
100974
100978
100978
100991
101001
101002
101003
101004
101018
101029
101043
101052
101058
101073
101076
101079
101079
101083
101094
101108
101117
101126
101144
101160
101160
101169
101173
101183
101191
101208
101222
101233
101238
101245
101251
101259
101277
101288
101292
101298
101316
101329
101345
115146
116137
116218
120117
120558
120602
120698
120706
120708
120716
120719
120721
120722
120727
120734
120738
120739
120742
120745
120746
120746
120752
120754
120756
120757
120760
120763
120765
120765
120769
120769
120774
120776
120778
120779
120783
120784
120788
120790
120793
120796
120798
120798
120800
120800
120806
120806
120807
120810
120810
120814
120818
120818
120821
120822
120827
120828
120835
120838
120840
120843
120845
120847
120847
120851
120853
120856
120857
120861
120861
120861
120863
120864
120864
120872
120878
120880
120882
120883
120888
120890
120891
120894
120896
120899
120900
120900
120901
120909
120909
120911
120914
120914
120917
120918
120922
120922
120924
120927
120930
120930
120935
120939
120942
120944
120948
120950
120954
120954
120955
120958
120962
120965
120968
120970
120972
120975
120977
120977
120979
120979
120987
120988
120991
120992
120996
120996
120999
121001
121003
121006
121007
121009
121010
121010
121014
121019
121025
121027
121029
121031
121031
121033
121035
121036
121042
121043
121048
121051
121052
121053
121056
121059
121063
121064
121068
121069
121070
121073
121076
121079
121081
121083
121086
121088
121090
121090
121094
121094
121100
121102
121105
121107
121109
121113
121115
121117
121117
121117
121123
121128
121130
121131
121132
121137
121137
121142
121144
121145
121147
121151
121153
121153
121155
121156
121158
121166
121168
121170
121170
121173
121178
121180
121182
121182
121182
121184
121186
121186
121193
121200
121200
121201
121207
121210
121210
121214
121217
121217
121218
121221
121226
121227
121227
121227
121229
121236
121238
121239
121246
121247
121250
121250
121255
121255
121257
121262
121263
121263
121267
121272
121272
121276
121277
121282
121283
121285
121286
121287
121293
121293
121296
121299
121305
121306
121307
121310
121314
121317
121319
121321
121323
121323
121329
121330
121335
121336
121337
121340
121341
121345
121349
121350
121351
121354
121356
121360
121361
121361
121364
121367
121373
121376
121378
121380
121383
121386
121386
121390
121392
121395
121398
121399
121403
121406
121408
121409
121410
121412
121414
121419
121423
121425
121425
121431
121432
121433
121437
121438
121442
121443
121444
121444
121453
121454
121457
121458
121461
121461
121461
121467
121470
121473
121477
121480
121480
121484
121486
121486
121486
121486
121495
121500
121503
121504
121507
121507
121508
121511
121513
121517
121518
121525
121526
121528
121533
121535
121538
121540
121543
121545
121545
121550
121552
121554
121558
121558
121558
121562
121562
121564
121567
121568
121568
121568
121578
121580
121582
121590
121593
121596
121597
121597
121597
121605
121607
121608
121611
121611
121614
121621
121621
121622
121629
121629
121630
121630
121637
121639
121642
121645
121645
121646
121650
121650
121654
121658
121663
121666
121666
121667
121672
121677
121678
121678
121679
121684
121688
121692
121694
121697
121700
121701
121703
121706
121710
121713
121714
121715
121717
121717
121721
121727
121727
121730
121730
121737
121739
121743
121743
121746
121747
121749
121754
121757
121757
121760
121760
121762
121767
121768
121774
121775
121777
121784
121787
121789
121791
121793
121793
121795
121796
121798
121802
121807
121808
121810
121813
121817
121818
121819
121825
121826
121827
121830
121833
121834
121834
121843
121843
121849
121854
121855
121858
121858
121864
121866
121868
121869
121869
121875
121879
121881
121881
121887
121888
121890
121890
121892
121895
121899
121902
121906
121910
121910
121910
121914
121920
121922
121925
121929
121931
121933
121935
121938
121939
121940
121945
121947
121950
121951
121953
121959
121961
121962
121963
121970
121973
121974
121976
121976
121981
121984
121986
121990
121990
121991
121992
121997
122003
122006
122007
122012
122014
122017
122019
122020
122023
122024
122025
122034
122036
122039
122041
122043
122046
122046
122050
122050
122054
122054
122057
122063
122068
122070
122072
122073
122077
122081
122083
122085
122087
122090
122090
122093
122094
122101
122101
122102
122108
122108
122112
122114
122115
122122
122125
122126
122127
122133
122133
122133
122141
122145
122145
122149
122151
122155
122155
122157
122163
122164
122168
122171
122173
122174
122177
122179
122181
122184
122186
122187
122187
122198
122200
122201
122202
122208
122211
122214
122214
122218
122222
122223
122226
122226
122231
122231
122238
122241
122242
122242
122242
122249
122249
122254
122255
122257
122262
122264
122268
122268
122272
122272
122273
122278
122282
122282
122288
122291
122298
122300
122300
122300
122306
122306
122306
122306
122318
122319
122325
122327
122327
122330
122334
122337
122337
122341
122341
122342
122345
122346
122355
122358
122361
122362
122365
122365
122368
122369
122376
122382
122384
122386
122387
122389
122395
122396
122398
122403
122405
122406
122408
122410
122413
122416
122418
122424
122427
122427
122430
122434
122434
122441
122441
122446
122450
122452
122452
122452
122458
122462
122464
122466
122468
122473
122477
122477
122479
122485
122487
122487
122491
122491
122493
122496
122502
122507
122510
122510
122515
122516
122521
122521
122522
122527
122531
122534
122537
122538
122538
122538
122541
122541
122553
122555
122559
122561
122563
122564
122570
122570
122570
122571
122582
122585
122586
122589
122589
122596
122597
122600
122604
122604
122605
122613
122615
122616
122621
122622
122626
122627
122627
122632
122635
122637
122639
122639
122644
122651
122655
122655
122658
122658
122660
122660
122663
122664
122674
122675
122677
122683
122686
122688
122693
122695
122696
122696
122701
122706
122706
122713
122715
122718
122718
122718
122724
122728
122728
122730
122738
122739
122742
122746
122746
122753
122755
122755
122756
122756
122764
122768
122771
122773
122775
122775
122775
122778
122788
122789
122795
122797
122799
122800
122803
122806
122811
122812
122815
122818
122822
122826
122828
122829
122834
122835
122837
122837
122841
122842
122843
122846
122856
122860
122863
122864
122869
122870
122874
122877
122879
122879
122884
122887
122888
122888
122893
122893
122893
122897
122906
122909
122911
122912
122914
122921
122923
122923
122926
122927
122937
122940
122943
122946
122949
122950
122952
122953
122961
122963
122963
122969
122971
122972
122977
122979
122982
122984
122987
122988
122990
122997
123001
123001
123003
123005
123008
123009
123016
123016
123017
123019
123029
123030
123035
123036
123036
123037
123045
123046
123053
123056
123056
123062
123063
123063
123064
123064
123075
123077
123080
123084
123087
123090
123091
123093
123095
123098
123102
123105
123109
123114
123115
123116
123121
123126
123127
123130
123131
123134
123134
123141
123146
123147
123149
123150
123156
123160
123161
123167
123167
123172
123174
123174
123178
123182
123182
123182
123182
123194
123194
123200
123203
123205
123205
123207
123215
123216
123221
123222
123227
123230
123234
123234
123235
123239
123246
123248
123250
123251
123252
123261
123263
123267
123267
123267
123267
123270
123276
123285
123286
123289
123293
123293
123296
123302
123306
123309
123312
123312
123316
123316
123323
123323
123323
123327
123335
123337
123341
123341
123341
123343
123344
123352
123355
123359
123364
123368
123369
123370
123375
123380
123383
123385
123388
123388
123394
123396
123400
123401
123403
123404
123409
123415
123417
123422
123423
123425
123428
123432
123437
123438
123441
123445
123447
123451
123455
123456
123457
123459
123466
123470
123473
123476
123480
123480
123483
123488
123491
123491
123494
123496
123503
123506
123509
123512
123513
123515
123519
123520
123527
123529
123530
123530
123530
123533
123546
123546
123552
123553
123555
123560
123561
123566
123570
123573
123576
123576
123582
123584
123588
123589
123592
123598
123598
123600
123606
123606
123610
123615
123616
123617
123622
123622
123632
123635
123636
123636
123636
123647
123648
123653
123654
123654
123658
123662
123664
123667
123674
123676
123677
123681
123682
123682
123683
123693
123694
123699
123699
123700
123702
123704
123710
123713
123720
123721
123725
123733
123735
123737
123741
123741
123749
123752
123752
123753
123756
123756
123766
123771
123772
123777
123780
123782
123783
123785
123785
123791
123797
123800
123803
123805
123810
123814
123815
123816
123817
123826
123827
123828
123829
123833
123834
123843
123845
123850
123850
123854
123854
123856
123862
123864
123865
123865
123878
123879
123879
123888
123892
123895
123897
123901
123903
123905
123906
123910
123910
123916
123920
123920
123929
123932
123932
123932
123938
123943
123946
123950
123955
123957
123957
123960
123962
123970
123974
123977
123981
123982
123983
123989
123989
123989
123996
123997
123997
124003
124006
124009
124018
124018
124019
124023
124031
124035
124035
124040
124044
124046
124047
124053
124055
124059
124063
124065
124067
124072
124076
124078
124083
124086
124089
124091
124091
124096
124098
124104
124107
124109
124111
124114
124116
124124
124124
124125
124131
124133
124140
124142
124144
124146
124146
124154
124155
124156
124165
124169
124169
124172
124177
124179
124182
124187
124188
124189
124189
124192
124200
124202
124203
124206
124216
124218
124223
124227
124227
124231
124232
124239
124239
124243
124250
124251
124255
124260
124263
124263
124265
124265
124265
124268
124276
124280
124285
124285
124293
124294
124301
124303
124306
124310
124311
124314
124321
124322
124325
124325
124330
124334
124340
124341
124346
124346
124353
124358
124361
124362
124368
124369
124373
124373
124379
124382
124387
124387
124390
124396
124398
124403
124407
124408
124412
124415
124416
124417
124427
124427
124433
124436
124440
124440
124443
124449
124453
124457
124458
124463
124465
124465
124466
124466
124468
124471
124473
124483
124484
124493
124498
124503
124503
124503
124511
124515
124520
124522
124523
124523
124532
124535
124536
124540
124545
124548
124549
124554
124557
124560
124560
124560
124562
124563
124579
124579
124582
124588
124588
124595
124595
124597
124604
124608
124611
124617
124617
124623
124623
124630
124632
124632
124635
124642
124647
124650
124653
124654
124658
124661
124665
124667
124673
124673
124673
124675
124679
124685
124694
124694
124700
124701
124708
124711
124713
124714
124719
124725
124728
124729
124732
124732
124739
124745
124748
124748
124754
124756
124760
124764
124768
124769
124769
124771
124781
124781
124784
124784
124784
124794
124800
124803
124810
124813
124814
124815
124822
124822
124830
124834
124837
124839
124843
124848
124851
124853
124855
124860
124861
124867
124869
124873
124874
124874
124884
124884
124890
124891
124894
124898
124903
124905
124909
124910
124912
124917
124926
124928
124928
124934
124940
124941
124943
124946
124954
124954
124959
124964
124968
124970
124974
124979
124982
124984
124985
124993
124994
124996
124996
125002
125008
125011
125012
125014
125023
125028
125030
125034
125035
125036
125041
125047
125048
125055
125058
125059
125062
125066
125069
125069
125077
125077
125081
125086
125092
125092
125094
125097
125100
125101
125109
125109
125112
125122
125129
125129
125133
125137
125143
125147
125150
125152
125152
125155
125164
125165
125170
125170
125174
125180
125181
125183
125190
125191
125196
125202
125205
125210
125210
125217
125220
125225
125229
125230
125234
125234
125239
125241
125244
125244
125256
125258
125258
125267
125269
125272
125277
125281
125283
125288
125291
125296
125299
125303
125303
125304
125313
125318
125319
125325
125327
125330
125332
125339
125341
125345
125346
125346
125350
125357
125363
125367
125367
125370
125376
125378
125386
125388
125391
125395
125396
125397
125404
125410
125411
125418
125422
125425
125427
125432
125432
125432
125432
125448
125449
125450
125452
125453
125464
125464
125469
125476
125477
125480
125481
125483
125488
125493
125496
125504
125504
125509
125511
125511
125513
125515
125525
125529
125532
125532
125541
125545
125550
125555
125557
125558
125558
125559
125567
125577
125583
125583
125587
125590
125593
125593
125594
125604
125609
125610
125616
125618
125622
125622
125633
125637
125639
125641
125649
125649
125653
125655
125662
125667
125669
125672
125673
125673
125684
125686
125692
125697
125700
125702
125702
125706
125714
125717
125718
125718
125729
125729
125736
125739
125742
125747
125751
125755
125758
125762
125762
125763
125770
125773
125776
125783
125787
125791
125791
125792
125801
125804
125806
125812
125816
125818
125819
125825
125829
125837
125841
125841
125848
125849
125851
125855
125864
125865
125866
125876
125880
125880
125888
125891
125895
125896
125898
125907
125910
125911
125911
125917
125924
125928
125931
125935
125936
125938
125941
125951
125952
125960
125962
125962
125966
125969
125978
125978
125980
125989
125993
125994
126000
126003
126005
126009
126014
126017
126021
126028
126028
126032
126038
126039
126042
126048
126049
126057
126061
126061
126066
126072
126075
126080
126084
126084
126089
126093
126099
126104
126108
126110
126114
126115
126116
126120
126128
126135
126137
126140
126141
126145
126150
126153
126160
126160
126167
126167
126169
126172
126180
126188
126188
126189
126196
126203
126204
126208
126216
126217
126217
126217
126220
126237
126238
126243
126245
126249
126250
126259
126263
126263
126264
126274
126277
126279
126279
126284
126289
126297
126303
126303
126308
126310
126318
126320
126325
126330
126334
126337
126339
126344
126350
126350
126353
126361
126366
126368
126370
126375
126378
126384
126390
126393
126394
126395
126395
126397
126402
126408
126414
126417
126428
126431
126437
126437
126443
126448
126448
126453
126460
126461
126468
126472
126473
126479
126483
126489
126490
126496
126498
126503
126509
126513
126513
126513
126524
126526
126526
126529
126531
126543
126543
126551
126553
126556
126559
126560
126571
126571
126579
126581
126585
126589
126591
126593
126602
126604
126607
126609
126613
126622
126625
126633
126636
126638
126644
126646
126650
126652
126658
126663
126669
126670
126677
126681
126686
126688
126693
126697
126702
126702
126702
126703
126717
126722
126725
126729
126731
126736
126739
126745
126748
126751
126755
126762
126766
126771
126771
126774
126778
126784
126787
126787
126789
126794
126802
126805
126812
126816
126825
126827
126827
126827
126839
126842
126849
126852
126855
126856
126859
126870
126871
126877
126881
126886
126890
126891
126896
126898
126902
126902
126910
126919
126922
126923
126923
126925
126938
126943
126947
126949
126954
126958
126959
126959
126967
126973
126975
126981
126982
126985
126994
126997
127000
127004
127012
127019
127023
127024
127028
127030
127033
127034
127040
127045
127047
127056
127056
127060
127065
127068
127076
127081
127088
127095
127098
127101
127104
127105
127108
127108
127122
127126
127126
127136
127140
127145
127149
127149
127153
127158
127158
127163
127173
127174
127182
127183
127188
127188
127196
127199
127207
127208
127217
127220
127224
127226
127234
127237
127240
127241
127244
127252
127257
127260
127267
127268
127270
127281
127284
127287
127291
127293
127302
127303
127311
127313
127314
127318
127326
127330
127334
127339
127345
127347
127351
127353
127356
127360
127367
127373
127380
127380
127381
127389
127397
127401
127401
127405
127409
127413
127420
127422
127424
127433
127435
127441
127448
127451
127456
127457
127464
127464
127471
127471
127481
127482
127482
127497
127499
127501
127504
127507
127513
127522
127526
127531
127533
127538
127540
127542
127551
127557
127562
127565
127567
127574
127578
127580
127582
127588
127590
127600
127602
127607
127611
127615
127621
127626
127631
127631
127639
127642
127646
127651
127655
127655
127661
127668
127668
127679
127684
127684
127685
127692
127693
127705
127705
127710
127718
127725
127726
127728
127738
127738
127742
127745
127756
127761
127762
127768
127774
127775
127776
127787
127789
127797
127801
127803
127806
127808
127817
127822
127826
127833
127837
127839
127842
127843
127848
127860
127860
127860
127871
127873
127880
127882
127887
127896
127899
127902
127903
127909
127917
127922
127925
127932
127933
127937
127940
127944
127953
127954
127958
127966
127969
127976
127978
127986
127987
127992
127994
127997
128002
128007
128012
128014
128025
128031
128032
128036
128045
128047
128047
128054
128063
128066
128069
128073
128079
128086
128088
128096
128097
128104
128106
128110
128110
128113
128120
128123
128131
128131
128139
128145
128150
128151
128157
128157
128163
128163
128179
128184
128187
128195
128201
128203
128206
128215
128218
128222
128226
128231
128232
128237
128239
128248
128253
128253
128265
128267
128274
128274
128283
128289
128289
128289
128297
128304
128304
128308
128313
128316
128323
128332
128340
128341
128348
128349
128356
128362
128367
128368
128368
128381
128382
128384
128390
128402
128403
128407
128414
128414
128423
128426
128433
128433
128435
128446
128449
128449
128450
128452
128460
128475
128482
128484
128491
128495
128500
128501
128505
128512
128514
128524
128527
128531
128536
128540
128543
128554
128557
128560
128561
128574
128578
128582
128585
128591
128595
128600
128607
128612
128613
128621
128623
128626
128635
128639
128641
128642
128650
128659
128662
128670
128673
128678
128680
128682
128687
128698
128699
128705
128712
128713
128719
128727
128731
128735
128737
128742
128742
128742
128751
128763
128766
128768
128774
128778
128788
128794
128796
128803
128810
128811
128819
128820
128820
128830
128831
128842
128850
128854
128856
128863
128863
128869
128879
128882
128886
128891
128894
128900
128906
128909
128918
128919
128923
128927
128932
128933
128935
128945
128950
128955
128961
128965
128965
128982
128985
128986
128986
129001
129006
129012
129014
129016
129025
129026
129037
129039
129043
129046
129048
129060
129064
129067
129068
129075
129078
129091
129091
129093
129106
129111
129115
129119
129126
129126
129129
129133
129146
129152
129155
129162
129163
129172
129175
129181
129182
129186
129186
129200
129204
129207
129212
129217
129228
129229
129231
129238
129238
129247
129255
129261
129263
129271
129271
129271
129283
129294
129296
129299
129304
129313
129317
129324
129329
129329
129337
129344
129348
129348
129360
129364
129367
129367
129376
129384
129388
129390
129391
129403
129407
129408
129410
129411
129411
129424
129432
129441
129444
129451
129459
129463
129471
129477
129477
129481
129482
129493
129496
129502
129502
129512
129518
129521
129534
129540
129542
129546
129546
129549
129567
129570
129573
129575
129586
129587
129595
129603
129608
129609
129612
129619
129624
129629
129633
129635
129636
129638
129652
129658
129671
129675
129679
129685
129691
129696
129701
129703
129704
129707
129723
129728
129731
129737
129738
129740
129756
129756
129760
129764
129771
129771
129782
129782
129787
129794
129805
129808
129810
129813
129829
129832
129835
129843
129844
129853
129855
129865
129869
129874
129881
129887
129888
129894
129903
129905
129913
129917
129921
129925
129931
129936
129938
129939
129953
129963
129964
129972
129973
129981
129984
129992
129997
130006
130007
130007
130013
130021
130022
130037
130041
130047
130052
130057
130057
130065
130066
130080
130085
130093
130099
130103
130105
130105
130110
130119
130127
130134
130134
130144
130146
130159
130159
130162
130174
130177
130186
130191
130192
130193
130195
130212
130215
130219
130219
130236
130238
130240
130245
130248
130259
130265
130272
130279
130284
130285
130291
130291
130303
130312
130314
130320
130327
130331
130339
130343
130346
130357
130361
130366
130367
130376
130385
130390
130390
130394
130397
130411
130416
130419
130423
130431
130435
130439
130451
130452
130455
130458
130467
130481
130483
130483
130497
130501
130509
130509
130520
130521
130523
130536
130541
130543
130544
130554
130555
130563
130575
130577
130588
130589
130593
130597
130606
130613
130621
130623
130629
130636
130641
130649
130656
130662
130665
130673
130674
130676
130689
130694
130694
130701
130711
130715
130716
130717
130735
130740
130746
130746
130753
130760
130761
130766
130779
130784
130788
130795
130795
130798
130809
130815
130827
130834
130838
130846
130849
130857
130863
130868
130870
130879
130879
130890
130891
130896
130903
130916
130917
130927
130933
130935
130937
130939
130955
130956
130962
130971
130973
130979
130990
130990
130990
130990
131002
131018
131019
131032
131034
131042
131047
131047
131053
131058
131072
131078
131079
131086
131089
131091
131094
131107
131118
131120
131133
131138
131144
131144
131146
131156
131160
131173
131181
131181
131187
131199
131199
131205
131209
131221
131228
131234
131237
131244
131253
131258
131260
131269
131277
131281
131283
131293
131298
131303
131312
131317
131325
131329
131331
131337
131346
131352
131359
131365
131367
131371
131385
131386
131397
131399
131399
131414
131414
131417
131424
131437
131439
131448
131456
131463
131464
131472
131477
131479
131481
131485
131493
131496
131509
131517
131532
131533
131535
131544
131548
131559
131559
131559
131573
131581
131591
131595
131597
131604
131607
131620
131628
131633
131639
131640
131644
131645
131647
131665
131672
131683
131690
131692
131703
131711
131714
131719
131729
131733
131733
131734
131749
131750
131757
131765
131766
131784
131787
131797
131797
131808
131810
131813
131821
131824
131833
131842
131843
131850
131861
131870
131880
131882
131885
131898
131901
131903
131910
131911
131924
131937
131942
131943
131952
131952
131968
131972
131981
131983
131990
131995
131999
132003
132015
132021
132032
132035
132035
132051
132051
132056
132067
132077
132083
132086
132091
132099
132105
132107
132114
132127
132133
132134
132139
132149
132156
132158
132159
132164
132176
132183
132198
132200
132206
132216
132222
132231
132232
132235
132244
132255
132255
132257
132263
132271
132271
132292
132303
132310
132313
132315
132329
132331
132337
132344
132349
132358
132361
132363
132379
132382
132392
132397
132399
132415
132415
132426
132432
132437
132442
132443
132454
132462
132474
132478
132488
132488
132498
132507
132509
132519
132524
132530
132539
132545
132548
132548
132557
132559
132559
132575
132584
132589
132604
132610
132617
132623
132631
132639
132647
132654
132654
132667
132672
132672
132678
132687
132701
132706
132706
132717
132721
132722
132731
132740
132754
132761
132762
132762
132764
132765
132786
132786
132800
132808
132815
132819
132826
132833
132839
132841
132854
132855
132856
132879
132879
132884
132888
132905
132915
132915
132933
132936
132936
132936
132946
132954
132955
132972
132976
132989
133000
133006
133008
133018
133018
133021
133031
133041
133052
133058
133070
133072
133074
133089
133090
133090
133112
133118
133124
133132
133134
133135
133137
133152
133166
133168
133170
133185
133197
133202
133209
133209
133224
133224
133236
133244
133250
133260
133266
133272
133277
133288
133288
133295
133310
133314
133315
133325
133330
133339
133346
133349
133354
133374
133377
133383
133392
133395
133398
133398
133422
133427
133428
133432
133447
133452
133455
133465
133467
133472
133489
133489
133507
133516
133516
133520
133528
133539
133543
133545
133561
133561
133563
133576
133579
133590
133608
133615
133617
133632
133633
133641
133642
133648
133649
133664
133671
133683
133694
133700
133705
133715
133719
133719
133728
133735
133743
133759
133761
133775
133775
133782
133800
133801
133806
133811
133822
133835
133839
133842
133850
133857
133860
133871
133888
133896
133896
133910
133919
133923
133926
133931
133937
133952
133957
133970
133970
133972
133981
133997
134003
134008
134020
134022
134036
134038
134050
134057
134057
134068
134082
134087
134089
134099
134106
134117
134119
134119
134130
134143
134153
134163
134172
134172
134187
134196
134197
134198
134212
134212
134227
134240
134243
134250
134263
134264
134264
134276
134281
134304
134310
134319
134326
134332
134336
134336
134355
134358
134370
134375
134388
134396
134399
134407
134409
134409
134434
134437
134445
134448
134465
134473
134474
134485
134494
134500
134504
134516
134528
134529
134533
134535
134554
134559
134559
134571
134580
134590
134590
134598
134607
134623
134625
134640
134652
134660
134661
134662
134667
134687
134698
134703
134708
134710
134724
134740
134746
134751
134755
134756
134771
134777
134781
134786
134811
134812
134812
134824
134842
134842
134848
134855
134865
134875
134885
134899
134905
134911
134912
134922
134932
134939
134955
134958
134971
134979
134985
134996
135000
135011
135012
135012
135021
135029
135031
135055
135064
135066
135073
135073
135075
135084
135108
135119
135121
135123
135133
135156
135166
135170
135177
135185
135187
135196
135207
135220
135229
135232
135242
135248
135248
135269
135274
135287
135288
135288
135290
135299
135314
135333
135338
135346
135351
135364
135379
135389
135390
135396
135415
135422
135424
135430
135447
135449
135454
135470
135482
135488
135492
135507
135516
135523
135526
135535
135539
135539
135550
135566
135567
135573
135576
135608
135612
135614
135634
135635
135635
135654
135654
135657
135667
135684
135700
135706
135717
135718
135719
135727
135745
135753
135763
135779
135786
135793
135804
135806
135821
135828
135834
135835
135847
135862
135870
135882
135888
135899
135907
135909
135914
135918
135923
135937
135952
135960
135967
135968
135968
135985
136012
136013
136025
136026
136029
136051
136060
136070
136083
136085
136088
136108
136115
136117
136130
136144
136146
136157
136164
136178
136181
136188
136190
136203
136216
136221
136227
136233
136239
136264
136265
136269
136286
136302
136308
136308
136331
136336
136343
136357
136359
136360
136373
136377
136398
136404
136420
136426
136438
136441
136458
136463
136474
136478
136494
136496
136503
136515
136519
136520
136547
136551
136553
136560
136560
136589
136603
136608
136609
136609
136618
136634
136642
136664
136675
136679
136691
136695
136709
136711
136718
136736
136744
136748
136757
136770
136776
136776
136800
136815
136817
136831
136831
136851
136855
136865
136875
136876
136897
136899
136901
136902
136924
136937
136943
136955
136958
136964
136991
136992
137008
137010
137027
137030
137040
137045
137059
137071
137087
137091
137093
137104
137119
137134
137142
137145
137155
137158
137164
137164
137182
137200
137218
137223
137237
137249
137256
137265
137272
137280
137282
137306
137310
137315
137333
137345
137355
137360
137362
137363
137376
137400
137410
137420
137420
137442
137444
137459
137461
137479
137485
137501
137508
137517
137526
137534
137550
137555
137559
137573
137578
137581
137599
137599
137618
137627
137648
137657
137661
137661
137670
137688
137692
137694
137718
137720
137737
137747
137750
137754
137784
137789
137793
137798
137799
137801
137822
137822
137850
137857
137888
137888
137898
137908
137919
137938
137949
137958
137961
137964
137975
137998
137999
138011
138012
138029
138029
138030
138060
138072
138075
138099
138100
138101
138116
138130
138134
138137
138166
138183
138187
138189
138195
138220
138222
138234
138254
138258
138271
138280
138280
138307
138312
138328
138332
138336
138336
138356
138367
138371
138373
138396
138416
138427
138430
138439
138454
138456
138459
138470
138472
138499
138518
138533
138546
138554
138568
138572
138590
138598
138599
138612
138619
138632
138652
138656
138658
138686
138697
138700
138702
138712
138730
138736
138749
138767
138781
138783
138793
138809
138821
138830
138832
138843
138860
138866
138886
138894
138899
138922
138926
138942
138949
138954
138956
138965
138969
139009
139021
139025
139027
139048
139056
139063
139084
139096
139107
139111
139120
139122
139127
139150
139172
139176
139182
139196
139196
139224
139224
139249
139262
139269
139275
139281
139302
139316
139316
139316
139341
139354
139364
139366
139378
139391
139397
139416
139442
139447
139465
139468
139472
139485
139492
139501
139518
139524
139538
139565
139579
139583
139601
139601
139617
139635
139638
139639
139647
139683
139683
139693
139702
139707
139736
139736
139753
139757
139772
139783
139792
139817
139833
139836
139848
139855
139856
139880
139892
139900
139905
139924
139927
139956
139959
139970
139978
139993
140002
140019
140043
140046
140060
140076
140087
140097
140113
140122
140125
140135
140152
140163
140169
140176
140177
140197
140215
140244
140246
140268
140273
140293
140299
140300
140314
140319
140340
140358
140366
140372
140372
140393
140417
140419
140424
140455
140472
140480
140492
140494
140508
140520
140527
140555
140558
140578
140595
140595
140613
140629
140645
140648
140663
140663
140669
140702
140717
140718
140722
140739
140754
140769
140773
140787
140800
140809
140810
140832
140832
140848
140892
140899
140917
140923
140923
140926
140950
140977
140985
140990
141006
141028
141040
141040
141065
141078
141094
141099
141111
141122
141138
141151
141151
141174
141187
141208
141219
141232
141238
141253
141257
141267
141296
141310
141325
141329
141347
141355
141362
141384
141400
141410
141414
141427
141455
141455
141455
141472
141494
141498
141532
141538
141542
141552
141567
141597
141610
141614
141639
141644
141665
141667
141669
141701
141704
141724
141724
141744
141763
141776
141791
141799
141818
141830
141852
141855
141876
141890
141899
141904
141917
141937
141951
141958
141979
141986
142013
142022
142024
142041
142061
142062
142075
142101
142121
142134
142146
142146
142174
142174
142199
142217
142223
142241
142246
142254
142263
142268
142271
142279
142336
142349
142361
142374
142380
142391
142417
142429
142429
142450
142460
142460
142476
142481
142530
142533
142562
142567
142594
142606
142609
142614
142625
142653
142659
142668
142694
142719
142719
142732
142736
142766
142772
142792
142792
142836
142849
142864
142864
142879
142885
142899
142921
142939
142959
142966
142977
143002
143003
143033
143052
143067
143069
143070
143074
143114
143115
143135
143167
143171
143176
143181
143220
143233
143252
143260
143260
143302
143305
143310
143327
143340
143359
143392
143402
143411
143427
143448
143455
143474
143488
143493
143511
143531
143537
143552
143554
143581
143586
143609
143646
143658
143671
143671
143706
143721
143726
143746
143747
143754
143775
143815
143816
143831
143832
143849
143863
143889
143903
143914
143946
143962
143965
143995
144005
144030
144045
144050
144067
144085
144105
144122
144132
144138
144164
144176
144179
144179
144208
144220
144238
144260
144277
144284
144302
144311
144328
144337
144351
144389
144412
144429
144430
144448
144482
144507
144523
144538
144546
144561
144588
144596
144596
144601
144612
144641
144676
144688
144714
144718
144720
144737
144743
144747
144808
144831
144849
144850
144857
144878
144901
144922
144941
144941
144967
144972
144980
145017
145042
145054
145062
145066
145066
145102
145111
145116
145155
145184
145204
145228
145247
145259
145272
145272
145312
145327
145337
145347
145363
145386
145390
145413
145429
145436
145459
145460
145513
145513
145516
145523
145542
145602
145617
145643
145658
145661
145675
145693
145697
145736
145753
145759
145777
145811
145817
145836
145845
145871
145889
145919
145937
145953
145954
145989
146004
146021
146030
146045
146081
146088
146099
146119
146148
146149
146182
146185
146208
146243
146243
146265
146274
146317
146320
146344
146349
146358
146392
146405
146405
146410
146436
146440
146458
146491
146492
146572
146590
146595
146623
146636
146640
146641
146653
146703
146717
146755
146773
146780
146791
146813
146851
146870
146878
146889
146912
146932
146965
146984
146990
147005
147026
147053
147081
147093
147097
147138
147140
147162
147179
147202
147208
147233
147253
147286
147299
147327
147336
147336
147364
147383
147418
147438
147463
147479
147499
147525
147537
147542
147556
147556
147620
147620
147650
147669
147684
147692
147733
147758
147761
147803
147806
147836
147845
147864
147891
147897
147933
147950
147966
147970
148004
148018
148019
148056
148065
148110
148110
148133
148178
148182
148189
148246
148265
148268
148280
148300
148320
148332
148349
148360
148420
148434
148439
148453
148483
148537
148537
148562
148566
148597
148615
148666
148668
148696
148712
148745
148752
148772
148787
148795
148814
148859
148860
148917
148918
148960
148983
148996
149012
149046
149071
149096
149105
149136
149136
149156
149183
149224
149242
149260
149270
149296
149307
149342
149352
149376
149410
149422
149454
149454
149475
149499
149505
149508
149567
149613
149625
149670
149688
149704
149721
149737
149759
149807
149820
149842
149855
149894
149904
149920
149940
149958
149969
149986
150010
150031
150096
150115
150129
150173
150176
150209
150237
150238
150271
150282
150301
150362
150374
150402
150423
150444
150445
150498
150503
150529
150539
150592
150619
150628
150653
150662
150716
150728
150744
150779
150796
150813
150831
150873
150882
150912
150957
150974
150996
150996
151007
151061
151077
151133
151135
151151
151152
151227
151251
151265
151270
151281
151305
151350
151375
151379
151414
151429
151495
151530
151553
151558
151604
151629
151658
151683
151694
151727
151735
151760
151810
151813
151841
151848
151848
151878
151968
151983
151998
152011
152071
152083
152107
152126
152133
152146
152160
152206
152249
152308
152329
152329
152363
152369
152427
152459
152460
152471
152550
152572
152597
152616
152620
152643
152646
152676
152751
152763
152801
152821
152851
152855
152858
152909
152934
152957
152969
153013
153058
153100
153125
153131
153165
153187
153205
153279
153290
153305
153378
153378
153428
153457
153478
153497
153499
153536
153575
153611
153665
153673
153711
153717
153734
153789
153830
153852
153879
153921
153928
153942
154014
154028
154043
154063
154106
154110
154116
154152
154211
154267
154277
154339
154373
154384
154403
154431
154479
154514
154526
154583
154595
154628
154670
154705
154709
154731
154751
154765
154833
154862
154893
154935
154982
154994
155017
155023
155024
155045
155080
155191
155217
155238
155239
155271
155330
155361
155424
155455
155466
155494
155505
155520
155581
155590
155597
155644
155677
155683
155739
155847
155884
155903
155933
155948
156012
156039
156075
156085
156131
156145
156175
156182
156221
156266
156320
156320
156356
156453
156473
156491
156506
156550
156550
156616
156655
156696
156699
156703
156765
156816
156867
156910
156944
156989
157029
157067
157081
157115
157151
157155
157159
157266
157321
157360
157373
157401
157435
157491
157533
157537
157583
157604
157613
157656
157755
157772
157807
157808
157868
157898
157918
157999
157999
158085
158096
158126
158148
158177
158249
158249
158279
158291
158361
158463
158499
158504
158563
158594
158661
158699
158729
158772
158804
158813
158835
158921
158958
158981
159043
159066
159126
159168
159170
159176
159272
159274
159275
159335
159347
159405
159464
159564
159566
159636
159641
159692
159764
159785
159838
159847
159922
159943
160015
160027
160068
160134
160187
160199
160201
160310
160316
160357
160414
160446
160519
160545
160592
160661
160693
160712
160753
160815
160835
160894
160916
161000
161046
161064
161127
161181
161222
161271
161293
161349
161362
161378
161469
161493
161575
161612
161676
161718
161729
161804
161846
161865
161903
161984
162021
162038
162139
162169
162174
162228
162322
162341
162352
162416
162466
162479
162536
162651
162688
162753
162793
162807
162904
162934
163004
163041
163094
163137
163150
163212
163224
163347
163373
163374
163427
163487
163561
163581
163655
163741
163800
163833
163908
163923
163949
163977
164043
164123
164139
164250
164310
164343
164384
164421
164475
164569
164610
164646
164689
164700
164862
164880
164966
165024
165068
165094
165183
165215
165281
165322
165328
165372
165509
165545
165552
165584
165586
165808
165811
165875
165976
166022
166037
166128
166172
166212
166272
166355
166439
166475
166530
166579
166649
166652
166712
166762
166898
166978
167041
167104
167144
167179
167289
167334
167373
167463
167509
167579
167609
167623
167678
167824
167874
167878
167956
168022
168079
168195
168220
168277
168281
168302
168556
168573
168646
168665
168813
168839
168860
168945
168947
169099
169155
169179
169288
169353
169442
169456
169547
169579
169687
169759
169814
169902
169942
170092
170198
170234
170263
170343
170402
170420
170531
170690
170708
170824
170879
170986
171003
171058
171076
171106
171377
171459
171519
171546
171645
171736
171802
171861
171885
172009
172030
172102
172307
172316
172441
172468
172479
172605
172781
172848
172945
172999
173068
173196
173238
173344
173363
173467
173487
173534
173624
173683
173805
174039
174063
174066
174211
174232
174239
174259
174552
174572
174607
174725
174771
175101
175179
175283
175321
175431
175515
175612
175740
175795
175902
175993
176005
176022
176194
176324
176478
176501
176630
176728
176853
176993
177059
177098
177129
177173
177221
177296
177465
177823
177865
177933
178119
178133
178238
178247
178278
178322
178677
178737
178889
178891
179158
179189
179330
179341
179383
179550
179871
179871
180017
180132
180291
180399
180519
180545
180639
180677
180881
181028
181229
181306
181468
181610
181644
181729
181948
181979
182210
182355
182458
182477
182768
182801
183027
183027
183142
183389
183514
183659
183664
183782
183860
184198
184235
184364
184654
184727
184865
185094
185219
185369
185493
185661
185806
185871
186023
186056
186167
186190
186716
186780
186995
187053
187075
187410
187416
187515
187634
188060
188176
188270
188529
188765
188825
189143
189252
189318
189572
189838
189902
190071
190080
190257
190330
190667
190711
191149
191337
191412
191456
191485
191668
192368
192516
192707
192775
193163
193299
193555
193733
193959
194168
194317
194660
194734
194891
194978
195149
195272
196006
196132
196340
196641
196855
197021
197174
197597
197720
198000
198322
198499
198716
198785
198981
199232
199479
199923
200428
200658
200808
201068
201247
201816
201836
201898
202530
202977
203189
203276
203634
203963
204278
204734
205114
205358
205400
205998
206419
206649
206808
207346
207357
208156
208241
208387
208494
208734
209572
209891
210433
210568
210873
211481
211534
211538
212355
212886
213585
214585
214686
215526
215740
216356
216389
216595
217260
218254
218520
218931
219846
220066
220652
221678
222065
222839
223037
223155
223295
225057
225660
225715
226088
227362
227819
228043
228371
228556
231429
231591
233101
233917
235088
235592
236849
237072
238017
238882
239506
241534
242019
243665
245030
245651
246139
247307
249756
251492
253128
253278
253886
255937
255951
258587
261953
264704
265735
266229
271479
273432
273594
278061
282360
284496
287340
287766
293816
294480
299820
313118
319054
323517
326941
343236
349088
360304
384692
393511
432719
789034
