4166 928749475
175154
175202
175219
175239
175277
175311
175338
175374
175419
175455
175460
175472
175480
175490
175538
175568
175575
175591
175630
175678
175700
175727
175747
175771
175800
175846
175870
175881
175888
175935
175951
175970
175976
175991
176039
176075
176111
176128
176131
176157
176198
176242
176284
176334
176338
176371
176391
176424
176466
176505
176531
176559
176607
176640
176679
176727
176753
176777
176822
176822
176846
176897
176917
176923
176970
176989
176995
177040
177055
177069
177091
177107
177121
177167
177167
177190
177232
177252
177277
177286
177329
177349
177375
177398
177427
177438
177446
177467
177467
177473
177478
177491
177532
177562
177605
177637
177670
177688
177709
177748
177759
177781
177827
177828
177837
177854
177870
177883
177898
177901
177921
177942
177993
178037
178077
178098
178140
178181
178194
178231
178273
178297
178349
178388
178395
178432
178436
178436
178477
178511
178552
178569
178593
178600
178619
178635
178669
178692
178735
178786
178811
178816
178832
178833
178870
178895
178943
178983
178995
179034
179055
179095
179108
179158
179180
179230
179230
179276
179295
179308
179332
179348
179365
179398
179409
179422
179425
179439
179476
179497
179507
179539
179573
179604
179627
179628
179628
179665
179667
179706
179727
179767
179781
179815
179859
179861
179907
179936
179967
180001
180041
180064
180076
180086
180119
180141
180181
180210
180212
180246
180258
180260
180260
180308
180337
180341
180369
180419
180465
180502
180551
180566
180579
180605
180614
180626
180654
180671
180711
180728
180766
180778
180789
180789
180828
180853
180866
180903
180941
180965
180972
181018
181047
181083
181100
181138
181185
181229
181253
181300
181316
181322
181345
181353
181371
181401
181430
181431
181439
181468
181468
181502
181536
181559
181606
181634
181654
181679
181704
181750
181778
181799
181823
181825
181860
181869
181901
181925
181931
181940
181952
181989
182034
182078
182079
182128
182173
182189
182231
182267
182276
182285
182336
182355
182373
182406
182424
182438
182451
182474
182481
182510
182545
182581
182590
182591
182641
182689
182708
182760
182811
182824
182849
182870
182875
182890
182905
182919
182937
182959
183008
183048
183095
183139
183188
183193
183239
183267
183320
183330
183372
183405
183445
183472
183490
183514
183520
183552
183589
183635
183676
183703
183746
183769
183793
183797
183825
183842
183891
183939
183985
183992
184016
184052
184084
184103
184106
184132
184170
184188
184203
184245
184246
184283
184293
184334
184347
184390
184430
184450
184466
184510
184550
184586
184619
184626
184647
184652
184700
184721
184724
184772
184794
184810
184813
184846
184851
184896
184920
184954
184965
184996
185000
185042
185052
185071
185084
185086
185089
185139
185174
185211
185251
185284
185320
185351
185393
185443
185451
185466
185481
185521
185546
185579
185579
185589
185620
185625
185663
185691
185720
185731
185765
185765
185817
185819
185869
185906
185918
185949
185959
185979
185985
186012
186043
186092
186108
186128
186133
186143
186181
186189
186221
186243
186252
186261
186284
186328
186330
186374
186388
186440
186451
186502
186546
186585
186610
186621
186652
186682
186703
186704
186747
186765
186781
186833
186880
186907
186933
186963
187005
187007
187036
187045
187048
187055
187087
187139
187139
187174
187185
187193
187246
187250
187294
187307
187361
187396
187435
187470
187511
187532
187579
187626
187627
187664
187683
187717
187729
187759
187799
187822
187862
187907
187908
187932
187958
187966
188014
188058
188107
188146
188149
188183
188235
188252
188276
188323
188334
188359
188393
188438
188471
188491
188514
188523
188559
188588
188610
188648
188666
188666
188667
188714
188743
188778
188832
188863
188896
188941
188954
188990
189015
189030
189080
189133
189144
189159
189166
189215
189221
189246
189276
189279
189308
189308
189325
189344
189349
189370
189370
189420
189429
189462
189495
189510
189519
189527
189560
189576
189599
189600
189623
189637
189644
189686
189691
189701
189730
189748
189768
189775
189789
189816
189869
189905
189919
189952
189971
190021
190045
190053
190088
190101
190131
190159
190170
190211
190257
190278
190316
190321
190365
190384
190434
190464
190480
190498
190539
190548
190602
190652
190656
190698
190748
190779
190787
190806
190806
190824
190857
190866
190890
190924
190975
191011
191063
191076
191126
191143
191153
191166
191190
191209
191228
191253
191297
191315
191339
191366
191403
191432
191434
191451
191477
191489
191504
191530
191565
191585
191615
191663
191670
191684
191701
191724
191743
191777
191825
191832
191887
191932
191934
191975
192028
192050
192050
192052
192091
192111
192158
192209
192265
192311
192324
192342
192356
192384
192385
192436
192439
192485
192497
192519
192556
192585
192591
192623
192671
192713
192742
192766
192771
192792
192795
192850
192903
192931
192960
193014
193053
193061
193085
193139
193170
193193
193209
193234
193279
193310
193364
193396
193398
193437
193486
193493
193505
193533
193557
193595
193617
193668
193673
193716
193744
193771
193817
193840
193846
193890
193921
193934
193959
194015
194042
194079
194095
194129
194184
194205
194224
194233
194282
194316
194325
194347
194384
194397
194425
194461
194470
204510
238237
242697
243779
243817
243831
243832
243832
243839
243840
243840
243845
243849
243860
243890
243890
243892
243898
243910
243911
243916
243922
243924
243939
243943
243944
243958
243969
243971
243978
243988
243993
243998
243998
244002
244008
244021
244026
244038
244041
244049
244053
244056
244063
244069
244071
244085
244088
244090
244097
244098
244113
244116
244128
244128
244143
244147
244153
244162
244167
244169
244180
244182
244187
244191
244203
244205
244212
244218
244226
244231
244232
244245
244249
244256
244268
244271
244278
244279
244279
244291
244297
244309
244318
244322
244327
244330
244342
244344
244348
244359
244368
244375
244378
244382
244390
244394
244394
244400
244402
244420
244427
244431
244439
244441
244449
244455
244455
244460
244475
244476
244485
244495
244496
244506
244517
244522
244529
244537
244546
244549
244556
244562
244570
244571
244577
244577
244595
244598
244600
244609
244618
244619
244633
244635
244639
244648
244652
244664
244669
244671
244672
244679
244679
244695
244706
244709
244724
244728
244730
244744
244746
244749
244758
244763
244765
244779
244779
244785
244787
244791
244806
244819
244828
244833
244840
244844
244848
244850
244863
244868
244875
244885
244892
244892
244899
244912
244914
244919
244921
244933
244941
244942
244956
244963
244969
244972
244979
244980
244984
244994
245009
245016
245019
245023
245023
245028
245031
245048
245061
245067
245071
245080
245081
245092
245098
245106
245114
245121
245125
245126
245126
245136
245146
245147
245148
245152
245180
245182
245182
245200
245204
245210
245212
245214
245223
245236
245245
245251
245253
245265
245266
245277
245281
245289
245297
245300
245306
245315
245323
245324
245335
245340
245340
245340
245359
245369
245371
245384
245389
245397
245401
245413
245419
245426
245429
245437
245437
245451
245455
245461
245464
245469
245482
245485
245495
245500
245514
245515
245516
245529
245541
245548
245553
245561
245566
245571
245571
245582
245590
245602
245605
245611
245617
245617
245623
245632
245642
245642
245661
245664
245676
245681
245685
245690
245693
245704
245714
245724
245729
245733
245737
245737
245752
245756
245767
245774
245779
245779
245785
245793
245803
245812
245820
245832
245832
245837
245853
245860
245861
245862
245872
245882
245883
245883
245902
245905
245912
245917
245927
245927
245948
245953
245960
245967
245976
245981
245991
245993
245996
246010
246016
246024
246024
246032
246048
246048
246054
246055
246061
246062
246074
246095
246098
246110
246115
246123
246123
246130
246143
246143
246150
246164
246170
246179
246180
246189
246192
246195
246207
246212
246221
246222
246240
246247
246254
246262
246271
246271
246286
246286
246293
246305
246309
246314
246321
246322
246335
246343
246351
246351
246367
246372
246385
246388
246397
246404
246413
246418
246427
246433
246440
246443
246453
246461
246466
246470
246470
246470
246487
246500
246500
246511
246525
246527
246530
246546
246546
246547
246565
246573
246582
246588
246597
246601
246604
246608
246618
246633
246636
246636
246636
246663
246667
246667
246672
246681
246683
246698
246712
246712
246724
246735
246742
246747
246757
246762
246764
246771
246784
246784
246793
246806
246809
246810
246824
246825
246843
246843
246854
246860
246866
246876
246883
246888
246897
246903
246906
246917
246930
246932
246946
246953
246959
246968
246969
246980
246988
246990
247005
247005
247015
247022
247023
247040
247044
247057
247060
247065
247075
247076
247093
247096
247101
247111
247119
247123
247137
247143
247152
247158
247166
247168
247175
247185
247191
247193
247201
247208
247226
247234
247236
247248
247253
247258
247271
247275
247282
247293
247298
247308
247310
247311
247314
247338
247339
247341
247350
247359
247370
247374
247384
247393
247402
247403
247417
247424
247429
247440
247446
247458
247466
247469
247475
247489
247489
247492
247506
247512
247522
247531
247537
247546
247548
247550
247561
247562
247576
247583
247585
247600
247609
247618
247619
247636
247648
247653
247658
247661
247676
247682
247688
247697
247698
247705
247720
247731
247733
247741
247752
247759
247763
247772
247785
247785
247793
247806
247808
247823
247827
247839
247846
247846
247859
247865
247869
247869
247889
247896
247897
247910
247925
247930
247939
247945
247955
247961
247972
247974
247985
247994
247994
248000
248004
248017
248028
248039
248042
248057
248065
248066
248079
248079
248095
248098
248098
248103
248127
248131
248138
248146
248147
248151
248164
248178
248178
248182
248192
248202
248207
248214
248227
248241
248250
248250
248252
248257
248278
248290
248290
248301
248302
248324
248332
248339
248339
248343
248352
248360
248363
248388
248389
248400
248410
248411
248422
248427
248440
248446
248447
248463
248465
248484
248484
248489
248496
248500
248504
248529
248539
248542
248555
248562
248564
248566
248569
248571
248592
248593
248611
248618
248618
248622
248647
248654
248658
248659
248668
248688
248701
248705
248708
248719
248730
248734
248745
248752
248752
248772
248781
248783
248793
248801
248809
248822
248827
248832
248832
248845
248847
248862
248875
248877
248885
248888
248902
248904
248908
248933
248937
248953
248959
248968
248974
248975
248995
248996
249000
249005
249026
249036
249042
249049
249054
249055
249065
249067
249074
249092
249103
249114
249117
249126
249127
249134
249147
249159
249164
249180
249188
249194
249205
249212
249224
249234
249238
249246
249249
249260
249275
249278
249294
249301
249306
249307
249324
249328
249329
249342
249354
249359
249363
249384
249386
249391
249410
249411
249416
249424
249434
249438
249449
249463
249463
249485
249486
249495
249510
249518
249522
249528
249547
249549
249549
249552
249569
249589
249589
249600
249605
249608
249616
249621
249631
249655
249666
249669
249676
249677
249683
249706
249709
249712
249727
249738
249738
249749
249757
249757
249772
249787
249801
249803
249811
249817
249818
249830
249837
249843
249866
249873
249885
249894
249901
249908
249921
249933
249935
249939
249950
249965
249972
249976
249991
249999
249999
250005
250008
250025
250041
250053
250063
250063
250076
250085
250085
250092
250095
250112
250112
250131
250149
250151
250157
250167
250184
250184
250201
250209
250215
250215
250230
250237
250239
250252
250252
250265
250280
250284
250304
250312
250320
250336
250342
250346
250362
250372
250373
250384
250396
250399
250407
250419
250430
250437
250443
250461
250463
250471
250471
250483
250498
250512
250513
250519
250526
250542
250548
250557
250558
250565
250580
250597
250598
250615
250628
250635
250636
250639
250652
250653
250682
250694
250695
250706
250714
250718
250739
250745
250755
250758
250767
250771
250775
250798
250805
250814
250818
250837
250838
250849
250851
250852
250877
250879
250904
250913
250920
250924
250938
250949
250955
250957
250976
250980
250984
250991
250993
251009
251018
251020
251043
251056
251059
251072
251074
251098
251102
251102
251109
251117
251144
251146
251151
251171
251171
251172
251184
251197
251211
251211
251237
251246
251250
251257
251268
251271
251289
251295
251295
251307
251328
251330
251341
251355
251368
251369
251374
251377
251379
251392
251420
251428
251436
251449
251456
251470
251477
251482
251485
251505
251515
251520
251534
251540
251544
251559
251559
251565
251573
251587
251590
251618
251624
251639
251646
251660
251664
251673
251678
251686
251709
251710
251725
251731
251733
251749
251750
251759
251768
251782
251803
251814
251822
251827
251831
251846
251851
251856
251867
251879
251895
251895
251913
251919
251933
251936
251944
251952
251969
251982
251991
251999
252000
252016
252018
252047
252048
252050
252072
252074
252080
252080
252094
252102
252107
252121
252143
252146
252172
252175
252176
252180
252189
252211
252232
252240
252240
252254
252259
252263
252287
252295
252310
252318
252324
252332
252345
252363
252368
252380
252390
252403
252405
252420
252427
252435
252438
252447
252468
252480
252491
252493
252504
252514
252529
252529
252545
252553
252560
252566
252591
252597
252607
252609
252624
252638
252650
252651
252661
252674
252678
252688
252696
252705
252719
252723
252742
252752
252766
252780
252785
252803
252803
252811
252811
252841
252852
252863
252873
252879
252895
252895
252900
252926
252931
252941
252958
252965
252976
252986
252993
252993
253000
253020
253024
253040
253049
253060
253062
253090
253096
253103
253118
253122
253135
253142
253160
253168
253179
253184
253194
253195
253216
253223
253245
253249
253263
253265
253286
253289
253296
253298
253306
253330
253342
253355
253362
253382
253389
253392
253393
253403
253432
253439
253447
253463
253466
253484
253487
253500
253513
253513
253530
253550
253555
253555
253560
253587
253591
253598
253607
253627
253637
253640
253656
253664
253680
253684
253703
253705
253710
253742
253746
253756
253774
253782
253793
253796
253814
253823
253834
253843
253858
253867
253879
253892
253901
253914
253923
253929
253932
253937
253941
253964
253964
253994
254011
254020
254031
254031
254050
254065
254071
254086
254086
254091
254118
254129
254130
254138
254149
254156
254157
254171
254192
254204
254204
254221
254223
254227
254260
254269
254269
254290
254294
254312
254339
254345
254345
254363
254380
254381
254386
254405
254423
254430
254444
254455
254456
254456
254485
254499
254517
254524
254527
254539
254549
254554
254578
254591
254593
254609
254618
254624
254651
254660
254661
254681
254695
254701
254703
254725
254732
254737
254757
254770
254786
254794
254807
254812
254822
254822
254831
254847
254859
254864
254897
254898
254919
254923
254931
254947
254957
254965
254984
254999
255003
255004
255011
255015
255031
255063
255076
255078
255080
255115
255121
255126
255150
255153
255167
255185
255194
255207
255219
255229
255233
255238
255246
255248
255274
255295
255308
255309
255333
255338
255339
255346
255361
255362
255383
255386
255429
255438
255440
255461
255466
255467
255484
255501
255502
255518
255533
255543
255558
255571
255584
255595
255608
255608
255623
255649
255654
255666
255671
255699
255710
255710
255732
255734
255740
255763
255779
255789
255806
255809
255822
255834
255850
255851
255852
255852
255869
255881
255913
255935
255937
255960
255961
255972
255982
255992
255994
256022
256032
256039
256042
256069
256091
256099
256112
256129
256141
256148
256152
256152
256180
256200
256209
256223
256229
256237
256263
256269
256281
256298
256303
256309
256330
256342
256354
256363
256369
256374
256391
256408
256436
256442
256457
256458
256474
256494
256512
256515
256518
256547
256551
256568
256576
256589
256600
256614
256625
256647
256651
256659
256659
256683
256684
256717
256717
256722
256739
256754
256757
256766
256767
256810
256820
256849
256851
256870
256874
256892
256911
256914
256933
256947
256951
256953
256954
256976
256978
257012
257036
257039
257043
257046
257084
257099
257111
257124
257126
257149
257153
257175
257179
257204
257204
257211
257231
257235
257239
257277
257286
257295
257320
257323
257333
257347
257357
257368
257375
257397
257421
257432
257443
257455
257468
257488
257489
257493
257507
257536
257538
257548
257558
257585
257589
257611
257612
257623
257657
257665
257672
257683
257692
257725
257725
257734
257739
257775
257776
257780
257807
257817
257822
257836
257851
257862
257865
257875
257920
257935
257950
257960
257961
257982
257990
258002
258022
258031
258042
258060
258082
258084
258092
258099
258135
258138
258158
258177
258183
258187
258200
258202
258229
258233
258262
258274
258296
258312
258321
258338
258342
258343
258348
258350
258407
258410
258422
258446
258456
258457
258458
258468
258487
258487
258531
258539
258569
258570
258581
258610
258618
258620
258630
258633
258637
258652
258674
258678
258723
258730
258735
258770
258771
258774
258805
258833
258849
258863
258865
258888
258903
258916
258931
258931
258956
258956
258970
258989
259007
259017
259031
259031
259040
259073
259074
259106
259108
259113
259142
259159
259179
259195
259207
259212
259238
259242
259254
259273
259282
259308
259329
259337
259344
259346
259373
259388
259410
259418
259435
259440
259473
259479
259494
259507
259527
259540
259556
259557
259567
259583
259613
259613
259633
259637
259669
259675
259692
259711
259712
259720
259724
259760
259774
259787
259820
259832
259838
259851
259872
259875
259901
259904
259910
259934
259945
259951
259968
259978
259984
259996
260009
260042
260048
260054
260075
260092
260113
260119
260173
260181
260191
260219
260219
260227
260227
260239
260292
260297
260299
260331
260346
260353
260370
260391
260406
260410
260444
260448
260465
260478
260484
260494
260509
260547
260568
260574
260598
260598
260602
260635
260651
260667
260691
260699
260715
260733
260751
260764
260781
260781
260800
260809
260812
260856
260860
260863
260898
260901
260932
260953
260961
260969
260973
261002
261026
261030
261034
261042
261093
261099
261118
261138
261142
261149
261165
261177
261216
261223
261246
261249
261280
261290
261308
261323
261327
261358
261361
261390
261391
261423
261437
261443
261456
261459
261502
261505
261505
261544
261563
261580
261584
261609
261615
261615
261643
261654
261674
261681
261713
261722
261748
261756
261791
261798
261820
261838
261855
261864
261880
261899
261903
261935
261948
261954
261964
261992
262001
262023
262045
262068
262070
262086
262103
262126
262128
262133
262156
262181
262205
262223
262231
262245
262262
262296
262312
262327
262344
262347
262363
262384
262391
262409
262414
262459
262477
262498
262516
262523
262544
262557
262561
262575
262592
262594
262617
262622
262638
262645
262670
262712
262736
262737
262775
262782
262809
262816
262843
262845
262877
262877
262894
262939
262939
262943
262946
262965
263009
263025
263039
263058
263092
263106
263114
263136
263160
263161
263190
263212
263224
263225
263231
263233
263243
263249
263271
263302
263358
263359
263364
263397
263407
263438
263441
263469
263510
263526
263544
263546
263549
263590
263616
263618
263650
263654
263656
263673
263686
263734
263755
263764
263791
263803
263821
263839
263855
263867
263901
263903
263934
263944
263967
263980
263987
264011
264042
264064
264079
264080
264111
264129
264144
264149
264190
264201
264211
264244
264257
264270
264287
264305
264333
264339
264346
264384
264401
264417
264422
264455
264466
264493
264503
264533
264550
264565
264580
264607
264622
264646
264652
264656
264665
264676
264680
264681
264762
264784
264786
264798
264809
264810
264828
264841
264872
264927
264940
264949
264960
264986
265039
265052
265054
265074
265092
265134
265146
265177
265179
265197
265203
265227
265229
265287
265311
265325
265348
265368
265384
265399
265405
265423
265428
265479
265485
265510
265534
265557
265557
265595
265615
265636
265645
265645
265653
265688
265733
265733
265775
265791
265799
265815
265846
265846
265873
265898
265923
265946
265961
265973
266001
266010
266036
266064
266086
266111
266118
266122
266155
266188
266196
266215
266222
266254
266283
266283
266283
266349
266367
266375
266375
266389
266402
266403
266405
266440
266465
266529
266557
266593
266615
266629
266633
266648
266690
266705
266714
266759
266778
266794
266813
266829
266846
266846
266897
266903
266930
266946
266973
266983
267028
267031
267031
267033
267096
267112
267122
267169
267190
267214
267224
267235
267272
267285
267288
267332
267342
267357
267376
267414
267434
267437
267481
267491
267527
267528
267541
267566
267613
267636
267648
267665
267701
267702
267738
267751
267783
267793
267793
267825
267866
267895
267903
267936
267957
267978
268006
268024
268027
268031
268057
268079
268133
268143
268162
268179
268183
268208
268250
268268
268271
268287
268351
268373
268402
268421
268439
268441
268482
268498
268509
268541
268550
268593
268612
268639
268655
268657
268695
268712
268725
268764
268766
268808
268823
268873
268883
268890
268901
268963
268980
268997
269031
269039
269068
269080
269118
269139
269149
269190
269207
269220
269235
269284
269298
269313
269335
269338
269378
269415
269445
269466
269484
269511
269528
269534
269578
269590
269596
269619
269627
269669
269685
269725
269737
269749
269768
269809
269830
269845
269908
269917
269937
269947
270007
270019
270024
270061
270101
270130
270152
270162
270194
270211
270231
270255
270276
270309
270313
270344
270376
270400
270423
270445
270458
270461
270543
270568
270592
270603
270642
270653
270684
270686
270712
270717
270723
270750
270759
270779
270845
270894
270911
270942
270964
270973
271022
271048
271049
271087
271121
271162
271170
271210
271225
271249
271280
271280
271280
271327
271327
271327
271340
271403
271466
271511
271540
271564
271581
271600
271646
271648
271658
271709
271731
271740
271771
271807
271846
271848
271875
271918
271932
271984
271995
271995
272011
272016
272042
272048
272058
272156
272217
272227
272270
272283
272324
272327
272346
272402
272404
272421
272486
272504
272510
272560
272589
272590
272606
272630
272693
272694
272750
272761
272808
272814
272843
272886
272905
272942
272954
272972
273018
273032
273063
273100
273136
273163
273183
273196
273201
273226
273247
273302
273336
273339
273378
273401
273452
273454
273469
273473
273484
273557
273611
273622
273636
273659
273737
273766
273799
273825
273859
273890
273916
273935
273945
274002
274026
274054
274085
274100
274147
274177
274185
274197
274219
274274
274289
274298
274317
274358
274398
274457
274472
274498
274519
274539
274553
274618
274640
274689
274697
274727
274781
274789
274808
274853
274889
274896
274944
274981
274982
275041
275082
275104
275135
275175
275188
275231
275239
275285
275316
275327
275362
275406
275446
275452
275476
275512
275513
275574
275625
275631
275678
275680
275713
275762
275796
275801
275864
275882
275885
275894
275964
276005
276018
276038
276075
276158
276182
276222
276235
276267
276304
276304
276376
276406
276429
276441
276460
276468
276543
276572
276608
276665
276679
276681
276718
276733
276738
276809
276817
276904
276950
276951
277021
277036
277065
277102
277104
277136
277197
277202
277243
277245
277283
277321
277415
277434
277481
277516
277544
277549
277587
277639
277642
277676
277684
277782
277787
277843
277873
277894
277948
277954
277974
277989
278014
278061
278111
278162
278220
278229
278257
278270
278321
278345
278363
278372
278395
278536
278551
278581
278631
278645
278695
278736
278738
278766
278838
278839
278891
278894
278929
278988
279053
279061
279070
279123
279128
279238
279251
279306
279347
279353
279367
279417
279481
279508
279561
279578
279636
279673
279694
279746
279748
279780
279845
279888
279888
279934
279945
280015
280016
280101
280108
280122
280170
280238
280248
280263
280352
280391
280422
280426
280432
280548
280595
280598
280630
280699
280713
280792
280819
280860
280904
280929
280980
281012
281025
281079
281084
281132
281141
281225
281288
281309
281338
281379
281386
281452
281468
281522
281605
281611
281661
281672
281675
281728
281810
281881
281894
281904
281970
282039
282055
282107
282107
282160
282238
282253
282278
282306
282324
282422
282467
282478
282522
282596
282625
282675
282723
282781
282782
282840
282841
282842
282849
282934
283027
283092
283123
283160
283208
283268
283270
283305
283368
283402
283468
283529
283559
283612
283613
283695
283739
283789
283827
283834
283919
283932
283970
283981
283983
284074
284093
284182
284206
284296
284357
284392
284450
284453
284488
284515
284601
284602
284637
284655
284681
284842
284864
284910
284974
284990
285039
285064
285125
285132
285260
285277
285333
285389
285409
285467
285496
285555
285615
285628
285697
285738
285783
285830
285841
285844
285972
286044
286044
286088
286107
286120
286204
286290
286352
286353
286359
286368
286410
286450
286597
286724
286731
286745
286853
286919
286928
286992
287031
287033
287067
287186
287264
287300
287311
287317
287372
287444
287558
287595
287643
287708
287725
287738
287828
287884
287969
288001
288056
288072
288138
288152
288271
288299
288327
288380
288485
288519
288584
288629
288653
288707
288748
288825
288900
288901
288977
289023
289116
289144
289147
289215
289308
289336
289383
289418
289526
289529
289564
289586
289632
289667
289821
289857
289958
289970
290091
290097
290148
290188
290261
290300
290380
290417
290455
290521
290521
290631
290713
290720
290857
290940
290982
291006
291077
291154
291174
291213
291278
291322
291373
291428
291451
291488
291667
291692
291700
291742
291857
291936
292002
292091
292171
292231
292270
292344
292364
292395
292414
292538
292648
292699
292714
292793
292862
292897
292898
292913
292982
293189
293194
293241
293320
293415
293487
293492
293633
293686
293730
293793
293857
293938
294020
294096
294141
294158
294231
294270
294384
294479
294486
294616
294619
294670
294730
294825
294939
295001
295079
295122
295193
295208
295291
295306
295437
295555
295578
295687
295728
295800
295893
295923
295997
296101
296107
296201
296296
296377
296393
296473
296555
296668
296696
296804
296869
296954
296977
296979
296998
297241
297260
297306
297436
297493
297596
297657
297684
297694
297880
297974
298023
298084
298120
298129
298343
298409
298483
298536
298589
298609
298779
298807
298959
299028
299109
299120
299237
299324
299338
299354
299360
299537
299662
299685
299881
299979
300048
300131
300197
300273
300312
300406
300470
300569
300659
300686
300789
300934
301004
301096
301180
301224
301360
301407
301508
301589
301615
301725
301743
301893
301960
302095
302155
302191
302208
302329
302447
302577
302730
302837
302875
302975
303040
303181
303181
303299
303441
303524
303544
303549
303821
303830
303845
303876
303936
304249
304352
304457
304558
304630
304640
304831
304868
304984
304990
305157
305224
305402
305426
305581
305610
305653
305850
306004
306064
306197
306257
306320
306379
306567
306639
306645
306794
306964
307019
307125
307245
307428
307495
307588
307638
307719
307806
307938
308070
308216
308304
308449
308468
308550
308768
308881
308979
309054
309238
309290
309469
309579
309634
309653
309797
309883
309953
309991
310355
310499
310617
310683
310806
310897
311076
311137
311153
311361
311542
311646
311719
311899
311950
312049
312136
312297
312521
312641
312729
312745
312998
313033
313043
313300
313456
313638
313642
313744
313935
313960
314010
314037
314509
314538
314810
314878
315000
315082
315157
315346
315466
315546
315727
315783
316128
316135
316382
316483
316671
316840
317014
317133
317165
317212
317320
317689
317766
317775
317921
318249
318335
318375
318581
318641
318991
319231
319260
319373
319620
319621
319852
320150
320247
320444
320611
320654
320809
321006
321223
321306
321391
321598
321607
321638
322252
322357
322378
322428
322851
323108
323111
323415
323523
323617
323617
323688
323924
324137
324717
324722
324788
325176
325310
325390
325580
325707
325757
326029
326221
326463
326775
326822
326896
327359
327705
327727
327868
328134
328502
328693
328797
329020
329088
329177
329569
329841
330108
330329
330610
330821
331040
331068
331272
331362
331459
331804
332290
332342
332758
332856
333185
333233
333564
334044
334060
334165
334232
334977
335090
335378
335429
335632
336202
336395
336602
336840
336893
337231
337530
337571
337946
338528
338676
338720
338893
339041
339466
340224
340525
340668
341055
341091
341126
341353
341825
342221
342317
342331
342788
343454
343577
343876
344633
344715
345496
345685
346028
346405
346832
346947
347418
347511
348228
348504
348870
349129
349224
349586
349902
349982
350797
351297
351757
352191
352272
353089
353422
353934
354264
354657
355153
355522
355531
356046
356176
356206
357694
357791
358411
359139
359404
359837
360329
360851
360908
361132
362186
362635
363270
363425
364266
364611
365776
365787
365880
366642
366950
366965
368310
369413
370464
370573
371631
371660
371951
372630
372905
373154
375259
375492
376466
377456
378041
378652
378699
380375
381042
382394
383306
384227
384340
384551
385017
387398
387908
388218
390137
391458
391893
392642
393069
393695
395481
396285
398686
400273
401466
402129
402996
404654
405388
405749
407191
408688
411669
412856
414478
416530
418843
418929
420550
421851
425450
427575
430252
431444
433444
436279
436658
437156
440799
447880
448835
449202
454719
460425
464304
465597
466999
472646
483337
487140
487264
501779
502974
503267
509858
516071
516102
549381
560024
601039
634382
636595
658372
1344826
