9661 523826819
46010
46013
46013
46017
46017
46017
46020
46020
46020
46021
46023
46024
46024
46024
46027
46031
46033
46034
46035
46039
46039
46043
46044
46045
46048
46050
46050
46054
46055
46056
46056
46056
46058
46059
46063
46064
46064
46067
46071
46074
46076
46079
46083
46084
46085
46087
46088
46092
46095
46096
46098
46100
46100
46102
46106
46110
46113
46113
46116
46119
46120
46124
46125
46126
46128
46129
46131
46135
46137
46141
46143
46146
46148
46149
46151
46153
46153
46155
46157
46158
46160
46164
46167
46168
46168
46168
46168
46170
46171
46172
46174
46175
46176
46179
46182
46186
46188
46190
46191
46191
46194
46196
46199
46201
46201
46201
46201
46201
46205
46207
46207
46211
46213
46214
46216
46217
46219
46223
46227
46228
46231
46231
46235
46238
46242
46246
46250
46251
46253
46253
46255
46256
46259
46261
46261
46263
46263
46266
46270
46270
46271
46274
46275
46278
46279
46281
46283
46283
46285
46287
46289
46292
46295
46297
46297
46300
46304
46304
46307
46307
46311
46314
46316
46320
46323
46323
46326
46329
46329
46333
46333
46337
46337
46337
46341
46345
46348
46348
49191
50492
50510
50529
50530
50538
50540
50541
50543
50543
50545
50545
50545
50545
50546
50547
50547
50548
50548
50549
50549
50550
50550
50551
50551
50551
50551
50551
50552
50553
50553
50554
50554
50554
50555
50555
50555
50557
50557
50557
50558
50558
50558
50558
50558
50560
50561
50561
50561
50561
50561
50563
50564
50564
50564
50564
50565
50566
50566
50566
50567
50567
50567
50567
50569
50569
50570
50571
50571
50571
50571
50572
50572
50572
50572
50574
50574
50575
50575
50576
50576
50576
50577
50577
50577
50578
50578
50580
50580
50581
50581
50581
50582
50583
50583
50583
50583
50584
50585
50585
50586
50586
50586
50587
50587
50588
50588
50589
50590
50590
50590
50590
50591
50592
50592
50593
50593
50593
50593
50594
50594
50596
50596
50596
50596
50596
50598
50598
50599
50599
50599
50600
50600
50601
50601
50602
50602
50602
50603
50604
50604
50604
50604
50604
50605
50605
50606
50607
50607
50608
50608
50608
50609
50609
50611
50611
50611
50612
50612
50613
50614
50614
50614
50614
50614
50615
50616
50617
50617
50617
50618
50618
50619
50619
50620
50620
50620
50620
50620
50620
50621
50623
50623
50623
50624
50625
50625
50626
50626
50626
50626
50627
50628
50628
50628
50628
50628
50629
50630
50632
50632
50632
50632
50632
50634
50634
50634
50634
50634
50635
50635
50636
50637
50638
50638
50638
50639
50640
50640
50640
50641
50641
50641
50642
50642
50642
50644
50644
50644
50644
50644
50645
50646
50647
50647
50647
50647
50649
50649
50650
50650
50650
50650
50651
50652
50652
50653
50653
50653
50654
50655
50655
50656
50656
50657
50657
50658
50659
50659
50659
50659
50660
50661
50661
50662
50662
50662
50662
50663
50664
50665
50665
50665
50666
50666
50666
50666
50667
50667
50668
50668
50670
50670
50670
50670
50670
50670
50672
50672
50672
50672
50672
50674
50674
50674
50676
50676
50677
50677
50677
50677
50677
50680
50680
50680
50680
50680
50681
50681
50682
50682
50683
50684
50684
50684
50685
50686
50686
50686
50687
50687
50689
50689
50689
50689
50690
50690
50690
50690
50692
50692
50692
50694
50694
50694
50695
50695
50696
50696
50696
50697
50697
50698
50698
50699
50699
50699
50701
50701
50701
50702
50702
50703
50704
50704
50704
50705
50705
50705
50707
50707
50707
50707
50708
50708
50709
50709
50709
50709
50710
50711
50712
50712
50713
50713
50713
50713
50714
50714
50716
50716
50716
50716
50716
50716
50718
50719
50719
50719
50721
50721
50722
50722
50722
50722
50723
50723
50723
50724
50724
50724
50724
50725
50725
50725
50725
50726
50727
50727
50729
50730
50731
50731
50731
50732
50733
50733
50734
50734
50734
50735
50735
50737
50737
50737
50737
50737
50737
50738
50740
50740
50740
50741
50742
50742
50742
50742
50743
50744
50744
50745
50745
50745
50745
50746
50746
50746
50749
50749
50749
50749
50749
50750
50751
50751
50752
50752
50752
50754
50754
50754
50755
50755
50756
50756
50756
50758
50758
50758
50759
50759
50759
50761
50761
50761
50761
50761
50763
50763
50764
50764
50764
50765
50765
50766
50766
50767
50767
50767
50768
50768
50770
50770
50770
50770
50771
50772
50772
50772
50773
50774
50774
50774
50775
50775
50775
50776
50776
50777
50778
50778
50779
50779
50780
50780
50780
50781
50781
50782
50783
50783
50783
50784
50784
50785
50786
50786
50786
50787
50788
50788
50788
50788
50788
50789
50791
50791
50791
50791
50791
50791
50792
50794
50794
50795
50796
50796
50797
50797
50797
50797
50798
50798
50798
50800
50800
50800
50800
50801
50801
50803
50803
50804
50804
50805
50805
50805
50805
50806
50807
50807
50807
50809
50809
50809
50810
50811
50811
50812
50812
50812
50813
50814
50814
50814
50815
50815
50816
50816
50816
50818
50818
50818
50819
50819
50819
50821
50821
50821
50822
50822
50823
50824
50824
50824
50824
50825
50826
50827
50827
50827
50827
50827
50828
50829
50830
50830
50830
50830
50832
50832
50833
50833
50833
50834
50834
50834
50834
50835
50835
50836
50836
50838
50838
50839
50839
50840
50841
50841
50842
50842
50842
50842
50842
50842
50844
50845
50845
50845
50845
50847
50847
50848
50848
50848
50849
50850
50850
50850
50851
50852
50852
50852
50854
50854
50854
50855
50855
50855
50855
50855
50857
50858
50858
50858
50858
50860
50860
50861
50861
50862
50863
50863
50863
50864
50864
50864
50865
50866
50866
50867
50867
50868
50868
50869
50869
50869
50870
50871
50872
50872
50872
50873
50873
50873
50875
50875
50875
50875
50876
50877
50877
50877
50878
50878
50879
50880
50880
50880
50881
50881
50881
50882
50882
50882
50884
50884
50885
50885
50885
50886
50887
50887
50888
50888
50888
50890
50890
50890
50891
50891
50891
50891
50891
50892
50893
50895
50895
50896
50896
50896
50896
50898
50898
50898
50898
50898
50899
50899
50901
50901
50901
50901
50903
50903
50903
50905
50905
50905
50906
50907
50907
50907
50907
50908
50909
50910
50910
50911
50911
50912
50912
50913
50914
50914
50914
50914
50915
50915
50916
50917
50917
50917
50918
50918
50920
50920
50920
50921
50921
50921
50923
50923
50923
50924
50924
50925
50925
50926
50926
50926
50926
50926
50927
50929
50929
50929
50929
50931
50932
50932
50932
50932
50932
50933
50935
50935
50935
50935
50935
50936
50938
50938
50938
50939
50939
50939
50939
50941
50941
50941
50943
50943
50943
50943
50943
50944
50946
50946
50946
50947
50947
50947
50949
50949
50950
50950
50950
50950
50950
50951
50953
50953
50953
50954
50954
50955
50956
50956
50956
50956
50956
50957
50959
50959
50960
50960
50961
50962
50962
50962
50962
50962
50962
50964
50964
50965
50965
50966
50966
50966
50968
50968
50969
50969
50969
50970
50970
50971
50972
50972
50972
50972
50973
50973
50973
50974
50976
50977
50977
50977
50977
50978
50979
50979
50979
50981
50981
50981
50983
50983
50983
50984
50984
50985
50986
50986
50986
50987
50987
50987
50987
50989
50989
50989
50991
50991
50991
50992
50992
50992
50993
50993
50995
50995
50995
50995
50997
50997
50998
50998
50998
50998
50999
51000
51000
51000
51001
51002
51003
51004
51004
51004
51004
51005
51005
51005
51007
51007
51007
51008
51008
51008
51009
51010
51011
51011
51012
51012
51012
51014
51014
51014
51015
51016
51016
51016
51017
51017
51019
51019
51019
51020
51020
51020
51022
51022
51022
51023
51023
51024
51024
51024
51025
51025
51026
51027
51028
51028
51029
51029
51030
51030
51031
51031
51032
51032
51032
51034
51034
51034
51034
51034
51036
51036
51037
51037
51037
51038
51039
51040
51040
51041
51041
51041
51043
51043
51043
51044
51044
51044
51044
51044
51044
51047
51047
51047
51049
51049
51049
51049
51050
51051
51051
51051
51051
51052
51054
51054
51054
51055
51056
51056
51057
51057
51057
51058
51059
51059
51059
51059
51059
51061
51061
51062
51063
51063
51063
51063
51064
51064
51067
51067
51067
51068
51068
51069
51070
51070
51070
51071
51071
51071
51073
51073
51073
51073
51075
51075
51076
51076
51077
51077
51077
51078
51079
51079
51080
51081
51081
51081
51081
51082
51082
51083
51083
51085
51085
51085
51085
51087
51088
51088
51088
51089
51089
51089
51091
51091
51091
51092
51092
51094
51094
51094
51094
51095
51095
51096
51096
51096
51097
51098
51098
51100
51100
51100
51101
51101
51101
51103
51103
51103
51103
51103
51103
51106
51106
51107
51107
51108
51108
51108
51109
51110
51110
51112
51112
51112
51112
51112
51113
51114
51114
51114
51114
51115
51115
51118
51118
51118
51118
51118
51121
51121
51121
51122
51123
51123
51124
51124
51124
51124
51125
51125
51125
51125
51126
51128
51129
51130
51130
51130
51130
51132
51132
51133
51133
51134
51134
51135
51136
51136
51136
51137
51138
51138
51139
51139
51139
51140
51140
51140
51140
51141
51142
51143
51144
51144
51144
51144
51146
51146
51146
51147
51148
51149
51149
51149
51149
51149
51150
51152
51152
51152
51152
51154
51154
51155
51155
51156
51156
51157
51157
51158
51159
51160
51160
51160
51161
51162
51162
51162
51162
51164
51164
51165
51165
51165
51166
51167
51168
51168
51168
51169
51169
51169
51169
51169
51171
51171
51171
51172
51173
51175
51175
51175
51175
51176
51178
51178
51178
51178
51180
51180
51180
51180
51180
51180
51180
51181
51182
51182
51185
51185
51185
51186
51186
51186
51186
51188
51189
51190
51190
51190
51192
51192
51192
51193
51193
51193
51195
51195
51196
51196
51196
51197
51198
51198
51199
51199
51199
51201
51201
51202
51202
51202
51203
51204
51205
51205
51205
51206
51207
51208
51208
51208
51208
51209
51210
51211
51211
51211
51211
51211
51212
51214
51214
51214
51215
51216
51216
51216
51217
51218
51218
51219
51219
51219
51220
51220
51222
51223
51223
51223
51224
51224
51225
51225
51225
51227
51227
51228
51228
51228
51230
51230
51230
51232
51232
51232
51233
51233
51234
51234
51235
51236
51236
51237
51237
51237
51238
51239
51240
51240
51240
51241
51241
51241
51241
51242
51242
51244
51245
51246
51246
51246
51246
51248
51248
51249
51250
51250
51251
51251
51252
51252
51253
51253
51254
51255
51255
51256
51256
51257
51257
51258
51259
51259
51259
51260
51261
51262
51262
51262
51262
51263
51263
51265
51265
51265
51266
51266
51267
51268
51268
51269
51269
51269
51269
51270
51271
51272
51272
51273
51274
51274
51274
51276
51277
51277
51277
51277
51279
51279
51279
51280
51280
51281
51281
51283
51283
51283
51284
51285
51285
51285
51285
51286
51287
51287
51288
51288
51288
51288
51288
51292
51292
51292
51292
51293
51294
51295
51295
51296
51296
51297
51298
51298
51298
51299
51300
51301
51301
51301
51302
51303
51303
51303
51304
51305
51305
51306
51307
51307
51307
51307
51309
51309
51309
51309
51310
51310
51310
51313
51313
51313
51314
51314
51314
51314
51316
51316
51318
51319
51319
51319
51320
51320
51320
51321
51322
51323
51323
51324
51325
51325
51325
51325
51327
51327
51327
51328
51329
51330
51330
51331
51331
51331
51332
51333
51333
51333
51334
51335
51335
51335
51337
51337
51337
51338
51339
51339
51340
51340
51342
51342
51342
51342
51343
51344
51345
51346
51346
51346
51346
51348
51349
51349
51349
51349
51350
51351
51351
51351
51353
51353
51353
51353
51355
51355
51355
51356
51358
51358
51358
51359
51360
51361
51361
51361
51362
51362
51363
51364
51364
51365
51365
51366
51366
51366
51367
51367
51369
51369
51370
51370
51370
51372
51373
51373
51373
51374
51374
51374
51374
51376
51376
51377
51378
51378
51378
51380
51380
51380
51380
51380
51381
51383
51384
51384
51385
51385
51386
51387
51387
51387
51387
51389
51389
51389
51389
51389
51391
51392
51393
51393
51393
51394
51394
51394
51395
51395
51396
51397
51397
51398
51400
51400
51400
51401
51401
51402
51402
51404
51404
51404
51404
51404
51404
51407
51408
51408
51409
51409
51410
51410
51411
51411
51412
51413
51413
51414
51415
51415
51415
51416
51416
51416
51416
51418
51418
51419
51420
51420
51422
51422
51423
51424
51424
51424
51425
51426
51427
51427
51427
51427
51429
51429
51429
51430
51431
51432
51432
51433
51433
51434
51435
51436
51436
51436
51437
51437
51438
51438
51439
51439
51440
51441
51441
51441
51443
51443
51443
51444
51444
51444
51446
51446
51448
51448
51448
51448
51448
51451
51451
51451
51451
51453
51453
51453
51453
51453
51456
51456
51456
51457
51457
51458
51459
51459
51459
51460
51461
51462
51463
51463
51464
51464
51464
51466
51466
51466
51467
51467
51468
51469
51469
51470
51470
51470
51472
51472
51472
51474
51474
51474
51474
51476
51477
51477
51478
51478
51478
51480
51481
51481
51481
51482
51482
51482
51482
51483
51483
51485
51487
51487
51487
51487
51488
51488
51489
51489
51490
51491
51491
51491
51492
51493
51494
51494
51495
51496
51496
51496
51496
51499
51499
51500
51500
51500
51500
51502
51503
51503
51503
51503
51503
51506
51506
51507
51508
51508
51509
51509
51509
51510
51511
51511
51511
51512
51513
51514
51514
51515
51515
51515
51516
51518
51518
51519
51520
51520
51520
51521
51522
51522
51522
51523
51523
51523
51523
51523
51525
51526
51526
51527
51529
51529
51530
51531
51531
51532
51532
51532
51534
51535
51535
51535
51535
51536
51537
51538
51538
51538
51539
51540
51541
51541
51541
51541
51544
51544
51544
51545
51545
51546
51547
51547
51547
51547
51547
51549
51550
51551
51551
51553
51553
51553
51554
51554
51555
51555
51555
51557
51557
51557
51558
51559
51559
51560
51560
51561
51562
51562
51564
51564
51564
51565
51566
51567
51567
51568
51568
51569
51569
51569
51570
51571
51571
51573
51573
51573
51574
51574
51574
51576
51577
51578
51578
51578
51580
51580
51580
51580
51580
51582
51583
51583
51583
51585
51585
51586
51586
51587
51587
51587
51588
51590
51590
51591
51592
51592
51592
51592
51593
51594
51595
51596
51596
51598
51598
51598
51598
51598
51598
51601
51601
51602
51602
51602
51604
51604
51604
51604
51607
51607
51607
51607
51609
51609
51610
51610
51610
51612
51612
51612
51612
51614
51615
51615
51615
51615
51616
51617
51618
51619
51620
51621
51621
51622
51622
51623
51623
51623
51625
51625
51625
51627
51628
51628
51628
51629
51630
51631
51631
51631
51631
51631
51632
51634
51634
51634
51635
51635
51636
51637
51638
51638
51638
51640
51640
51641
51642
51643
51643
51643
51643
51645
51645
51645
51645
51646
51648
51648
51648
51650
51650
51651
51652
51652
51653
51653
51655
51655
51655
51655
51657
51658
51658
51658
51659
51660
51660
51660
51661
51661
51661
51661
51663
51665
51666
51666
51667
51667
51667
51669
51670
51670
51670
51670
51671
51673
51673
51673
51674
51675
51675
51676
51676
51677
51678
51679
51679
51680
51680
51680
51680
51681
51683
51684
51684
51685
51685
51686
51687
51687
51687
51688
51689
51690
51691
51691
51691
51692
51693
51694
51694
51694
51694
51694
51695
51695
51696
51699
51699
51700
51700
51700
51701
51701
51702
51702
51704
51705
51706
51706
51706
51706
51708
51709
51709
51710
51711
51711
51711
51712
51712
51713
51714
51714
51715
51715
51716
51716
51717
51718
51719
51719
51721
51721
51722
51722
51722
51723
51723
51723
51726
51727
51727
51727
51728
51728
51728
51730
51730
51731
51731
51732
51732
51732
51733
51735
51736
51736
51736
51738
51739
51739
51739
51740
51740
51741
51741
51742
51743
51743
51743
51744
51746
51746
51747
51748
51748
51748
51748
51750
51750
51750
51751
51752
51754
51754
51754
51755
51756
51757
51757
51757
51758
51759
51759
51760
51760
51761
51762
51762
51763
51763
51765
51765
51765
51765
51767
51768
51769
51769
51770
51770
51772
51772
51772
51773
51773
51773
51775
51776
51776
51776
51777
51778
51778
51780
51781
51781
51781
51782
51782
51782
51784
51784
51785
51785
51787
51787
51787
51789
51790
51790
51790
51791
51791
51791
51793
51793
51794
51794
51795
51795
51796
51798
51798
51798
51798
51799
51800
51801
51801
51803
51803
51804
51805
51805
51805
51805
51807
51807
51808
51809
51809
51809
51811
51812
51812
51812
51812
51813
51815
51816
51817
51817
51817
51817
51817
51819
51819
51821
51821
51822
51822
51822
51822
51825
51825
51826
51826
51827
51828
51828
51829
51830
51831
51831
51832
51832
51833
51833
51835
51835
51836
51836
51836
51838
51838
51838
51839
51841
51841
51841
51842
51843
51844
51844
51844
51844
51844
51846
51846
51847
51849
51850
51850
51850
51850
51851
51853
51853
51854
51854
51856
51856
51856
51857
51857
51859
51859
51859
51859
51861
51862
51862
51862
51864
51865
51865
51865
51866
51866
51868
51868
51869
51870
51871
51871
51871
51871
51873
51874
51874
51875
51875
51876
51877
51877
51877
51877
51878
51878
51878
51878
51881
51881
51881
51882
51884
51885
51886
51886
51887
51887
51889
51889
51890
51891
51891
51892
51893
51893
51893
51894
51895
51895
51897
51898
51898
51898
51899
51899
51901
51901
51902
51902
51904
51904
51904
51904
51904
51904
51907
51907
51908
51910
51910
51910
51911
51912
51913
51913
51914
51914
51914
51914
51916
51916
51916
51918
51919
51919
51921
51921
51921
51922
51923
51923
51923
51923
51926
51926
51928
51928
51928
51929
51929
51930
51931
51931
51931
51931
51932
51933
51933
51935
51935
51936
51938
51938
51939
51939
51939
51940
51940
51943
51943
51944
51945
51945
51946
51946
51947
51948
51948
51948
51949
51950
51950
51951
51952
51953
51953
51953
51954
51955
51957
51958
51958
51958
51959
51960
51960
51960
51960
51960
51962
51962
51963
51965
51965
51965
51965
51968
51969
51969
51969
51969
51970
51972
51972
51972
51972
51975
51976
51976
51977
51977
51978
51979
51979
51979
51979
51979
51981
51982
51984
51985
51985
51985
51986
51986
51988
51988
51988
51989
51990
51991
51991
51993
51993
51994
51994
51994
51995
51996
51996
51997
51997
52000
52000
52000
52001
52001
52001
52002
52002
52004
52004
52004
52005
52006
52008
52009
52009
52009
52009
52009
52009
52010
52014
52015
52015
52015
52016
52017
52018
52018
52019
52020
52020
52020
52021
52021
52022
52023
52023
52025
52025
52026
52027
52028
52028
52029
52029
52030
52031
52031
52031
52031
52032
52034
52034
52035
52035
52035
52038
52038
52039
52039
52040
52040
52041
52043
52044
52045
52045
52046
52046
52046
52048
52048
52048
52049
52050
52051
52052
52053
52054
52054
52054
52054
52056
52056
52057
52058
52059
52060
52060
52060
52060
52062
52062
52063
52064
52064
52064
52064
52065
52067
52069
52069
52069
52071
52072
52072
52072
52073
52073
52074
52075
52076
52076
52077
52078
52079
52080
52081
52081
52081
52082
52082
52083
52084
52084
52086
52086
52087
52087
52088
52090
52090
52090
52091
52091
52092
52092
52092
52093
52096
52096
52096
52096
52098
52098
52099
52099
52102
52102
52102
52102
52102
52103
52104
52106
52107
52107
52108
52109
52110
52110
52110
52111
52112
52113
52113
52114
52115
52115
52116
52117
52118
52119
52119
52119
52120
52120
52121
52123
52123
52124
52124
52126
52126
52127
52127
52129
52129
52129
52129
52132
52132
52133
52134
52134
52134
52135
52136
52137
52138
52138
52138
52140
52141
52141
52141
52142
52144
52144
52144
52144
52144
52147
52147
52148
52149
52149
52149
52149
52150
52150
52152
52153
52154
52156
52156
52156
52156
52156
52159
52159
52159
52160
52161
52161
52163
52164
52165
52165
52165
52166
52168
52168
52169
52169
52171
52171
52172
52172
52172
52172
52172
52174
52176
52176
52176
52177
52179
52180
52180
52181
52181
52183
52183
52184
52184
52186
52186
52186
52186
52186
52188
52188
52188
52188
52192
52192
52193
52193
52193
52195
52195
52195
52195
52195
52195
52197
52197
52199
52199
52201
52202
52202
52202
52203
52206
52207
52207
52207
52208
52210
52210
52210
52211
52211
52212
52213
52214
52214
52215
52215
52218
52219
52219
52219
52219
52219
52220
52220
52223
52224
52225
52225
52226
52226
52228
52228
52229
52230
52230
52231
52231
52231
52233
52234
52234
52234
52234
52235
52237
52239
52239
52240
52240
52240
52240
52241
52242
52244
52245
52245
52245
52247
52247
52249
52249
52249
52249
52252
52252
52253
52253
52253
52255
52255
52255
52258
52258
52259
52260
52261
52261
52261
52263
52263
52264
52264
52264
52264
52265
52267
52268
52268
52268
52270
52270
52272
52272
52273
52274
52274
52274
52275
52277
52278
52279
52279
52280
52280
52281
52281
52283
52283
52285
52285
52286
52286
52287
52288
52288
52288
52289
52291
52291
52291
52294
52294
52294
52294
52294
52296
52296
52296
52297
52300
52300
52301
52302
52302
52303
52304
52305
52305
52306
52306
52306
52307
52307
52309
52309
52310
52310
52312
52312
52315
52315
52316
52316
52318
52318
52319
52319
52321
52321
52321
52322
52324
52324
52324
52326
52326
52327
52328
52329
52329
52329
52330
52332
52332
52333
52333
52334
52336
52336
52336
52338
52338
52338
52339
52340
52342
52342
52342
52344
52344
52344
52346
52347
52348
52348
52349
52349
52349
52350
52351
52351
52353
52354
52355
52355
52356
52357
52357
52359
52359
52359
52359
52359
52362
52362
52362
52362
52363
52365
52365
52365
52367
52367
52369
52370
52371
52372
52372
52373
52374
52375
52375
52375
52377
52377
52379
52379
52379
52381
52382
52383
52383
52384
52385
52386
52386
52387
52387
52387
52390
52390
52391
52391
52393
52393
52394
52395
52395
52396
52396
52396
52398
52399
52400
52401
52401
52401
52402
52402
52403
52405
52405
52406
52407
52407
52407
52409
52410
52411
52411
52411
52413
52413
52415
52415
52416
52417
52418
52418
52419
52419
52419
52421
52421
52421
52422
52423
52426
52426
52427
52428
52429
52429
52430
52430
52430
52430
52431
52434
52435
52435
52436
52437
52437
52438
52438
52438
52441
52441
52442
52443
52443
52443
52444
52445
52447
52448
52449
52449
52450
52450
52450
52450
52450
52453
52454
52456
52456
52456
52457
52458
52459
52459
52459
52461
52462
52462
52464
52465
52465
52465
52466
52468
52468
52469
52470
52470
52471
52472
52473
52473
52473
52475
52475
52475
52476
52477
52478
52480
52480
52482
52482
52483
52483
52484
52485
52486
52486
52487
52488
52489
52489
52489
52489
52491
52493
52493
52495
52495
52496
52496
52497
52497
52498
52498
52499
52500
52502
52504
52504
52505
52506
52506
52506
52507
52507
52510
52510
52511
52512
52512
52513
52513
52515
52515
52516
52517
52518
52519
52519
52519
52520
52520
52523
52523
52523
52524
52526
52526
52526
52528
52528
52530
52531
52531
52531
52532
52534
52534
52534
52536
52537
52537
52538
52538
52539
52540
52540
52540
52541
52544
52544
52546
52546
52547
52548
52548
52548
52549
52551
52552
52552
52553
52554
52554
52555
52557
52558
52558
52558
52558
52559
52559
52561
52562
52564
52564
52565
52566
52566
52567
52567
52568
52569
52569
52569
52571
52571
52573
52575
52576
52576
52576
52576
52576
52576
52576
52576
52581
52581
52582
52583
52585
52585
52587
52587
52587
52589
52589
52589
52589
52590
52593
52594
52594
52594
52594
52595
52597
52597
52599
52599
52601
52602
52603
52603
52604
52604
52604
52604
52604
52606
52608
52609
52609
52609
52610
52610
52613
52614
52614
52616
52617
52617
52618
52619
52620
52621
52621
52622
52622
52622
52622
52625
52626
52626
52627
52627
52630
52630
52631
52632
52633
52633
52633
52635
52636
52637
52637
52638
52638
52639
52640
52642
52642
52642
52642
52642
52646
52646
52646
52647
52649
52650
52650
52650
52652
52653
52654
52654
52655
52657
52657
52657
52657
52658
52659
52659
52661
52663
52663
52664
52665
52665
52665
52666
52666
52666
52667
52669
52669
52670
52670
52670
52671
52672
52673
52677
52678
52678
52678
52678
52679
52679
52682
52682
52682
52683
52686
52687
52687
52688
52690
52690
52690
52691
52693
52693
52693
52693
52695
52697
52697
52698
52699
52699
52701
52702
52702
52703
52705
52705
52706
52707
52708
52708
52709
52710
52710
52711
52711
52714
52714
52714
52716
52716
52717
52718
52719
52720
52720
52720
52723
52723
52724
52724
52725
52726
52727
52727
52728
52728
52730
52730
52731
52732
52733
52733
52734
52735
52736
52737
52737
52737
52738
52738
52742
52743
52744
52744
52745
52746
52746
52747
52747
52747
52748
52750
52752
52753
52753
52755
52756
52756
52757
52757
52759
52759
52759
52759
52759
52763
52764
52765
52765
52766
52767
52767
52767
52767
52771
52771
52771
52773
52773
52773
52775
52775
52775
52775
52777
52777
52779
52780
52782
52782
52783
52784
52784
52786
52786
52787
52788
52789
52789
52791
52792
52792
52794
52794
52795
52796
52796
52798
52798
52799
52801
52801
52801
52802
52804
52804
52804
52804
52807
52808
52808
52810
52810
52810
52811
52813
52814
52814
52815
52816
52817
52818
52819
52820
52820
52820
52820
52821
52821
52825
52825
52826
52827
52828
52829
52830
52831
52831
52832
52832
52834
52834
52836
52837
52837
52838
52838
52838
52840
52841
52843
52843
52844
52845
52845
52847
52848
52848
52849
52849
52850
52851
52851
52854
52855
52855
52855
52856
52856
52857
52860
52860
52860
52862
52863
52864
52864
52866
52866
52867
52867
52867
52869
52870
52871
52871
52873
52874
52875
52875
52875
52875
52877
52879
52879
52879
52880
52880
52880
52882
52883
52883
52885
52885
52888
52889
52890
52891
52891
52891
52893
52893
52893
52896
52896
52897
52898
52899
52899
52900
52903
52903
52903
52903
52905
52905
52907
52908
52908
52908
52911
52912
52913
52913
52913
52915
52915
52915
52918
52919
52919
52919
52920
52920
52923
52924
52924
52926
52927
52927
52927
52928
52929
52931
52932
52932
52933
52934
52934
52935
52935
52938
52938
52938
52938
52940
52942
52943
52943
52945
52945
52945
52945
52946
52947
52950
52951
52951
52952
52954
52954
52954
52956
52957
52958
52959
52960
52960
52960
52960
52960
52960
52963
52964
52965
52965
52968
52969
52970
52970
52970
52973
52974
52974
52975
52975
52976
52977
52977
52977
52978
52979
52981
52981
52981
52984
52986
52986
52986
52989
52989
52990
52991
52992
52992
52994
52995
52995
52995
52997
52999
52999
52999
53001
53001
53003
53004
53005
53005
53005
53005
53007
53007
53007
53011
53011
53011
53014
53014
53015
53016
53016
53016
53016
53017
53020
53021
53023
53023
53023
53025
53026
53026
53026
53028
53028
53030
53031
53031
53031
53032
53033
53035
53036
53036
53037
53038
53038
53041
53042
53043
53044
53044
53045
53045
53047
53048
53048
53050
53050
53051
53052
53053
53053
53053
53055
53056
53056
53058
53059
53060
53061
53062
53063
53065
53065
53066
53066
53067
53068
53070
53070
53071
53072
53073
53073
53074
53074
53074
53074
53074
53076
53076
53081
53083
53083
53083
53085
53085
53087
53088
53089
53089
53090
53091
53092
53093
53094
53094
53096
53097
53098
53098
53099
53101
53101
53101
53101
53103
53104
53104
53107
53107
53107
53109
53110
53111
53111
53112
53112
53115
53116
53116
53117
53119
53119
53120
53120
53120
53122
53124
53124
53125
53127
53127
53128
53128
53128
53128
53130
53132
53134
53134
53136
53136
53137
53138
53139
53139
53139
53143
53143
53144
53145
53146
53147
53147
53149
53149
53149
53149
53150
53152
53152
53154
53155
53156
53156
53157
53159
53159
53159
53159
53162
53163
53165
53165
53165
53166
53169
53169
53171
53171
53172
53172
53174
53174
53176
53177
53178
53178
53179
53180
53182
53182
53184
53185
53185
53186
53188
53188
53188
53189
53189
53192
53193
53194
53195
53195
53196
53197
53198
53200
53200
53200
53201
53201
53202
53204
53204
53204
53207
53208
53208
53210
53210
53212
53212
53212
53212
53215
53217
53217
53218
53218
53221
53222
53222
53224
53224
53226
53226
53227
53227
53228
53229
53229
53230
53233
53234
53234
53235
53236
53236
53238
53238
53240
53242
53242
53242
53244
53245
53245
53246
53248
53249
53249
53249
53251
53253
53253
53253
53256
53257
53257
53258
53260
53260
53261
53261
53263
53264
53265
53266
53266
53268
53269
53269
53269
53272
53272
53274
53275
53275
53276
53277
53277
53278
53278
53279
53280
53282
53282
53284
53285
53286
53286
53287
53289
53290
53291
53292
53292
53293
53294
53295
53295
53295
53298
53298
53298
53298
53301
53301
53305
53306
53306
53307
53307
53309
53309
53310
53313
53313
53314
53314
53315
53316
53317
53318
53319
53319
53320
53322
53322
53325
53325
53326
53327
53328
53328
53330
53330
53332
53334
53335
53335
53335
53338
53338
53339
53341
53341
53342
53342
53343
53343
53344
53344
53345
53347
53348
53350
53350
53350
53351
53354
53356
53357
53358
53358
53359
53360
53361
53361
53362
53364
53364
53366
53367
53367
53367
53367
53370
53370
53371
53373
53374
53375
53377
53377
53379
53380
53381
53382
53383
53384
53385
53385
53386
53388
53388
53388
53389
53390
53390
53394
53394
53395
53395
53397
53397
53400
53400
53400
53401
53403
53404
53404
53406
53406
53408
53410
53410
53410
53410
53413
53413
53413
53415
53415
53416
53416
53419
53420
53420
53422
53424
53424
53426
53426
53427
53429
53429
53429
53429
53431
53434
53435
53435
53437
53438
53438
53439
53440
53441
53441
53444
53444
53446
53446
53446
53449
53449
53450
53450
53452
53453
53453
53455
53455
53457
53458
53458
53458
53459
53459
53463
53463
53465
53466
53466
53467
53470
53470
53472
53473
53473
53474
53475
53476
53477
53478
53478
53480
53481
53481
53482
53484
53484
53485
53486
53486
53487
53487
53490
53492
53493
53493
53495
53497
53497
53497
53499
53499
53501
53503
53503
53504
53504
53505
53506
53509
53509
53511
53512
53512
53513
53515
53515
53517
53518
53518
53520
53520
53521
53521
53524
53524
53526
53527
53527
53529
53530
53530
53532
53532
53532
53532
53536
53536
53537
53537
53537
53538
53542
53543
53544
53544
53546
53546
53547
53547
53548
53550
53552
53552
53553
53554
53556
53556
53557
53557
53558
53558
53560
53561
53561
53565
53566
53566
53566
53568
53569
53570
53571
53573
53573
53574
53576
53576
53576
53576
53580
53580
53581
53584
53584
53584
53585
53587
53589
53589
53589
53589
53591
53591
53595
53596
53596
53596
53598
53600
53600
53600
53603
53603
53605
53605
53605
53606
53606
53610
53610
53612
53612
53612
53614
53614
53614
53617
53618
53618
53622
53623
53623
53624
53625
53626
53627
53627
53628
53630
53632
53632
53633
53633
53635
53635
53638
53638
53638
53641
53641
53643
53643
53643
53645
53647
53648
53648
53649
53649
53650
53650
53652
53655
53656
53658
53658
53660
53661
53662
53663
53664
53664
53664
53664
53667
53669
53671
53671
53672
53674
53674
53674
53677
53677
53678
53680
53680
53682
53683
53684
53685
53686
53687
53688
53689
53689
53690
53691
53691
53691
53691
53691
53692
53693
53696
53696
53697
53702
53704
53705
53705
53707
53707
53709
53710
53711
53711
53711
53711
53711
53711
53718
53719
53719
53721
53721
53723
53724
53724
53726
53726
53726
53727
53730
53730
53732
53734
53734
53734
53736
53737
53739
53739
53739
53739
53739
53743
53746
53746
53747
53747
53748
53750
53751
53752
53753
53753
53753
53757
53758
53758
53758
53758
53759
53759
53763
53764
53765
53767
53768
53770
53770
53770
53772
53772
53772
53772
53772
53776
53778
53780
53782
53782
53783
53783
53784
53784
53787
53789
53790
53790
53790
53791
53791
53796
53796
53797
53798
53799
53800
53800
53802
53802
53803
53806
53807
53809
53809
53810
53811
53813
53813
53814
53815
53816
53816
53817
53819
53821
53821
53822
53823
53823
53825
53828
53828
53828
53831
53831
53832
53833
53835
53835
53836
53839
53840
53840
53841
53841
53843
53844
53846
53847
53848
53848
53849
53850
53850
53854
53854
53855
53857
53857
53860
53860
53862
53863
53864
53864
53866
53867
53869
53869
53869
53872
53873
53874
53875
53876
53876
53878
53879
53879
53880
53881
53883
53884
53886
53887
53887
53887
53889
53892
53892
53892
53893
53896
53896
53898
53898
53900
53901
53902
53903
53904
53905
53906
53906
53908
53910
53910
53912
53914
53915
53916
53917
53918
53920
53920
53920
53922
53922
53924
53925
53925
53927
53927
53929
53929
53932
53933
53935
53936
53937
53937
53939
53941
53941
53941
53941
53944
53946
53946
53947
53950
53950
53952
53953
53954
53954
53954
53954
53959
53959
53960
53960
53960
53961
53961
53963
53963
53965
53966
53969
53970
53970
53970
53974
53976
53976
53979
53980
53981
53982
53983
53984
53984
53985
53988
53988
53990
53991
53992
53992
53993
53994
53995
53996
53998
53998
53998
53999
53999
54002
54005
54007
54008
54009
54010
54011
54013
54013
54014
54015
54016
54017
54017
54020
54022
54023
54024
54025
54026
54027
54027
54028
54029
54032
54033
54034
54035
54036
54036
54038
54040
54040
54042
54043
54044
54046
54047
54047
54047
54050
54050
54052
54053
54055
54055
54057
54058
54058
54059
54060
54063
54064
54065
54067
54067
54068
54070
54070
54070
54072
54074
54075
54076
54076
54076
54079
54079
54081
54083
54084
54086
54086
54087
54087
54088
54090
54092
54092
54093
54097
54097
54097
54100
54101
54101
54101
54103
54103
54107
54108
54108
54109
54109
54112
54114
54115
54115
54118
54118
54119
54119
54119
54121
54121
54124
54125
54125
54125
54128
54130
54130
54133
54134
54134
54134
54139
54139
54139
54142
54142
54144
54145
54147
54147
54148
54150
54150
54150
54152
54153
54153
54153
54155
54159
54159
54160
54162
54163
54164
54164
54168
54168
54170
54171
54171
54172
54174
54174
54177
54177
54178
54181
54181
54183
54184
54185
54186
54188
54188
54189
54189
54189
54191
54192
54192
54195
54196
54199
54199
54201
54202
54205
54205
54206
54206
54209
54210
54210
54210
54214
54214
54217
54217
54217
54219
54220
54221
54221
54225
54225
54227
54228
54229
54231
54232
54233
54234
54234
54235
54235
54238
54238
54240
54242
54242
54242
54242
54246
54249
54250
54251
54251
54253
54254
54254
54256
54256
54259
54260
54262
54263
54264
54265
54266
54267
54269
54271
54271
54272
54274
54275
54277
54277
54277
54279
54281
54283
54284
54284
54286
54286
54288
54289
54291
54291
54293
54295
54295
54297
54298
54300
54300
54301
54301
54302
54303
54304
54305
54306
54309
54309
54311
54312
54316
54316
54317
54319
54319
54320
54321
54324
54324
54324
54324
54327
54327
54328
54332
54332
54335
54337
54337
54337
54337
54340
54343
54343
54345
54346
54346
54348
54348
54349
54352
54353
54353
54356
54356
54358
54359
54359
54359
54361
54361
54361
54364
54365
54367
54369
54371
54372
54373
54376
54376
54378
54378
54381
54382
54383
54383
54384
54384
54386
54388
54388
54392
54393
54393
54396
54397
54398
54399
54400
54400
54400
54403
54405
54405
54408
54409
54411
54411
54413
54414
54414
54416
54416
54419
54421
54421
54423
54424
54425
54425
54427
54428
54429
54429
54432
54434
54435
54435
54436
54438
54441
54441
54443
54445
54446
54446
54447
54447
54449
54452
54454
54454
54454
54455
54458
54458
54458
54462
54463
54464
54464
54467
54468
54469
54469
54472
54472
54474
54474
54478
54478
54480
54481
54481
54481
54482
54487
54487
54489
54490
54491
54492
54494
54495
54496
54497
54498
54499
54501
54503
54504
54504
54505
54505
54509
54510
54512
54512
54513
54516
54517
54518
54520
54521
54522
54523
54524
54526
54527
54528
54530
54531
54531
54534
54535
54535
54537
54539
54540
54541
54542
54543
54544
54546
54548
54549
54549
54551
54552
54554
54554
54556
54557
54559
54560
54561
54562
54563
54565
54566
54568
54570
54570
54573
54573
54573
54575
54576
54577
54579
54580
54583
54583
54584
54584
54586
54587
54591
54591
54592
54592
54592
54595
54595
54599
54599
54603
54604
54604
54606
54606
54606
54608
54612
54612
54613
54615
54617
54619
54619
54620
54622
54622
54623
54623
54626
54627
54630
54630
54632
54634
54635
54636
54636
54638
54640
54640
54642
54643
54644
54647
54648
54648
54648
54649
54651
54651
54657
54657
54657
54660
54661
54662
54664
54665
54666
54666
54667
54669
54673
54674
54674
54676
54676
54679
54680
54681
54681
54682
54684
54687
54688
54689
54691
54692
54694
54695
54696
54697
54699
54699
54700
54703
54705
54706
54707
54707
54708
54710
54712
54712
54713
54716
54717
54718
54720
54720
54720
54721
54726
54727
54727
54730
54730
54730
54733
54733
54735
54738
54739
54741
54741
54741
54745
54746
54746
54746
54747
54751
54751
54753
54753
54755
54756
54756
54756
54756
54763
54765
54765
54766
54768
54769
54771
54772
54774
54775
54777
54778
54779
54781
54782
54782
54786
54786
54787
54788
54788
54788
54793
54796
54796
54797
54799
54799
54799
54799
54805
54806
54806
54807
54808
54811
54813
54814
54816
54816
54819
54820
54820
54820
54820
54822
54827
54829
54829
54831
54831
54831
54834
54837
54838
54839
54839
54842
54843
54844
54845
54846
54847
54850
54851
54852
54854
54856
54856
54857
54857
54861
54863
54865
54865
54867
54867
54870
54870
54872
54872
54875
54876
54876
54877
54879
54883
54884
54886
54886
54887
54887
54890
54890
54894
54895
54895
54897
54899
54900
54902
54903
54905
54906
54906
54909
54909
54912
54912
54912
54916
54916
54919
54920
54922
54923
54924
54926
54927
54929
54930
54931
54931
54931
54934
54937
54939
54939
54942
54942
54942
54943
54946
54948
54948
54952
54953
54954
54954
54956
54957
54957
54959
54959
54959
54966
54966
54969
54970
54971
54972
54972
54973
54976
54978
54978
54979
54981
54985
54985
54987
54987
54990
54990
54993
54993
54996
54996
54997
54998
55000
55000
55003
55005
55005
55008
55009
55009
55011
55014
55016
55017
55019
55019
55019
55019
55020
55026
55027
55029
55029
55029
55031
55035
55035
55036
55036
55040
55042
55043
55044
55044
55048
55048
55048
55049
55053
55054
55056
55056
55058
55061
55061
55061
55062
55062
55063
55066
55067
55070
55073
55073
55077
55078
55079
55079
55080
55083
55086
55087
55087
55087
55087
55090
55092
55094
55097
55099
55100
55100
55100
55103
55103
55107
55109
55109
55110
55113
55113
55117
55118
55118
55119
55122
55123
55125
55126
55128
55129
55129
55133
55133
55136
55137
55138
55139
55141
55142
55144
55145
55147
55149
55149
55151
55153
55153
55153
55154
55158
55160
55161
55161
55162
55163
55164
55170
55170
55170
55171
55171
55172
55174
55180
55180
55183
55184
55184
55184
55187
55188
55190
55192
55192
55192
55193
55200
55200
55202
55202
55203
55207
55207
55208
55210
55213
55214
55215
55215
55219
55220
55221
55223
55225
55226
55226
55230
55230
55232
55232
55233
55233
55234
55240
55241
55244
55246
55247
55248
55248
55251
55252
55254
55255
55256
55256
55259
55261
55263
55263
55263
55264
55269
55270
55273
55273
55276
55276
55278
55278
55281
55281
55283
55283
55287
55289
55290
55293
55294
55296
55296
55296
55298
55302
55302
55303
55306
55307
55307
55310
55310
55312
55315
55316
55316
55318
55322
55324
55325
55325
55328
55330
55331
55333
55334
55336
55336
55339
55340
55342
55342
55345
55347
55348
55350
55351
55352
55354
55355
55356
55356
55356
55358
55363
55365
55366
55366
55370
55372
55373
55375
55375
55375
55377
55380
55381
55384
55386
55387
55388
55389
55390
55391
55395
55395
55395
55399
55399
55403
55403
55405
55405
55409
55411
55413
55413
55413
55414
55414
55420
55421
55421
55426
55427
55429
55429
55432
55432
55432
55434
55435
55435
55440
55443
55444
55444
55447
55449
55449
55451
55453
55455
55457
55458
55459
55462
55463
55465
55467
55468
55470
55471
55473
55473
55475
55478
55478
55481
55483
55484
55484
55487
55487
55487
55487
55493
55493
55496
55496
55500
55501
55503
55505
55507
55508
55510
55511
55513
55514
55516
55517
55518
55522
55523
55524
55526
55526
55529
55529
55531
55531
55533
55536
55537
55540
55540
55540
55540
55545
55549
55551
55552
55552
55552
55553
55557
55559
55560
55560
55560
55566
55567
55570
55571
55571
55572
55573
55576
55577
55579
55580
55581
55586
55586
55587
55589
55590
55593
55597
55598
55598
55601
55602
55602
55604
55605
55605
55608
55609
55609
55612
55612
55614
55621
55622
55624
55626
55626
55630
55630
55632
55632
55636
55638
55638
55638
55640
55644
55645
55645
55646
55646
55650
55654
55655
55657
55658
55661
55662
55664
55665
55667
55668
55668
55670
55670
55674
55678
55678
55679
55679
55682
55685
55685
55690
55690
55690
55694
55696
55696
55698
55698
55700
55703
55704
55706
55708
55710
55711
55714
55716
55718
55720
55720
55722
55724
55724
55727
55728
55732
55732
55732
55734
55736
55741
55741
55741
55741
55747
55749
55749
55750
55752
55755
55756
55758
55760
55760
55762
55763
55765
55769
55771
55772
55774
55776
55778
55780
55780
55780
55784
55786
55786
55786
55787
55789
55789
55792
55794
55799
55802
55804
55804
55806
55807
55808
55808
55813
55813
55817
55818
55818
55822
55823
55826
55827
55827
55831
55833
55833
55836
55838
55840
55842
55842
55842
55843
55843
55844
55848
55850
55852
55853
55858
55860
55862
55862
55864
55866
55867
55867
55869
55872
55872
55876
55878
55881
55882
55883
55887
55888
55891
55891
55892
55896
55897
55900
55901
55902
55903
55904
55909
55909
55910
55912
55914
55915
55915
55921
55922
55923
55923
55925
55928
55930
55931
55934
55934
55936
55938
55940
55941
55941
55941
55947
55947
55953
55953
55955
55955
55959
55960
55962
55963
55966
55969
55970
55971
55971
55976
55977
55978
55979
55982
55983
55983
55983
55988
55991
55994
55995
55997
55999
56000
56003
56004
56004
56008
56009
56009
56013
56014
56014
56015
56020
56022
56025
56026
56028
56030
56031
56034
56034
56036
56036
56038
56040
56041
56043
56048
56048
56052
56052
56056
56056
56059
56061
56062
56062
56063
56063
56070
56072
56073
56076
56077
56077
56081
56081
56082
56086
56087
56090
56091
56094
56095
56096
56097
56099
56100
56102
56104
56107
56107
56109
56110
56112
56116
56116
56121
56122
56122
56124
56129
56131
56132
56132
56135
56135
56140
56141
56144
56144
56144
56144
56150
56150
56154
56154
56156
56161
56162
56162
56165
56168
56170
56170
56173
56173
56174
56179
56181
56183
56184
56184
56187
56187
56191
56192
56194
56198
56198
56200
56201
56205
56206
56207
56211
56213
56213
56217
56217
56221
56221
56221
56224
56228
56228
56229
56230
56233
56236
56238
56241
56241
56242
56242
56245
56248
56250
56254
56255
56255
56257
56259
56262
56264
56268
56270
56271
56271
56276
56277
56279
56280
56284
56284
56284
56284
56285
56288
56290
56295
56298
56301
56302
56303
56306
56306
56306
56309
56311
56315
56318
56318
56321
56321
56321
56324
56324
56324
56325
56332
56335
56335
56341
56343
56343
56343
56344
56348
56349
56350
56357
56359
56360
56360
56361
56367
56368
56369
56373
56374
56374
56375
56378
56383
56384
56385
56388
56388
56388
56394
56396
56398
56398
56400
56403
56404
56406
56407
56412
56413
56413
56418
56418
56421
56422
56425
56427
56428
56428
56432
56435
56437
56440
56440
56441
56443
56443
56448
56449
56451
56455
56455
56459
56459
56460
56463
56463
56464
56468
56470
56476
56476
56479
56479
56479
56480
56487
56489
56489
56494
56494
56496
56498
56501
56501
56503
56505
56507
56512
56513
56514
56516
56516
56518
56524
56526
56527
56528
56530
56532
56536
56537
56540
56542
56544
56544
56548
56548
56551
56554
56555
56558
56559
56560
56563
56565
56567
56570
56572
56574
56576
56576
56579
56581
56582
56587
56587
56587
56593
56595
56595
56597
56597
56600
56604
56606
56606
56607
56609
56610
56611
56615
56615
56622
56626
56628
56630
56631
56632
56634
56634
56634
56637
56644
56647
56648
56649
56651
56652
56657
56657
56657
56657
56660
56665
56669
56671
56673
56675
56677
56679
56680
56682
56685
56688
56689
56691
56694
56695
56695
56701
56703
56704
56704
56705
56707
56710
56715
56717
56718
56722
56723
56724
56724
56729
56732
56734
56735
56738
56739
56743
56743
56745
56748
56751
56751
56755
56758
56759
56759
56761
56761
56761
56768
56770
56773
56773
56777
56780
56782
56783
56787
56789
56792
56793
56796
56796
56800
56803
56803
56804
56805
56808
56811
56812
56818
56818
56818
56822
56823
56827
56827
56831
56835
56836
56839
56841
56843
56845
56847
56847
56850
56854
56857
56858
56860
56861
56864
56864
56864
56867
56873
56873
56877
56877
56877
56879
56887
56889
56891
56893
56894
56894
56897
56900
56903
56905
56909
56909
56913
56915
56916
56920
56920
56924
56925
56926
56929
56932
56933
56934
56934
56939
56939
56942
56943
56945
56945
56950
56957
56958
56958
56960
56964
56967
56969
56972
56973
56973
56976
56977
56977
56986
56989
56990
56993
56994
56995
56996
56996
57004
57007
57009
57010
57010
57011
57018
57018
57022
57025
57025
57029
57030
57031
57036
57038
57040
57043
57045
57045
57047
57052
57052
57052
57052
57061
57062
57065
57065
57065
57072
57072
57074
57079
57080
57082
57085
57088
57088
57089
57090
57095
57096
57098
57100
57101
57105
57108
57113
57115
57117
57118
57119
57120
57127
57127
57130
57131
57132
57136
57139
57142
57142
57147
57150
57152
57152
57156
57159
57160
57161
57161
57166
57166
57167
57175
57178
57178
57181
57184
57187
57188
57191
57192
57195
57196
57200
57201
57205
57208
57209
57212
57214
57217
57217
57220
57223
57224
57224
57230
57231
57232
57238
57239
57242
57242
57242
57247
57247
57252
57255
57259
57259
57261
57265
57265
57267
57267
57273
57277
57280
57282
57285
57288
57290
57292
57292
57296
57300
57302
57304
57305
57308
57309
57312
57314
57314
57316
57321
57321
57326
57327
57330
57331
57337
57340
57342
57344
57348
57350
57350
57351
57356
57356
57362
57364
57365
57366
57369
57369
57372
57375
57378
57384
57386
57387
57389
57390
57395
57395
57395
57403
57403
57404
57406
57409
57410
57410
57416
57420
57420
57421
57425
57427
57435
57436
57440
57441
57441
57446
57448
57452
57452
57452
57457
57457
57460
57465
57465
57465
57474
57476
57477
57481
57484
57486
57489
57491
57493
57495
57496
57497
57501
57505
57508
57508
57512
57517
57519
57521
57522
57523
57526
57530
57531
57536
57536
57538
57539
57546
57546
57546
57548
57549
57556
57557
57559
57562
57565
57570
57570
57572
57579
57582
57583
57583
57588
57592
57593
57595
57599
57599
57602
57605
57609
57611
57615
57617
57619
57620
57620
57624
57626
57626
57629
57636
57639
57643
57646
57646
57648
57651
57652
57653
57658
57662
57662
57665
57669
57669
57674
57674
57681
57682
57683
57683
57688
57694
57695
57699
57700
57703
57704
57704
57709
57715
57716
57718
57719
57721
57725
57727
57732
57734
57735
57735
57741
57741
57741
57746
57747
57749
57755
57755
57762
57762
57769
57769
57775
57777
57780
57783
57783
57787
57790
57792
57792
57798
57799
57800
57800
57809
57810
57811
57813
57819
57822
57826
57828
57830
57832
57834
57838
57839
57843
57846
57847
57850
57850
57854
57857
57862
57864
57865
57865
57871
57871
57873
57880
57882
57884
57886
57887
57891
57895
57897
57899
57902
57905
57907
57910
57913
57918
57919
57922
57928
57929
57932
57935
57937
57941
57942
57943
57949
57952
57954
57958
57958
57960
57961
57961
57966
57971
57976
57976
57977
57980
57988
57989
57990
57992
57992
57995
58000
58003
58007
58010
58010
58016
58019
58021
58025
58028
58029
58034
58034
58036
58037
58042
58043
58049
58053
58055
58058
58062
58064
58068
58071
58073
58074
58079
58079
58080
58083
58083
58086
58088
58099
58099
58103
58104
58106
58113
58114
58115
58117
58122
58126
58128
58130
58133
58138
58138
58140
58145
58145
58149
58155
58158
58160
58163
58163
58165
58172
58175
58177
58180
58181
58183
58183
58191
58192
58197
58200
58204
58207
58209
58209
58210
58212
58216
58220
58222
58222
58231
58231
58232
58238
58238
58247
58247
58247
58254
58254
58256
58260
58260
58267
58271
58275
58276
58281
58284
58287
58290
58293
58297
58298
58298
58304
58307
58308
58312
58312
58316
58317
58323
58326
58327
58332
58337
58338
58341
58343
58348
58350
58350
58357
58357
58358
58364
58365
58368
58372
58376
58377
58378
58386
58387
58391
58391
58394
58395
58403
58405
58408
58410
58417
58417
58422
58426
58426
58431
58434
58438
58439
58441
58442
58450
58450
58451
58451
58462
58466
58467
58467
58474
58475
58477
58481
58483
58485
58487
58495
58495
58499
58502
58504
58509
58512
58512
58515
58518
58522
58527
58527
58531
58537
58542
58545
58547
58550
58550
58555
58555
58555
58557
58565
58567
58569
58573
58577
58583
58585
58589
58591
58597
58599
58600
58606
58610
58611
58613
58616
58621
58626
58627
58627
58634
58638
58639
58639
58645
58647
58647
58647
58659
58661
58661
58666
58668
58675
58677
58681
58681
58686
58690
58695
58695
58696
58703
58705
58707
58712
58717
58719
58723
58724
58728
58728
58729
58735
58741
58741
58745
58745
58755
58759
58759
58762
58762
58770
58773
58776
58776
58783
58785
58790
58794
58796
58796
58800
58802
58805
58805
58811
58816
58819
58826
58828
58829
58832
58834
58834
58840
58849
58850
58850
58851
58856
58864
58867
58867
58867
58870
58874
58885
58885
58887
58889
58895
58899
58900
58900
58900
58909
58909
58909
58916
58918
58921
58928
58936
58941
58941
58942
58947
58950
58958
58959
58961
58963
58968
58970
58974
58976
58979
58979
58982
58988
58989
58994
58997
58998
59003
59012
59017
59018
59021
59029
59032
59033
59037
59041
59043
59043
59049
59056
59058
59060
59060
59066
59067
59072
59078
59081
59082
59083
59083
59087
59096
59100
59101
59106
59111
59114
59119
59119
59123
59123
59132
59134
59138
59143
59147
59148
59155
59155
59157
59165
59166
59169
59174
59178
59181
59184
59186
59186
59192
59192
59199
59199
59204
59207
59216
59218
59223
59223
59229
59231
59237
59238
59240
59248
59253
59253
59256
59258
59267
59267
59269
59273
59280
59283
59286
59287
59291
59291
59295
59306
59306
59310
59316
59319
59320
59324
59328
59332
59332
59336
59338
59348
59353
59356
59358
59361
59363
59370
59371
59377
59377
59379
59388
59390
59392
59392
59392
59401
59403
59413
59418
59421
59421
59421
59429
59435
59435
59437
59446
59447
59454
59456
59456
59456
59465
59467
59467
59468
59477
59484
59491
59494
59496
59498
59499
59503
59513
59517
59518
59519
59528
59529
59533
59537
59543
59543
59549
59549
59551
59557
59559
59567
59571
59576
59576
59579
59579
59589
59595
59595
59603
59607
59608
59610
59617
59617
59626
59626
59627
59632
59640
59644
59647
59649
59655
59656
59664
59668
59668
59668
59679
59679
59681
59684
59694
59697
59702
59706
59708
59711
59712
59716
59720
59724
59733
59734
59741
59744
59747
59750
59754
59760
59760
59767
59769
59775
59777
59780
59783
59784
59791
59799
59801
59802
59803
59812
59819
59821
59826
59827
59829
59838
59840
59841
59847
59848
59858
59860
59862
59864
59874
59877
59880
59886
59889
59892
59894
59898
59903
59907
59908
59910
59923
59923
59923
59929
59935
59935
59947
59949
59950
59952
59952
59963
59968
59974
59978
59978
59983
59984
59991
59991
59992
59994
59996
60009
60016
60018
60022
60022
60028
60028
60029
60037
60038
60056
60056
60057
60059
60072
60076
60078
60083
60086
60093
60097
60100
60105
60109
60114
60116
60120
60123
60130
60132
60132
60136
60137
60139
60152
60160
60162
60166
60173
60177
60179
60182
60188
60188
60189
60194
60202
60206
60206
60211
60218
60219
60229
60233
60237
60241
60244
60244
60256
60260
60263
60265
60271
60273
60273
60283
60287
60296
60301
60302
60303
60312
60318
60318
60318
60327
60335
60339
60340
60344
60346
60357
60357
60362
60370
60372
60376
60379
60382
60383
60383
60399
60405
60407
60410
60413
60417
60423
60429
60434
60439
60440
60448
60454
60454
60456
60463
60463
60469
60470
60477
60487
60493
60493
60501
60503
60504
60511
60511
60511
60523
60532
60538
60539
60545
60551
60551
60557
60558
60561
60564
60572
60576
60587
60592
60593
60594
60594
60594
60609
60610
60625
60628
60634
60638
60643
60644
60651
60652
60652
60658
60668
60669
60674
60675
60682
60692
60696
60697
60698
60699
60712
60716
60720
60720
60727
60728
60738
60738
60741
60749
60761
60767
60770
60772
60775
60776
60785
60786
60796
60798
60808
60814
60815
60825
60829
60830
60839
60842
60842
60852
60856
60861
60868
60872
60874
60879
60883
60889
60893
60899
60904
60904
60908
60914
60916
60927
60927
60930
60932
60947
60950
60952
60960
60964
60964
60979
60981
60982
60986
60990
60999
61001
61009
61013
61023
61023
61023
61026
61035
61041
61047
61054
61061
61063
61071
61071
61082
61084
61090
61095
61096
61104
61110
61113
61118
61123
61130
61137
61142
61145
61149
61157
61160
61161
61166
61171
61181
61187
61191
61196
61197
61202
61210
61218
61220
61220
61224
61236
61242
61242
61242
61252
61259
61266
61269
61278
61284
61287
61287
61297
61298
61305
61310
61321
61323
61323
61324
61340
61341
61348
61354
61360
61367
61369
61371
61381
61381
61388
61397
61400
61408
61411
61420
61420
61430
61432
61432
61446
61446
61450
61455
61464
61473
61473
61475
61487
61491
61499
61505
61505
61514
61514
61515
61529
61535
61541
61542
61542
61542
61555
61557
61571
61579
61583
61590
61596
61601
61604
61611
61614
61616
61618
61630
61630
61639
61640
61653
61660
61664
61669
61676
61678
61688
61691
61691
61695
61707
61708
61715
61727
61729
61739
61740
61746
61749
61755
61755
61755
61762
61778
61780
61780
61786
61808
61813
61818
61819
61825
61837
61840
61840
61851
61858
61861
61864
61873
61880
61884
61889
61898
61905
61909
61912
61920
61927
61929
61931
61938
61948
61949
61955
61961
61972
61972
61973
61980
61987
61998
62004
62011
62017
62024
62027
62036
62043
62045
62046
62050
62066
62074
62077
62077
62077
62078
62094
62102
62106
62113
62117
62134
62136
62141
62147
62156
62164
62167
62174
62178
62178
62187
62190
62198
62204
62215
62224
62228
62233
62240
62245
62249
62260
62262
62270
62278
62280
62286
62289
62290
62295
62311
62317
62321
62330
62336
62340
62346
62347
62355
62370
62375
62382
62387
62395
62401
62403
62413
62416
62419
62421
62428
62432
62443
62454
62467
62473
62475
62485
62487
62498
62498
62510
62514
62521
62529
62530
62534
62535
62538
62543
62556
62556
62556
62581
62585
62589
62594
62607
62614
62618
62631
62639
62646
62649
62650
62650
62653
62675
62683
62688
62696
62705
62711
62711
62719
62727
62735
62746
62746
62746
62755
62760
62760
62784
62793
62793
62795
62797
62806
62807
62833
62838
62845
62846
62850
62850
62863
62870
62871
62886
62901
62902
62903
62910
62922
62923
62926
62934
62935
62961
62969
62973
62977
62990
62996
63004
63005
63014
63019
63025
63028
63041
63047
63057
63066
63072
63079
63087
63090
63102
63106
63108
63112
63112
63131
63145
63146
63146
63156
63164
63165
63183
63192
63200
63205
63214
63223
63231
63234
63236
63242
63250
63266
63269
63270
63289
63293
63293
63294
63311
63326
63328
63332
63343
63348
63357
63362
63362
63385
63388
63395
63395
63404
63416
63426
63429
63431
63446
63456
63467
63473
63474
63489
63494
63502
63503
63511
63526
63527
63540
63548
63552
63559
63573
63580
63588
63590
63595
63597
63618
63623
63628
63643
63643
63644
63664
63668
63675
63676
63689
63702
63712
63718
63726
63734
63744
63750
63756
63762
63766
63776
63785
63797
63799
63808
63813
63813
63814
63834
63837
63845
63862
63876
63884
63890
63894
63911
63916
63924
63934
63934
63938
63946
63963
63971
63977
63988
63997
64003
64003
64017
64030
64036
64041
64058
64063
64065
64076
64081
64100
64101
64113
64122
64133
64136
64148
64153
64154
64168
64168
64182
64184
64201
64214
64215
64222
64227
64246
64254
64259
64266
64282
64293
64300
64311
64321
64322
64335
64335
64347
64356
64363
64370
64378
64394
64406
64409
64423
64423
64433
64437
64447
64465
64467
64475
64488
64500
64502
64521
64527
64527
64528
64557
64562
64566
64570
64589
64601
64601
64620
64622
64635
64645
64645
64645
64675
64686
64686
64688
64702
64715
64718
64733
64738
64751
64766
64772
64776
64783
64800
64816
64818
64833
64838
64841
64854
64863
64866
64873
64876
64900
64904
64926
64929
64929
64929
64960
64971
64985
64993
64994
65010
65023
65031
65044
65049
65050
65064
65071
65092
65097
65104
65122
65126
65127
65142
65142
65158
65180
65185
65186
65205
65209
65223
65237
65242
65259
65265
65269
65283
65289
65311
65313
65324
65327
65327
65337
65370
65373
65388
65400
65401
65422
65424
65428
65433
65447
65456
65465
65470
65503
65510
65520
65525
65540
65548
65551
65572
65590
65591
65612
65616
65630
65634
65646
65663
65668
65674
65690
65707
65718
65722
65722
65732
65732
65751
65781
65794
65800
65815
65821
65828
65836
65858
65867
65871
65883
65893
65904
65915
65917
65934
65961
65963
65977
65979
65995
65999
66023
66024
66038
66054
66067
66067
66074
66099
66104
66113
66117
66136
66146
66158
66181
66194
66205
66212
66222
66229
66248
66256
66273
66275
66298
66303
66327
66331
66335
66336
66372
66375
66388
66402
66405
66426
66442
66451
66462
66475
66496
66505
66516
66529
66529
66548
66563
66569
66572
66607
66616
66620
66644
66644
66658
66665
66665
66688
66694
66711
66740
66751
66754
66755
66782
66789
66796
66832
66840
66842
66845
66881
66889
66907
66911
66937
66941
66962
66975
66977
66992
67003
67022
67036
67040
67065
67074
67090
67097
67097
67125
67144
67147
67149
67150
67162
67181
67227
67237
67255
67264
67278
67284
67300
67304
67317
67339
67350
67355
67362
67399
67407
67432
67432
67439
67447
67486
67502
67506
67524
67547
67550
67571
67585
67591
67607
67633
67636
67639
67660
67664
67691
67716
67717
67723
67750
67756
67779
67792
67805
67820
67836
67844
67848
67888
67893
67899
67937
67956
67970
67975
67997
68006
68018
68018
68046
68051
68079
68106
68112
68129
68154
68167
68183
68187
68196
68202
68233
68252
68263
68266
68294
68303
68319
68320
68338
68370
68391
68392
68392
68406
68414
68446
68485
68487
68525
68529
68556
68586
68602
68616
68630
68640
68651
68651
68687
68707
68721
68749
68751
68785
68797
68799
68829
68846
68862
68882
68897
68908
68926
68953
68955
68971
69008
69011
69036
69053
69059
69089
69114
69119
69139
69149
69181
69200
69226
69228
69244
69262
69296
69305
69305
69340
69356
69356
69376
69415
69420
69427
69455
69475
69477
69481
69483
69560
69567
69592
69621
69634
69663
69672
69696
69709
69747
69758
69766
69773
69826
69826
69840
69853
69863
69903
69910
69959
69964
69971
69999
70002
70023
70079
70107
70112
70128
70153
70185
70190
70223
70230
70255
70259
70307
70325
70340
70362
70377
70406
70435
70447
70482
70503
70507
70548
70557
70583
70600
70620
70621
70623
70661
70678
70745
70766
70766
70791
70809
70845
70872
70899
70901
70949
70960
70977
70994
71007
71037
71074
71085
71098
71112
71168
71181
71204
71247
71249
71274
71296
71309
71322
71388
71414
71419
71443
71457
71504
71510
71534
71557
71568
71624
71654
71685
71699
71725
71734
71790
71813
71818
71824
71885
71911
71926
71949
71984
71992
72019
72067
72087
72097
72152
72186
72204
72220
72254
72267
72310
72321
72375
72376
72381
72443
72456
72462
72540
72545
72562
72606
72607
72610
72671
72719
72762
72797
72798
72826
72826
72908
72948
72959
72985
73037
73059
73085
73116
73143
73180
73192
73192
73192
73299
73312
73362
73382
73402
73422
73458
73520
73541
73559
73622
73638
73648
73691
73734
73741
73796
73852
73856
73904
73943
73973
73981
73984
74092
74108
74120
74146
74160
74171
74299
74311
74344
74398
74401
74452
74501
74523
74536
74540
74649
74690
74694
74715
74775
74812
74828
74872
74904
74961
74988
75007
75108
75131
75172
75199
75228
75269
75329
75340
75352
75461
75463
75533
75557
75574
75602
75691
75706
75716
75798
75818
75893
75898
76002
76024
76046
76106
76134
76184
76241
76268
76334
76393
76425
76444
76467
76541
76599
76606
76684
76763
76787
76821
76903
76936
77000
77024
77029
77129
77144
77158
77292
77297
77336
77373
77454
77497
77578
77613
77704
77732
77772
77834
77859
77960
78015
78035
78123
78180
78222
78251
78345
78371
78458
78482
78543
78565
78595
78678
78710
78774
78894
78958
79042
79049
79126
79232
79285
79321
79340
79370
79411
79615
79662
79728
79815
79872
79876
79949
80077
80132
80137
80166
80214
80354
80468
80482
80573
80667
80669
80754
80825
80937
81042
81074
81097
81114
81189
81235
81434
81447
81494
81780
81824
81892
81977
82097
82158
82171
82199
82233
82454
82604
82626
82628
82653
82690
83066
83156
83244
83279
83460
83558
83588
83703
83739
83792
83933
84150
84234
84256
84374
84554
84620
84736
84918
84982
85082
85232
85263
85456
85479
85666
85722
85823
86016
86065
86320
86404
86579
86706
86817
86948
87003
87073
87090
87324
87368
87769
87939
88098
88110
88241
88549
88604
88667
88845
88861
89190
89372
89658
89780
89848
89857
89925
90252
90358
91051
91209
91260
91541
91652
91717
91806
92085
92118
92468
92865
93113
93170
93267
94109
94291
94567
94935
95071
95385
95784
96062
96328
96487
96975
97311
97654
97986
97997
98663
98857
99154
99372
100140
100222
100854
101344
101869
102278
102642
102887
103798
104131
104408
105158
105168
106589
106940
107256
108494
109680
110058
111332
111884
112183
114243
114935
116123
117601
118690
119790
120645
120882
123644
124386
129214
130017
136716
138752
140465
146679
158674
165991
189350
298586
