4586 576355749
112733
112733
112746
112761
112788
112800
112806
112835
112856
112877
112907
112907
112935
112960
112978
112979
113001
113006
113028
113054
113082
113083
113112
113140
113140
113146
113170
113185
113191
113202
113211
113225
113246
113259
113260
113285
113299
113315
113333
113342
113370
113389
113395
113425
113436
113464
113493
113520
113547
113568
113596
113604
113620
113628
113646
113666
113676
113691
113693
113705
113735
113759
113784
113802
113825
113830
113834
113857
113859
113867
113868
113873
113885
113895
113915
113925
113935
113942
113958
113980
113985
114001
114013
114041
114047
114059
114079
114097
114119
114127
114136
114155
114162
114169
114176
114199
114209
114220
114220
114231
114251
114268
114293
114295
114324
114329
114349
114371
114372
114385
114401
114409
114417
114420
114430
114432
114437
114459
114488
114508
114515
114532
114537
114559
114588
114616
114632
114643
114670
114673
114679
114708
114734
114747
114763
114774
114787
114793
114794
114794
114823
114838
114846
114851
114861
114870
114900
114903
114930
114945
114974
114987
115012
115031
115041
115069
115070
115070
115100
115122
115127
115156
115184
115201
115208
115227
115246
115246
115273
115304
115305
115325
115349
115361
115382
115387
115404
115423
115432
115443
115461
115481
115504
115505
115528
115540
115550
115556
115558
115581
115602
115606
115617
115639
115645
115664
115690
115705
115730
115757
115779
115802
115815
115843
115869
115886
115911
115925
115937
115956
115983
115990
116002
116016
116037
116068
116081
116091
116115
116137
116143
116161
116190
116207
116213
116234
116258
116265
116276
116284
116294
116324
116340
116353
116378
116398
116407
116428
116428
116428
116444
116448
116455
116476
116504
116528
116547
116556
116577
116587
116614
116639
116649
116665
116696
116707
116737
116746
116769
116786
116791
116813
116826
116843
116861
116870
116882
116887
116899
116930
116951
116954
116959
116972
116993
117022
117032
117060
117083
117089
117114
117133
117158
117184
117206
117232
117232
117258
117285
117309
117321
117346
117363
117365
117377
117404
117406
117425
117440
117463
117474
117499
117529
117529
117549
117570
117582
117590
117621
117621
117630
117661
117662
117677
117704
117734
117752
117774
117785
117792
117797
117809
117840
117848
117872
117890
117903
117907
117917
117935
117945
117962
117977
117986
117990
118021
118025
118031
118052
118081
118083
118097
118116
118143
118162
118167
118175
118190
118197
118210
118216
118241
118245
118256
118280
118286
118287
118302
118326
118347
118364
118380
118384
118411
118441
118466
118481
118488
118517
118523
118546
118550
118576
118588
118615
118618
118642
118670
118679
118700
118727
118734
118760
118785
118786
118817
118847
118873
118893
118893
118916
118937
118959
118973
119000
119008
119029
119039
119042
119059
119090
119118
119129
119136
119165
119190
119217
119235
119267
119276
119292
119313
119329
119341
119369
119389
119403
119414
119422
119430
119447
119467
119495
119496
119525
119533
119556
119564
119577
119606
119610
119610
119638
119665
119676
119677
119697
119708
119718
119748
119772
119783
119789
119803
119805
119830
119847
119859
119869
119880
119883
119895
119920
119923
119928
119960
119973
119980
120008
120016
120024
120028
120051
120077
120086
120114
120115
120135
120146
120161
120184
120208
120237
120246
120257
120261
120289
120309
120330
120355
120381
120394
120414
120419
120423
120455
120466
120494
120502
120503
120505
120509
120528
120551
120572
120596
120616
120626
120643
120649
120664
120666
120675
120696
120725
120735
120744
120766
120772
120796
120821
120846
120858
120860
120868
120892
120918
120926
120957
120988
120990
121013
121028
121049
121081
121099
121125
121126
121138
121155
121160
121179
121193
121214
121229
121236
121251
121271
121294
121307
121317
121342
121374
121394
121410
121438
121467
121495
121506
121526
121548
121554
121567
121594
121619
121649
121670
121682
121709
121737
121741
121756
121788
121809
121811
121828
121848
121872
121874
121906
121917
121922
121934
121964
121985
122000
122011
122018
122021
122034
122042
122067
122073
122097
122097
122108
122125
122139
122148
122158
122185
122190
122207
122223
122230
122240
122240
122268
122297
122319
122321
122339
122360
122363
122391
122397
122409
122434
122452
122484
122496
122507
122512
122540
122571
122573
122587
122610
122629
122644
122663
122668
122680
122681
122708
122711
122735
122757
122771
122778
122783
122788
122819
122820
122825
122827
122829
122861
122874
122876
122904
122933
122950
122974
122987
123017
123044
123075
123086
123103
123110
123141
123170
123190
123220
123237
123242
123267
123289
123292
123292
123292
123302
123304
123324
123340
123349
123358
123371
123393
123417
123432
123459
123492
123507
123532
123536
123566
123586
123593
123601
123628
123657
123666
123696
123724
123745
123777
123810
123811
123817
123834
123836
123868
123875
123906
123931
123958
123970
123978
123994
124009
124012
124014
124014
124036
124051
124068
124081
124088
124113
124141
124150
124163
124167
124199
124224
124244
124254
124286
124290
124293
124300
124307
124323
124327
124333
124337
124340
124344
124346
124365
124377
124408
124421
124434
124460
124463
124480
124502
124506
124533
124562
124565
124565
124594
124615
124625
124649
124650
124669
124696
124728
124733
124733
124748
124748
124769
124797
124823
124856
124879
124898
124906
124907
124916
124923
124949
124963
124964
124989
125018
125047
125069
125099
125107
125139
125144
125152
125172
125183
125193
125220
125238
125270
125288
125304
125329
125345
125377
125382
125384
125417
125417
125417
125417
125428
125429
125429
125444
125472
125492
125507
125524
125545
125548
125575
125583
125613
125644
125667
125685
125697
125726
125731
125743
125772
125776
125779
125807
125811
125833
125835
125835
125847
125864
125866
125896
125902
125931
125941
125964
125966
125991
125997
126003
126009
126038
126053
126065
126096
126100
126122
126143
126146
126172
126176
126193
126193
126211
126222
126232
126245
126265
126267
126279
126281
126298
126298
126310
126312
126312
126314
126332
126348
126366
126386
126410
126426
126440
127211
128110
131867
134129
138008
138353
138396
138400
138457
138464
138474
138495
138506
138507
138520
138524
138524
138525
138526
138545
138545
138554
138556
138556
138563
138566
138566
138566
138566
138566
138573
138574
138591
138592
138592
138597
138606
138611
138614
138618
138622
138625
138628
138632
138632
138632
138638
138638
138645
138648
138653
138654
138657
138662
138668
138671
138672
138679
138682
138689
138690
138690
138692
138694
138704
138713
138713
138720
138723
138727
138728
138735
138735
138738
138743
138747
138749
138756
138756
138757
138758
138771
138774
138775
138782
138782
138783
138790
138794
138794
138795
138797
138811
138812
138813
138813
138813
138823
138828
138828
138839
138840
138842
138849
138851
138855
138857
138860
138860
138872
138874
138880
138881
138883
138889
138894
138897
138902
138905
138910
138912
138916
138918
138923
138923
138925
138930
138939
138939
138946
138950
138952
138957
138959
138965
138967
138969
138969
138974
138978
138980
138980
138991
138998
138998
138998
139003
139007
139008
139012
139025
139028
139032
139036
139040
139043
139045
139048
139053
139059
139060
139064
139070
139070
139075
139080
139082
139084
139088
139088
139088
139102
139107
139110
139114
139114
139116
139118
139118
139130
139132
139141
139145
139148
139152
139156
139156
139161
139163
139166
139167
139171
139181
139183
139185
139186
139192
139200
139204
139208
139212
139217
139217
139221
139224
139224
139228
139235
139237
139242
139249
139249
139256
139259
139262
139264
139267
139276
139280
139285
139289
139291
139295
139300
139301
139306
139310
139316
139316
139321
139325
139326
139332
139339
139343
139346
139347
139353
139357
139359
139359
139365
139367
139372
139381
139385
139387
139392
139396
139398
139404
139407
139409
139412
139414
139419
139424
139430
139431
139437
139442
139443
139451
139453
139453
139460
139461
139468
139472
139478
139481
139482
139487
139493
139496
139496
139496
139505
139512
139513
139520
139521
139526
139526
139535
139535
139542
139542
139552
139556
139559
139563
139568
139568
139569
139573
139581
139583
139589
139591
139596
139602
139602
139610
139614
139614
139620
139626
139631
139634
139638
139642
139643
139643
139644
139647
139659
139663
139665
139666
139678
139680
139685
139685
139691
139696
139699
139699
139705
139708
139711
139718
139724
139729
139734
139734
139741
139746
139749
139754
139758
139758
139765
139765
139773
139778
139782
139783
139785
139790
139792
139802
139805
139808
139811
139818
139821
139823
139828
139829
139834
139842
139845
139850
139853
139853
139855
139863
139869
139873
139878
139878
139886
139889
139889
139890
139890
139897
139903
139908
139910
139918
139926
139929
139929
139935
139943
139943
139951
139952
139957
139963
139966
139967
139971
139973
139982
139988
139988
139991
139994
140002
140002
140011
140012
140015
140023
140025
140026
140027
140035
140038
140038
140041
140042
140045
140057
140057
140069
140076
140080
140085
140086
140086
140088
140096
140098
140105
140108
140113
140119
140120
140126
140135
140139
140140
140143
140150
140153
140156
140160
140166
140172
140172
140175
140176
140181
140181
140195
140195
140195
140205
140210
140218
140221
140223
140229
140231
140233
140240
140242
140252
140255
140255
140259
140259
140268
140274
140275
140277
140277
140287
140292
140298
140304
140307
140310
140311
140318
140319
140320
140321
140321
140326
140331
140348
140350
140361
140365
140369
140372
140378
140379
140380
140389
140389
140390
140401
140403
140410
140411
140412
140414
140427
140427
140433
140433
140443
140450
140453
140458
140458
140463
140469
140470
140478
140479
140482
140493
140496
140499
140505
140507
140507
140512
140513
140516
140529
140532
140539
140541
140547
140547
140552
140558
140561
140565
140571
140578
140583
140587
140590
140593
140599
140604
140604
140611
140614
140615
140617
140618
140627
140634
140635
140639
140642
140652
140658
140659
140659
140668
140670
140679
140686
140691
140692
140694
140703
140706
140710
140714
140717
140719
140728
140731
140735
140736
140738
140745
140751
140755
140755
140760
140763
140775
140783
140786
140790
140794
140799
140803
140806
140809
140812
140821
140821
140828
140835
140836
140838
140843
140850
140850
140850
140858
140866
140871
140876
140877
140888
140889
140890
140896
140903
140907
140908
140918
140921
140921
140932
140934
140934
140934
140942
140950
140958
140959
140967
140967
140969
140973
140980
140984
140986
141000
141004
141007
141010
141013
141022
141026
141029
141029
141032
141035
141039
141047
141047
141063
141063
141065
141072
141077
141085
141090
141092
141093
141095
141098
141110
141114
141115
141116
141119
141127
141131
141136
141146
141153
141154
141160
141160
141160
141170
141177
141180
141182
141189
141192
141203
141204
141206
141210
141218
141225
141229
141233
141233
141233
141241
141251
141251
141256
141260
141264
141272
141272
141278
141280
141285
141285
141285
141305
141306
141310
141315
141324
141329
141335
141337
141338
141345
141347
141348
141357
141368
141371
141377
141380
141385
141387
141388
141394
141402
141410
141414
141416
141421
141425
141433
141433
141433
141444
141446
141449
141449
141452
141460
141475
141475
141482
141485
141487
141487
141487
141505
141513
141515
141521
141522
141530
141535
141536
141539
141539
141544
141557
141563
141564
141567
141578
141583
141587
141588
141595
141597
141600
141608
141614
141617
141618
141624
141624
141634
141636
141636
141638
141658
141662
141666
141668
141671
141677
141681
141681
141689
141700
141703
141705
141710
141715
141723
141724
141727
141729
141737
141747
141753
141759
141762
141762
141763
141770
141783
141785
141792
141794
141798
141807
141810
141814
141816
141817
141820
141835
141838
141845
141846
141851
141856
141857
141868
141873
141875
141878
141882
141893
141897
141901
141907
141913
141914
141916
141921
141924
141935
141936
141945
141951
141952
141962
141965
141967
141972
141973
141975
141976
141977
141995
141997
142005
142013
142018
142021
142026
142034
142038
142044
142049
142053
142057
142062
142063
142073
142076
142080
142086
142088
142092
142099
142099
142100
142112
142112
142115
142132
142133
142138
142142
142142
142147
142164
142166
142168
142179
142182
142182
142182
142191
142197
142197
142213
142217
142217
142225
142227
142231
142235
142238
142246
142247
142255
142267
142270
142270
142280
142285
142288
142290
142301
142305
142305
142315
142322
142325
142333
142334
142339
142349
142351
142355
142357
142367
142371
142374
142383
142385
142394
142394
142400
142400
142409
142414
142420
142420
142435
142438
142442
142442
142442
142448
142455
142465
142471
142472
142481
142489
142491
142500
142503
142508
142508
142519
142525
142528
142532
142534
142547
142547
142550
142560
142565
142567
142569
142582
142586
142593
142594
142598
142599
142603
142608
142625
142626
142628
142637
142642
142642
142655
142659
142662
142662
142664
142670
142682
142688
142698
142702
142707
142709
142716
142719
142725
142726
142727
142739
142744
142751
142751
142753
142759
142774
142774
142780
142790
142791
142796
142802
142810
142811
142814
142821
142822
142837
142837
142842
142845
142851
142854
142867
142873
142875
142878
142886
142890
142898
142904
142910
142915
142920
142926
142931
142934
142941
142943
142949
142950
142956
142967
142969
142969
142977
142990
142992
142997
143007
143011
143015
143018
143024
143031
143031
143038
143049
143052
143058
143066
143066
143070
143081
143088
143091
143092
143092
143105
143107
143109
143123
143133
143135
143138
143140
143152
143159
143159
143164
143172
143173
143178
143183
143193
143197
143207
143207
143208
143218
143229
143230
143239
143245
143250
143253
143256
143257
143265
143267
143268
143274
143289
143292
143296
143308
143317
143321
143327
143330
143331
143333
143338
143344
143360
143362
143368
143377
143378
143385
143385
143391
143398
143405
143406
143421
143427
143429
143435
143440
143446
143454
143457
143458
143462
143462
143470
143476
143482
143501
143504
143505
143510
143523
143525
143531
143540
143540
143543
143554
143560
143568
143570
143576
143579
143585
143590
143597
143598
143604
143610
143614
143625
143633
143635
143646
143649
143653
143656
143656
143674
143675
143680
143690
143697
143702
143706
143707
143708
143715
143727
143735
143739
143739
143746
143754
143758
143770
143777
143779
143784
143786
143790
143802
143812
143813
143814
143814
143835
143841
143844
143852
143852
143856
143869
143871
143881
143883
143892
143895
143897
143901
143913
143922
143925
143931
143939
143942
143947
143949
143949
143949
143954
143969
143974
143987
143994
143994
143999
144003
144019
144022
144032
144036
144039
144046
144046
144048
144060
144062
144071
144072
144078
144078
144095
144108
144109
144120
144122
144124
144133
144134
144144
144151
144152
144159
144160
144172
144177
144177
144193
144195
144199
144201
144206
144224
144230
144238
144242
144248
144255
144258
144264
144264
144275
144283
144285
144290
144299
144310
144311
144315
144322
144323
144336
144337
144344
144348
144348
144362
144376
144378
144387
144392
144398
144401
144405
144406
144418
144430
144436
144439
144442
144453
144460
144464
144467
144471
144477
144485
144492
144495
144502
144505
144509
144515
144518
144535
144541
144549
144557
144564
144567
144573
144578
144583
144593
144597
144598
144610
144615
144619
144622
144623
144626
144631
144646
144650
144664
144669
144680
144686
144688
144694
144695
144708
144709
144720
144724
144730
144737
144747
144752
144759
144764
144774
144779
144780
144787
144793
144803
144807
144809
144815
144829
144832
144832
144844
144853
144861
144861
144865
144876
144877
144885
144890
144905
144912
144917
144918
144920
144932
144933
144939
144942
144960
144966
144974
144980
144980
144986
144993
145004
145008
145017
145021
145029
145034
145039
145051
145055
145063
145063
145064
145070
145080
145091
145098
145109
145113
145117
145117
145122
145128
145130
145148
145148
145156
145157
145172
145176
145192
145192
145192
145196
145211
145224
145229
145238
145244
145244
145250
145252
145267
145269
145273
145280
145293
145296
145306
145309
145314
145324
145331
145336
145339
145343
145359
145366
145372
145375
145377
145393
145397
145404
145414
145420
145427
145427
145440
145443
145447
145452
145454
145472
145474
145487
145488
145491
145505
145507
145514
145520
145526
145529
145541
145542
145553
145556
145563
145578
145582
145583
145595
145601
145603
145603
145622
145632
145633
145633
145645
145654
145658
145673
145674
145686
145690
145691
145702
145704
145710
145713
145723
145739
145741
145741
145748
145753
145766
145782
145787
145792
145799
145799
145811
145814
145823
145836
145838
145842
145854
145861
145867
145875
145875
145880
145886
145895
145895
145917
145923
145925
145934
145940
145946
145956
145962
145963
145975
145978
145993
145995
146006
146014
146014
146028
146029
146035
146048
146050
146053
146053
146068
146072
146075
146096
146098
146098
146100
146108
146122
146135
146142
146143
146155
146167
146172
146173
146184
146184
146192
146206
146214
146218
146229
146231
146239
146243
146255
146259
146261
146271
146278
146287
146298
146302
146307
146307
146320
146337
146337
146347
146347
146348
146371
146375
146384
146389
146395
146396
146403
146407
146420
146430
146440
146445
146453
146458
146472
146473
146481
146493
146493
146504
146510
146516
146527
146529
146539
146540
146547
146549
146549
146564
146579
146586
146586
146606
146609
146611
146617
146636
146636
146641
146644
146647
146647
146682
146683
146693
146694
146710
146717
146722
146723
146723
146748
146749
146753
146761
146770
146781
146792
146794
146802
146809
146821
146827
146837
146842
146851
146858
146860
146861
146874
146877
146892
146901
146902
146903
146913
146916
146923
146927
146937
146948
146951
146953
146982
146989
147000
147008
147014
147015
147026
147030
147045
147046
147059
147067
147067
147082
147082
147088
147090
147112
147119
147119
147125
147132
147134
147144
147144
147154
147162
147173
147193
147200
147202
147215
147227
147229
147232
147233
147248
147256
147264
147271
147285
147293
147299
147301
147308
147309
147330
147335
147342
147355
147363
147374
147376
147380
147394
147394
147410
147420
147427
147427
147440
147447
147459
147459
147465
147482
147490
147494
147506
147511
147520
147521
147521
147544
147552
147555
147555
147572
147574
147579
147593
147608
147615
147620
147630
147638
147647
147654
147659
147662
147678
147687
147692
147702
147711
147716
147726
147731
147731
147731
147755
147760
147774
147777
147781
147788
147798
147809
147814
147830
147831
147832
147836
147846
147864
147870
147882
147886
147889
147902
147902
147919
147932
147932
147938
147957
147963
147969
147976
147978
147987
147990
147994
148013
148020
148024
148044
148050
148055
148072
148074
148088
148090
148091
148110
148110
148121
148130
148132
148134
148160
148167
148169
148175
148188
148197
148200
148204
148229
148233
148236
148249
148253
148257
148275
148284
148286
148292
148299
148301
148301
148313
148341
148344
148350
148361
148369
148382
148391
148405
148409
148421
148422
148436
148439
148451
148452
148463
148475
148483
148489
148490
148510
148515
148521
148540
148542
148555
148557
148568
148581
148589
148590
148596
148602
148609
148623
148641
148651
148653
148667
148675
148679
148684
148688
148695
148717
148727
148732
148735
148746
148749
148760
148771
148776
148789
148805
148812
148813
148830
148835
148842
148842
148855
148867
148872
148887
148888
148894
148896
148921
148937
148944
148948
148958
148958
148977
148986
148996
148997
149012
149018
149027
149029
149033
149060
149068
149070
149083
149091
149102
149112
149116
149121
149124
149130
149139
149150
149161
149183
149186
149192
149206
149208
149216
149230
149239
149241
149252
149256
149262
149274
149288
149302
149308
149327
149330
149334
149346
149352
149353
149380
149380
149401
149401
149404
149426
149429
149443
149444
149460
149462
149464
149485
149500
149502
149519
149519
149528
149544
149550
149550
149562
149584
149590
149602
149606
149618
149622
149631
149639
149657
149658
149668
149674
149687
149689
149707
149722
149733
149742
149750
149756
149758
149764
149785
149794
149797
149813
149826
149827
149837
149841
149858
149866
149870
149876
149894
149895
149915
149930
149937
149938
149952
149959
149973
149978
149995
150004
150014
150023
150024
150029
150049
150060
150066
150078
150078
150082
150106
150117
150131
150136
150141
150149
150158
150160
150165
150184
150188
150210
150211
150234
150245
150249
150249
150263
150268
150284
150305
150309
150323
150324
150338
150352
150352
150367
150375
150384
150402
150404
150415
150424
150441
150449
150452
150471
150478
150478
150500
150512
150517
150530
150530
150543
150548
150553
150560
150574
150591
150602
150606
150620
150622
150651
150661
150667
150669
150681
150688
150701
150705
150730
150737
150744
150747
150768
150781
150782
150784
150791
150818
150821
150837
150840
150860
150873
150880
150892
150897
150900
150920
150933
150941
150944
150955
150966
150972
150975
150982
150987
151027
151031
151034
151043
151049
151076
151084
151085
151109
151118
151126
151138
151150
151160
151168
151174
151177
151195
151207
151216
151221
151227
151230
151251
151277
151285
151298
151305
151313
151321
151339
151345
151360
151364
151372
151372
151394
151409
151424
151431
151438
151446
151465
151476
151486
151487
151493
151499
151508
151530
151531
151552
151570
151580
151582
151597
151615
151621
151637
151642
151646
151649
151667
151680
151699
151713
151721
151729
151735
151752
151761
151764
151771
151794
151801
151808
151824
151828
151834
151864
151867
151876
151883
151901
151905
151920
151943
151944
151967
151973
151973
151979
151996
152018
152018
152036
152041
152053
152079
152090
152099
152110
152122
152122
152144
152155
152164
152165
152169
152198
152211
152223
152230
152230
152241
152267
152267
152276
152285
152295
152328
152329
152336
152349
152366
152366
152394
152397
152398
152412
152437
152448
152460
152470
152481
152482
152485
152509
152513
152533
152557
152563
152565
152575
152583
152611
152622
152623
152637
152644
152667
152671
152672
152679
152721
152729
152741
152743
152764
152767
152773
152801
152807
152824
152831
152847
152857
152871
152881
152886
152889
152909
152918
152931
152958
152958
152958
152992
153002
153014
153029
153036
153037
153046
153073
153086
153091
153114
153124
153138
153147
153158
153161
153177
153183
153198
153202
153209
153229
153242
153260
153270
153271
153302
153311
153314
153328
153329
153362
153379
153392
153403
153409
153412
153421
153431
153447
153454
153489
153493
153505
153516
153530
153546
153555
153560
153575
153597
153615
153617
153624
153626
153631
153654
153681
153681
153684
153700
153727
153740
153752
153777
153785
153799
153814
153818
153829
153855
153869
153869
153895
153904
153920
153932
153936
153958
153958
153972
153974
153977
154018
154019
154032
154052
154059
154087
154089
154115
154126
154128
154145
154149
154167
154179
154198
154214
154220
154224
154253
154267
154276
154277
154289
154320
154332
154339
154360
154376
154391
154391
154397
154399
154409
154426
154450
154468
154476
154500
154513
154518
154543
154565
154565
154584
154592
154619
154621
154636
154649
154661
154671
154698
154707
154712
154728
154736
154737
154771
154793
154794
154814
154822
154850
154857
154859
154861
154878
154909
154911
154943
154944
154957
154968
154997
155003
155017
155019
155047
155065
155078
155089
155114
155119
155136
155140
155142
155172
155174
155178
155212
155230
155230
155249
155276
155283
155300
155312
155317
155328
155367
155372
155388
155404
155411
155433
155447
155447
155478
155496
155502
155520
155539
155546
155566
155576
155596
155598
155623
155633
155653
155669
155685
155697
155710
155712
155717
155720
155728
155753
155759
155800
155816
155827
155840
155862
155876
155889
155902
155916
155931
155951
155972
155994
155999
156009
156012
156016
156068
156072
156076
156086
156092
156140
156155
156158
156159
156188
156216
156228
156247
156250
156265
156282
156301
156314
156333
156353
156369
156378
156391
156402
156425
156433
156457
156467
156473
156486
156507
156521
156537
156547
156564
156571
156575
156618
156635
156636
156648
156688
156690
156715
156733
156744
156763
156788
156794
156822
156828
156835
156835
156862
156890
156906
156922
156948
156958
156980
156988
157003
157003
157038
157053
157066
157091
157110
157124
157133
157154
157158
157161
157169
157195
157197
157212
157267
157275
157283
157296
157317
157343
157358
157371
157375
157375
157399
157410
157428
157458
157478
157486
157510
157547
157557
157565
157571
157587
157613
157619
157632
157638
157697
157700
157716
157750
157760
157770
157783
157796
157814
157852
157856
157863
157867
157898
157932
157946
157967
157983
157985
158000
158006
158028
158074
158074
158105
158128
158129
158130
158141
158191
158204
158229
158247
158261
158270
158287
158302
158304
158349
158358
158379
158379
158407
158409
158447
158477
158494
158499
158502
158518
158556
158582
158589
158601
158637
158648
158665
158691
158711
158719
158736
158756
158761
158794
158817
158835
158837
158846
158883
158902
158912
158934
158953
158963
158997
159020
159027
159052
159058
159069
159079
159122
159148
159153
159176
159196
159212
159212
159222
159263
159290
159313
159324
159355
159365
159368
159408
159423
159436
159468
159485
159504
159520
159544
159557
159558
159575
159593
159608
159612
159617
159685
159701
159719
159750
159750
159771
159773
159793
159853
159871
159877
159892
159926
159940
159966
159987
159991
159999
160042
160047
160078
160094
160105
160146
160164
160179
160201
160226
160244
160266
160280
160280
160296
160319
160353
160382
160387
160419
160441
160458
160485
160504
160527
160529
160541
160581
160600
160627
160635
160653
160653
160710
160720
160722
160726
160755
160803
160817
160846
160874
160883
160893
160936
160962
160964
160971
161011
161032
161047
161081
161083
161102
161104
161132
161175
161200
161201
161218
161225
161264
161300
161325
161337
161363
161365
161405
161438
161465
161479
161487
161530
161547
161571
161590
161591
161613
161673
161689
161717
161732
161761
161779
161800
161809
161837
161859
161880
161913
161925
161929
161947
161982
162019
162032
162050
162060
162101
162105
162105
162113
162136
162230
162250
162268
162299
162307
162317
162363
162393
162397
162397
162417
162429
162464
162493
162532
162552
162571
162607
162631
162655
162681
162712
162731
162734
162789
162813
162827
162860
162861
162899
162918
162955
162976
162994
163001
163031
163046
163077
163108
163124
163134
163178
163184
163222
163255
163259
163266
163303
163330
163386
163392
163406
163410
163451
163505
163514
163555
163579
163587
163600
163647
163654
163680
163725
163733
163772
163812
163817
163840
163842
163892
163910
163951
163972
163977
163998
164013
164084
164124
164133
164165
164170
164197
164243
164279
164290
164316
164337
164352
164353
164386
164392
164471
164476
164478
164482
164595
164595
164646
164653
164683
164713
164742
164780
164791
164801
164820
164830
164837
164892
164955
164978
165018
165052
165067
165105
165130
165147
165182
165208
165241
165247
165295
165306
165315
165369
165412
165422
165458
165483
165503
165538
165544
165592
165604
165606
165635
165688
165716
165722
165773
165790
165818
165860
165878
165931
165933
165973
165980
165981
166029
166119
166120
166136
166159
166199
166241
166259
166325
166326
166376
166388
166396
166454
166503
166530
166556
166579
166622
166628
166664
166685
166742
166771
166795
166796
166832
166894
166908
166951
166974
166980
167027
167054
167058
167087
167091
167129
167184
167267
167284
167332
167338
167363
167381
167406
167480
167527
167529
167574
167590
167648
167679
167698
167747
167768
167785
167825
167873
167894
167949
167953
167981
168035
168044
168113
168122
168127
168182
168219
168260
168272
168315
168377
168385
168408
168420
168482
168546
168564
168578
168609
168642
168658
168689
168727
168801
168834
168880
168923
168934
168942
168999
169040
169098
169128
169166
169188
169220
169221
169276
169285
169331
169395
169437
169466
169517
169564
169585
169604
169643
169708
169727
169746
169797
169798
169864
169890
169918
169933
169996
170011
170100
170125
170190
170219
170227
170247
170297
170349
170396
170405
170481
170515
170564
170579
170629
170681
170707
170732
170775
170779
170832
170905
170954
170978
170999
171018
171097
171122
171151
171213
171264
171289
171340
171351
171420
171462
171480
171541
171593
171605
171618
171677
171736
171786
171816
171819
171901
171914
171952
172028
172055
172102
172111
172146
172212
172232
172336
172355
172390
172464
172504
172508
172594
172636
172670
172690
172756
172797
172800
172867
172948
172967
173025
173054
173104
173148
173197
173248
173279
173318
173390
173431
173466
173525
173525
173533
173552
173586
173693
173740
173793
173867
173933
173968
173996
174017
174020
174028
174112
174253
174295
174344
174404
174420
174490
174548
174601
174648
174684
174747
174769
174817
174873
174888
174904
175034
175070
175085
175103
175154
175288
175328
175386
175401
175416
175480
175597
175621
175633
175720
175795
175817
175862
175941
175981
175984
176076
176169
176202
176265
176297
176340
176380
176405
176505
176550
176578
176581
176649
176656
176680
176787
176888
176909
176999
177043
177196
177246
177266
177298
177375
177445
177512
177574
177579
177681
177700
177777
177832
177934
177986
177996
178106
178134
178153
178237
178320
178321
178366
178418
178452
178490
178634
178756
178813
178891
178918
178935
179042
179051
179090
179193
179221
179308
179409
179446
179509
179595
179712
179744
179744
179835
179914
179966
180061
180120
180215
180287
180299
180306
180379
180446
180514
180517
180701
180823
180896
180923
181026
181035
181117
181136
181203
181286
181434
181448
181478
181587
181646
181789
181840
181906
182000
182075
182117
182134
182176
182281
182387
182485
182596
182659
182708
182793
182810
182898
183047
183107
183109
183292
183346
183413
183511
183523
183674
183678
183816
183889
183988
184056
184081
184176
184178
184181
184228
184454
184561
184620
184689
184887
184977
185026
185102
185140
185220
185229
185305
185350
185403
185410
185611
185888
185904
186101
186181
186186
186278
186341
186452
186586
186649
186756
186840
186921
186938
187141
187201
187305
187362
187471
187482
187749
187774
187886
188043
188051
188182
188210
188244
188328
188374
188380
188814
188926
189052
189089
189192
189216
189358
189544
189641
189657
189669
189969
189998
190089
190315
190437
190452
190482
190610
190664
190858
191026
191174
191288
191309
191399
191514
191575
191712
191878
192085
192112
192395
192490
192649
192684
192718
192816
192857
193005
193218
193433
193569
193571
193739
193821
193879
194092
194287
194313
194481
194748
194819
194960
195088
195358
195407
195604
195774
195896
196039
196098
196282
196333
196367
196388
196750
196763
197196
197256
197374
197496
197562
197668
197993
198189
198503
198506
198691
198972
199081
199144
199159
199237
199334
199401
199447
199803
200122
200142
200718
201016
201079
201281
201524
201662
201734
201970
202247
202393
202669
202836
202932
203176
203446
203649
203790
203794
204090
204438
204529
204664
204898
205292
205501
205573
205577
205825
206065
206383
206813
206874
206929
207466
207567
207663
207703
208456
208588
208821
209115
209257
209531
209995
210108
210254
210430
210456
210969
211239
211813
212032
212211
212554
212765
212906
213158
213369
213885
214145
214494
215037
215202
215361
215917
216341
216507
216536
216886
217187
217886
218517
218726
218764
219393
219789
220276
220356
220992
221497
221540
222209
222545
223083
223384
223542
224490
224788
225107
225472
225572
226276
227064
227178
228398
228813
228854
229576
230219
230319
231708
231840
232035
232558
233500
233999
235309
235806
236192
236197
236444
238879
238986
240367
240896
241684
242128
243033
244111
244429
245951
247051
247354
248228
249383
249997
250495
251670
252003
252973
254934
256458
258439
259180
261964
264011
264124
267269
269013
269269
271256
274159
274282
279797
281707
285110
286006
286609
288619
295587
297469
304610
307583
315784
321426
328250
330047
344483
356648
370679
384194
386214
410239
790354
