1286 627796316
434163
434356
434575
434681
434840
435093
435124
435473
435911
436026
436416
436592
436653
436818
436997
437046
437191
437632
437642
437775
437775
437855
438123
438134
438197
438427
438514
438750
438948
439317
439331
439774
439830
440231
440243
440487
440935
441171
441364
441455
441660
441774
441817
441883
442120
442245
442692
442982
443384
443498
443636
443951
444079
444516
444540
444697
444759
444928
445275
445732
445959
446147
446577
446838
447295
447638
447829
448104
448330
448654
448705
448711
448829
448894
449018
449097
449131
449300
449420
449598
449618
449756
450043
450374
450488
450890
451273
451706
452117
452493
452589
452881
452898
453070
453255
453416
453719
453753
454199
454576
454948
455128
455168
455279
455468
455719
455798
455954
456006
456205
456324
456459
456758
457114
457560
457569
457645
457818
458066
458260
458678
458718
458843
459289
459696
459736
459740
459858
460061
460451
460599
460993
461447
461614
461916
462220
462464
462792
462897
463244
463431
463494
463823
464128
464152
464447
464501
464765
464973
465273
465412
465663
466009
466105
466122
466590
466847
467119
467247
467654
467981
468078
468287
468402
468486
468545
468629
468790
469098
469172
469621
469757
469890
469894
469967
470427
470437
470518
470799
471081
471543
471668
471740
471761
471889
472338
472699
473142
473484
473700
473783
473954
474293
474536
474583
474776
475006
475162
475444
475918
475995
476400
476780
477088
477517
477908
478161
478340
478772
479162
479236
479512
479713
479761
480142
480572
480725
480822
480954
481037
481279
481697
482156
482365
482500
482753
482771
482885
482889
483092
483144
483583
483998
484234
484614
484777
484847
484859
485312
485351
485820
486287
486515
486895
487245
487426
487821
487872
488235
488632
488637
488754
489234
489563
489603
489991
490031
490445
490947
491415
491743
491949
492293
492445
492763
493183
493468
493856
494186
494666
495174
495205
495503
495520
495925
496186
496249
496744
497012
497334
497458
497584
497712
497877
498069
498514
498915
499060
499456
499552
499963
499984
500275
500356
500813
501073
501114
501120
501193
501305
501457
501925
502174
502262
502590
503057
503119
503439
503624
503749
504051
504189
504218
563986
575251
582302
583632
590336
590668
590722
591021
591075
591136
591141
591182
591194
591220
591329
591353
591364
591372
591383
591387
591408
591466
591497
591547
591567
591730
591844
591910
591942
591975
592017
592037
592069
592095
592160
592192
592288
592340
592378
592434
592477
592511
592516
592529
592632
592676
592733
592751
592763
592840
592888
592941
592945
593047
593051
593106
593163
593223
593280
593323
593339
593421
593449
593472
593474
593497
593505
593602
593730
593748
593753
593764
593800
593836
593950
593986
594094
594099
594114
594220
594282
594290
594361
594380
594477
594504
594529
594588
594663
594716
594760
594760
594843
594883
594906
594983
595044
595098
595099
595124
595220
595295
595305
595326
595346
595434
595506
595581
595601
595658
595705
595757
595801
595820
595864
595865
596001
596003
596031
596063
596110
596187
596318
596359
596385
596421
596504
596558
596606
596619
596621
596706
596714
596813
596917
596963
596985
597001
597104
597129
597162
597269
597275
597277
597378
597386
597418
597489
597550
597672
597712
597730
597810
597821
597870
597899
598021
598034
598055
598206
598254
598281
598287
598408
598471
598515
598572
598581
598581
598651
598747
598791
598880
598907
598949
599010
599055
599137
599153
599210
599276
599371
599375
599430
599499
599587
599594
599633
599764
599820
599857
599903
599972
599997
600074
600151
600153
600234
600261
600356
600411
600412
600423
600586
600609
600620
600719
600729
600764
600820
600836
600950
600969
601013
601068
601263
601308
601330
601345
601398
601449
601600
601655
601697
601748
601770
601798
601910
601978
602092
602110
602111
602256
602301
602318
602369
602500
602556
602591
602607
602618
602784
602835
602881
602916
602988
603083
603115
603216
603275
603284
603339
603450
603506
603506
603569
603581
603758
603813
603848
603952
603983
604055
604118
604178
604198
604206
604327
604457
604476
604486
604538
604553
604632
604750
604768
604898
604908
604949
605092
605223
605258
605349
605391
605419
605538
605560
605671
605698
605718
605806
605901
605953
605988
606062
606184
606247
606281
606387
606433
606529
606588
606601
606643
606714
606770
606877
606969
607030
607092
607160
607239
607239
607264
607428
607522
607551
607669
607707
607806
607828
607839
607903
608012
608127
608197
608270
608342
608391
608435
608458
608490
608646
608749
608803
608841
608849
609022
609138
609199
609282
609359
609417
609468
609533
609558
609603
609678
609845
609927
609974
610081
610140
610197
610277
610330
610356
610444
610457
610567
610691
610834
610847
610909
610967
611020
611095
611290
611308
611411
611467
611534
611599
611644
611800
611844
611885
612020
612053
612098
612170
612188
612354
612435
612579
612642
612757
612826
612861
612948
613025
613114
613162
613263
613319
613374
613541
613550
613644
613702
613831
613843
613893
613918
614040
614090
614324
614383
614427
614542
614590
614642
614734
614936
615011
615014
615040
615066
615304
615340
615468
615574
615575
615718
615845
615955
615996
616083
616214
616227
616278
616483
616492
616543
616546
616722
616913
617009
617028
617176
617199
617225
617269
617494
617510
617696
617763
617811
617990
618087
618189
618243
618360
618457
618475
618531
618639
618655
618692
618693
619010
619205
619232
619311
619347
619513
619541
619658
619703
619755
619844
619890
620175
620272
620302
620354
620456
620653
620728
620775
620943
620987
621019
621161
621351
621351
621519
621576
621822
621875
621943
621994
622100
622152
622330
622468
622538
622703
622773
622948
622988
623057
623078
623356
623376
623525
623671
623787
623793
623890
624013
624189
624214
624258
624336
624354
624736
624834
624956
625033
625068
625188
625290
625488
625603
625645
625745
625936
625998
626149
626154
626376
626496
626558
626729
626805
626823
626880
626952
627029
627171
627323
627632
627724
627894
627946
628071
628103
628336
628480
628544
628626
628769
628806
628838
629184
629302
629368
629515
629605
629680
629747
630031
630139
630212
630221
630403
630534
630689
630901
630983
630985
631198
631308
631396
631523
631549
631679
631877
631937
632142
632374
632548
632574
632692
632738
633010
633109
633257
633540
633573
633705
633934
634050
634055
634326
634359
634618
634731
634860
635006
635184
635306
635398
635595
635604
635651
636012
636080
636105
636218
636561
636716
636730
636857
637001
637076
637358
637618
637662
637679
637857
638117
638259
638393
638431
638438
638863
638928
639199
639278
639329
639621
639672
640001
640096
640098
640313
640475
640561
640770
641029
641141
641362
641500
641780
641864
642017
642122
642417
642671
642792
642850
642890
643066
643411
643429
643565
643774
644081
644294
644392
644603
644897
644912
644919
644998
645280
645362
645426
645570
645958
646408
646466
646585
646873
647228
647435
647585
647753
647825
648144
648233
648436
648683
648886
648947
649171
649469
649591
649768
649895
650232
650432
650477
650845
650994
651060
651429
651474
651565
652117
652329
652539
652565
652949
652956
653283
653535
653645
653855
653991
654128
654325
654641
654966
654995
655474
655777
655834
656021
656050
656612
656628
656916
657226
657387
657435
657953
658156
658362
658821
658974
659058
659293
659445
659910
660182
660234
660453
660976
661220
661457
661574
661777
662080
662312
662827
663016
663155
663194
663234
663466
663566
664262
664739
664752
665340
665346
665635
666007
666527
666663
666815
667093
667732
667889
668304
668652
668814
669242
669371
669445
669466
669902
670555
671091
671364
671512
671856
671969
672419
672635
673006
673519
673734
674111
674278
674362
675264
675282
675491
675597
675660
676893
677237
677728
678044
678219
678551
678638
678776
679681
680144
680476
680605
681241
681604
681853
682549
682841
683016
683492
683999
684048
684455
684458
684764
685419
686576
686630
687110
687826
687896
688640
689189
689439
689881
690298
691050
691222
691695
692097
692889
693378
693820
694061
694398
694612
694884
695152
695926
696025
696314
697687
698888
699143
699372
700310
700979
701084
701496
701612
702184
702311
704579
704865
705347
706030
706184
707601
707983
708416
708792
709853
710380
710410
711113
712331
713092
713199
713742
713824
715509
715636
717338
718172
718681
718836
720959
721057
721471
722429
723984
725013
725774
726186
727008
728636
728902
729101
729624
730061
731686
734229
734320
735936
736114
737070
737252
739288
740662
740730
743361
744400
745833
746731
746835
749027
750829
751670
753470
755068
755412
757227
758445
758737
761330
762608
764280
765810
766807
770222
771423
772533
772597
776376
777395
778318
778888
781983
786536
788815
788914
794019
795517
796655
798023
799411
807527
808386
811817
813028
819583
820343
825780
827217
829323
836796
841264
847496
853127
855345
859532
859785
863884
877756
879179
883461
898141
901467
928905
931612
949807
969291
975570
991520
1008698
1018698
1051251
1112474
1294360
1931903
