4772 318237328
53111
53113
53113
53121
53121
53127
53132
53138
53147
53154
53163
53163
53165
53173
53178
53189
53200
53202
53211
53214
53215
53217
53219
53226
53227
53230
53240
53240
53240
53245
53255
53264
53272
53283
53283
53285
53290
53296
53299
53304
53305
53307
53312
53321
53325
53333
53334
53343
53353
53357
53361
53368
53372
53383
53392
53398
53405
53408
53412
53419
53427
53433
53435
53435
53446
53449
53457
53461
53470
53476
53479
53484
53486
53494
53500
53500
53501
53504
53505
53511
53513
53520
53529
53530
53535
53541
53549
53552
53552
53561
53566
53571
53571
53572
53575
53582
53583
53593
53604
53615
53625
53625
53635
53637
53640
53646
53653
53660
53662
53670
53679
53679
53686
53693
53693
53699
53700
53702
53713
53721
53732
53733
53737
53747
53756
53763
53772
53774
53781
53784
53795
53801
53803
53814
53817
53820
53825
53830
53836
53844
53849
53849
53852
53860
53862
53866
53867
53867
53868
53871
53874
53881
53886
53892
53898
53905
53905
53905
53910
53910
53910
53918
53920
53925
53933
53933
53935
53944
57903
62001
62099
62401
62587
62649
62658
62662
62665
62669
62671
62671
62674
62675
62676
62676
62679
62680
62680
62680
62685
62685
62686
62688
62690
62691
62692
62694
62695
62697
62698
62699
62700
62700
62701
62703
62706
62706
62708
62708
62711
62713
62713
62714
62717
62718
62718
62719
62719
62721
62724
62724
62726
62727
62729
62731
62731
62734
62735
62736
62736
62736
62737
62739
62740
62742
62743
62747
62747
62749
62750
62751
62752
62754
62754
62756
62759
62760
62760
62762
62762
62765
62765
62767
62769
62769
62769
62770
62773
62775
62775
62779
62780
62782
62783
62783
62785
62785
62785
62786
62787
62792
62793
62795
62796
62796
62797
62799
62800
62800
62805
62806
62807
62808
62808
62812
62812
62812
62815
62816
62819
62819
62819
62820
62821
62825
62826
62826
62828
62828
62831
62832
62833
62835
62835
62837
62839
62839
62842
62842
62842
62843
62847
62848
62850
62852
62853
62854
62856
62856
62858
62858
62858
62858
62864
62864
62867
62869
62870
62871
62873
62873
62873
62874
62874
62877
62877
62877
62882
62884
62886
62888
62888
62889
62892
62893
62893
62894
62895
62895
62895
62897
62899
62899
62901
62904
62905
62907
62909
62909
62914
62915
62915
62916
62919
62921
62922
62922
62923
62925
62926
62927
62928
62930
62930
62934
62935
62936
62938
62938
62940
62943
62944
62944
62946
62946
62946
62950
62953
62954
62955
62957
62957
62959
62961
62962
62964
62964
62965
62966
62969
62970
62972
62974
62974
62976
62976
62978
62980
62982
62983
62983
62984
62985
62985
62988
62992
62992
62994
62994
62997
62999
62999
63002
63002
63002
63003
63005
63005
63005
63009
63010
63011
63013
63017
63017
63020
63021
63022
63023
63023
63024
63024
63024
63024
63031
63034
63034
63037
63038
63039
63041
63041
63042
63043
63044
63044
63050
63051
63053
63053
63053
63055
63057
63059
63061
63062
63062
63064
63066
63068
63068
63070
63071
63072
63075
63076
63078
63078
63080
63080
63083
63083
63084
63086
63088
63091
63091
63092
63094
63095
63095
63097
63100
63100
63100
63104
63107
63107
63108
63109
63110
63111
63113
63115
63117
63117
63119
63120
63121
63123
63125
63125
63127
63131
63132
63134
63134
63134
63136
63138
63140
63141
63141
63141
63143
63145
63147
63147
63147
63153
63154
63154
63158
63158
63158
63163
63163
63164
63166
63168
63169
63169
63169
63174
63175
63175
63176
63180
63180
63183
63183
63183
63188
63188
63189
63189
63194
63194
63196
63197
63198
63200
63200
63203
63203
63205
63208
63208
63209
63209
63210
63214
63214
63217
63220
63220
63222
63224
63224
63227
63229
63230
63230
63233
63234
63234
63236
63238
63238
63242
63242
63244
63246
63246
63246
63249
63251
63252
63253
63253
63254
63255
63261
63261
63264
63264
63267
63269
63269
63271
63272
63275
63276
63277
63278
63281
63281
63281
63281
63285
63285
63288
63289
63291
63292
63295
63295
63296
63297
63297
63300
63303
63304
63305
63308
63308
63311
63311
63311
63316
63317
63318
63318
63318
63321
63323
63324
63327
63329
63329
63330
63334
63335
63336
63338
63338
63341
63343
63343
63344
63346
63347
63349
63352
63352
63355
63355
63355
63357
63360
63361
63364
63364
63365
63368
63368
63369
63369
63370
63377
63378
63380
63381
63381
63383
63383
63384
63385
63390
63390
63390
63390
63396
63398
63398
63399
63400
63403
63405
63407
63408
63409
63411
63411
63414
63416
63417
63419
63419
63420
63423
63425
63427
63427
63429
63429
63432
63433
63436
63437
63437
63440
63440
63440
63445
63446
63446
63446
63451
63451
63453
63453
63456
63456
63458
63459
63464
63464
63466
63468
63470
63471
63471
63474
63475
63476
63476
63477
63481
63481
63484
63487
63487
63489
63489
63489
63491
63491
63494
63494
63497
63498
63500
63504
63507
63509
63510
63510
63513
63513
63514
63517
63518
63518
63522
63524
63524
63525
63528
63530
63531
63533
63535
63535
63537
63537
63541
63542
63543
63546
63548
63549
63549
63552
63554
63555
63557
63557
63560
63561
63561
63563
63566
63567
63569
63570
63571
63574
63575
63575
63576
63578
63581
63583
63583
63586
63586
63590
63590
63592
63593
63594
63598
63598
63600
63600
63604
63605
63605
63608
63608
63608
63612
63615
63617
63617
63619
63621
63623
63624
63624
63625
63629
63629
63629
63629
63636
63638
63638
63638
63642
63644
63645
63647
63649
63650
63650
63652
63655
63656
63657
63659
63662
63663
63665
63665
63666
63667
63670
63673
63674
63676
63676
63678
63680
63683
63684
63684
63685
63686
63689
63690
63690
63691
63693
63693
63700
63702
63702
63703
63706
63708
63709
63710
63713
63713
63716
63716
63717
63721
63722
63724
63725
63727
63728
63730
63732
63734
63734
63735
63735
63739
63741
63741
63741
63745
63747
63751
63752
63753
63755
63755
63757
63759
63762
63764
63764
63764
63764
63768
63771
63773
63774
63774
63776
63776
63778
63778
63780
63785
63785
63788
63789
63790
63793
63794
63794
63799
63799
63803
63803
63806
63807
63809
63810
63813
63815
63815
63817
63820
63820
63822
63822
63825
63828
63828
63830
63831
63831
63833
63836
63836
63836
63839
63843
63844
63848
63848
63849
63852
63852
63854
63856
63857
63858
63861
63862
63863
63864
63868
63870
63871
63871
63876
63878
63879
63881
63883
63884
63886
63886
63886
63886
63890
63893
63894
63898
63898
63901
63902
63904
63905
63908
63909
63909
63912
63914
63914
63916
63920
63921
63922
63925
63925
63927
63930
63932
63933
63934
63935
63938
63938
63941
63941
63945
63945
63945
63947
63951
63953
63956
63957
63957
63960
63960
63964
63964
63966
63967
63969
63973
63973
63973
63976
63976
63981
63983
63983
63984
63987
63987
63991
63993
63995
63995
63997
63997
63999
64004
64004
64006
64008
64008
64008
64010
64013
64013
64016
64018
64019
64024
64025
64028
64028
64031
64031
64032
64033
64037
64039
64041
64042
64043
64043
64045
64048
64052
64053
64054
64055
64058
64060
64060
64061
64065
64067
64068
64069
64073
64074
64075
64078
64079
64080
64080
64083
64086
64087
64089
64091
64091
64092
64096
64099
64099
64100
64104
64106
64107
64109
64110
64112
64112
64112
64118
64118
64121
64122
64125
64125
64127
64127
64129
64129
64132
64134
64135
64137
64139
64144
64146
64146
64149
64150
64153
64155
64156
64158
64159
64162
64162
64164
64167
64168
64171
64172
64172
64172
64176
64177
64179
64180
64184
64187
64189
64189
64190
64194
64194
64195
64198
64198
64198
64203
64206
64206
64208
64210
64213
64215
64216
64218
64219
64219
64224
64226
64227
64228
64232
64233
64234
64234
64234
64240
64242
64243
64243
64246
64246
64251
64252
64254
64256
64256
64260
64260
64262
64265
64265
64265
64268
64268
64273
64274
64276
64280
64281
64284
64286
64286
64286
64291
64291
64294
64295
64298
64300
64300
64301
64303
64303
64303
64303
64303
64313
64314
64318
64320
64321
64322
64323
64325
64326
64329
64333
64334
64334
64335
64337
64337
64343
64343
64346
64346
64347
64347
64352
64355
64357
64357
64357
64359
64361
64366
64368
64369
64373
64376
64377
64379
64380
64381
64384
64384
64385
64387
64389
64394
64395
64395
64395
64401
64402
64405
64406
64407
64407
64407
64407
64409
64415
64415
64416
64416
64423
64424
64427
64429
64430
64432
64435
64435
64439
64442
64444
64445
64447
64449
64451
64453
64455
64456
64457
64458
64461
64461
64466
64466
64466
64471
64471
64475
64476
64476
64478
64480
64482
64485
64485
64485
64493
64494
64496
64497
64499
64500
64504
64505
64508
64508
64512
64512
64512
64517
64518
64520
64521
64521
64521
64527
64527
64532
64535
64536
64538
64539
64541
64544
64546
64547
64548
64550
64551
64552
64557
64558
64560
64562
64562
64563
64564
64571
64573
64574
64574
64576
64578
64583
64584
64585
64588
64588
64590
64593
64593
64598
64599
64600
64600
64602
64604
64609
64610
64611
64613
64613
64614
64616
64618
64618
64626
64628
64630
64633
64634
64634
64637
64638
64639
64644
64646
64646
64650
64650
64652
64653
64655
64656
64660
64663
64666
64667
64669
64672
64672
64674
64674
64674
64677
64677
64681
64687
64689
64690
64690
64691
64693
64694
64700
64701
64705
64706
64706
64707
64711
64714
64716
64718
64720
64723
64723
64723
64727
64729
64732
64733
64735
64738
64740
64741
64741
64744
64748
64749
64752
64752
64752
64757
64759
64759
64764
64765
64768
64770
64770
64773
64774
64775
64780
64780
64784
64784
64784
64786
64792
64792
64792
64797
64800
64800
64801
64806
64808
64809
64812
64812
64813
64814
64814
64822
64823
64825
64826
64829
64830
64832
64833
64838
64839
64842
64842
64845
64845
64847
64852
64852
64853
64854
64860
64860
64862
64867
64867
64869
64871
64874
64877
64879
64881
64882
64884
64886
64886
64886
64893
64895
64897
64898
64899
64902
64905
64905
64909
64910
64911
64916
64918
64919
64920
64924
64925
64925
64930
64930
64931
64936
64936
64936
64940
64940
64946
64948
64950
64952
64952
64957
64957
64959
64962
64962
64963
64967
64969
64973
64974
64974
64978
64978
64982
64985
64986
64989
64990
64990
64994
64994
64998
65000
65001
65003
65005
65009
65011
65011
65013
65015
65015
65020
65024
65024
65030
65030
65030
65035
65037
65039
65041
65042
65046
65047
65049
65049
65053
65057
65058
65060
65062
65064
65066
65068
65069
65071
65072
65077
65080
65080
65082
65085
65087
65088
65089
65089
65093
65093
65101
65102
65102
65106
65109
65110
65111
65112
65115
65117
65121
65122
65124
65127
65128
65133
65135
65137
65138
65140
65144
65144
65144
65148
65152
65152
65154
65156
65158
65161
65163
65166
65168
65170
65170
65170
65174
65174
65175
65184
65186
65186
65189
65193
65193
65194
65196
65199
65200
65203
65208
65210
65213
65213
65214
65217
65219
65223
65225
65226
65230
65230
65230
65236
65238
65240
65243
65244
65247
65247
65250
65254
65254
65254
65255
65259
65263
65266
65269
65269
65271
65275
65275
65275
65281
65283
65285
65286
65290
65293
65295
65296
65297
65297
65301
65304
65309
65310
65311
65313
65314
65317
65321
65323
65326
65327
65329
65333
65334
65335
65337
65337
65340
65342
65346
65346
65352
65353
65353
65357
65362
65364
65365
65367
65370
65370
65370
65373
65378
65380
65383
65385
65388
65388
65393
65394
65397
65397
65400
65400
65403
65405
65408
65409
65413
65414
65415
65421
65422
65426
65428
65430
65430
65431
65436
65439
65441
65444
65446
65446
65451
65452
65453
65458
65459
65460
65463
65467
65469
65471
65474
65476
65476
65481
65481
65484
65488
65489
65491
65491
65492
65492
65500
65502
65502
65502
65510
65511
65512
65512
65518
65519
65524
65527
65527
65529
65532
65536
65538
65539
65542
65544
65546
65548
65549
65555
65557
65557
65557
65562
65563
65567
65570
65570
65571
65571
65579
65579
65581
65585
65587
65587
65588
65593
65594
65594
65600
65604
65606
65610
65611
65613
65617
65618
65618
65623
65627
65629
65629
65631
65633
65635
65638
65642
65645
65647
65650
65651
65653
65656
65659
65660
65664
65665
65667
65667
65667
65670
65672
65678
65682
65684
65686
65689
65689
65689
65697
65697
65699
65702
65704
65704
65709
65712
65712
65715
65717
65721
65723
65727
65729
65729
65731
65732
65737
65741
65742
65743
65744
65744
65753
65755
65756
65756
65762
65763
65764
65765
65774
65776
65778
65779
65779
65781
65783
65783
65790
65794
65794
65795
65797
65801
65805
65807
65808
65813
65815
65815
65822
65823
65823
65829
65829
65830
65831
65832
65836
65838
65838
65847
65849
65851
65854
65855
65855
65862
65862
65866
65869
65869
65870
65875
65875
65878
65884
65885
65886
65887
65895
65895
65896
65901
65903
65903
65904
65908
65914
65915
65919
65919
65922
65926
65927
65932
65934
65935
65935
65939
65942
65942
65943
65943
65953
65955
65957
65962
65964
65964
65964
65966
65971
65976
65977
65979
65980
65982
65985
65985
65989
65992
65998
65998
65999
66006
66009
66011
66013
66013
66017
66018
66020
66020
66028
66028
66030
66031
66036
66038
66039
66042
66048
66052
66053
66055
66057
66061
66064
66066
66067
66070
66070
66076
66076
66076
66081
66087
66088
66090
66095
66095
66100
66102
66105
66108
66110
66113
66114
66117
66121
66121
66124
66125
66126
66127
66129
66130
66132
66135
66138
66147
66148
66151
66154
66159
66161
66163
66164
66168
66172
66174
66177
66178
66178
66183
66185
66190
66193
66194
66194
66197
66202
66204
66206
66209
66209
66216
66216
66216
66219
66220
66222
66227
66234
66236
66237
66241
66241
66241
66242
66248
66252
66258
66260
66260
66261
66265
66269
66273
66275
66276
66278
66281
66285
66288
66292
66293
66296
66299
66299
66303
66305
66311
66311
66316
66318
66319
66321
66321
66325
66327
66331
66336
66338
66339
66344
66345
66349
66352
66356
66357
66362
66364
66365
66367
66367
66372
66377
66380
66382
66385
66388
66390
66392
66395
66396
66398
66398
66401
66409
66409
66412
66412
66420
66422
66422
66423
66429
66432
66434
66435
66436
66437
66445
66446
66453
66453
66454
66459
66462
66465
66469
66469
66470
66474
66476
66480
66485
66486
66486
66490
66496
66499
66502
66505
66506
66506
66508
66511
66514
66521
66521
66527
66528
66529
66535
66535
66540
66541
66543
66544
66551
66553
66556
66556
66556
66556
66560
66568
66571
66571
66577
66579
66585
66586
66586
66587
66588
66596
66600
66602
66604
66605
66609
66609
66614
66615
66618
66626
66626
66631
66635
66638
66640
66644
66647
66649
66652
66654
66656
66660
66662
66664
66669
66672
66673
66673
66678
66682
66683
66687
66688
66692
66695
66697
66701
66704
66704
66711
66712
66712
66714
66715
66718
66719
66719
66730
66733
66735
66737
66744
66748
66752
66754
66757
66761
66761
66762
66768
66772
66774
66778
66780
66783
66783
66783
66792
66794
66797
66800
66801
66801
66806
66811
66814
66818
66820
66820
66826
66829
66830
66830
66835
66839
66840
66842
66843
66848
66856
66856
66857
66865
66866
66869
66870
66873
66878
66882
66882
66886
66887
66890
66896
66899
66899
66905
66908
66909
66914
66917
66920
66922
66925
66928
66929
66930
66930
66933
66937
66943
66949
66951
66956
66956
66957
66962
66967
66968
66968
66971
66972
66976
66985
66985
66988
66993
66997
66999
67000
67002
67007
67010
67013
67014
67017
67025
67026
67029
67030
67035
67035
67036
67045
67048
67052
67052
67055
67058
67063
67067
67070
67071
67071
67071
67072
67082
67084
67084
67090
67090
67096
67102
67105
67105
67110
67114
67117
67121
67122
67127
67129
67133
67136
67138
67140
67141
67143
67153
67154
67158
67160
67164
67164
67168
67174
67176
67177
67180
67183
67188
67192
67192
67199
67202
67203
67206
67211
67213
67214
67217
67219
67227
67230
67230
67233
67235
67240
67245
67246
67251
67251
67253
67259
67263
67265
67267
67270
67270
67279
67282
67284
67287
67292
67292
67294
67296
67304
67306
67309
67313
67317
67319
67319
67324
67324
67325
67335
67340
67342
67344
67348
67353
67356
67359
67359
67361
67367
67369
67369
67376
67380
67383
67386
67390
67390
67395
67399
67400
67401
67411
67414
67415
67417
67420
67425
67428
67432
67434
67438
67440
67441
67441
67442
67448
67457
67458
67460
67465
67468
67474
67475
67477
67485
67488
67491
67492
67495
67501
67504
67507
67510
67514
67516
67518
67524
67524
67526
67535
67536
67537
67538
67542
67545
67547
67555
67556
67562
67562
67571
67572
67576
67579
67579
67581
67581
67585
67589
67592
67599
67603
67608
67610
67611
67611
67612
67618
67625
67631
67633
67636
67644
67646
67647
67649
67652
67654
67658
67667
67667
67674
67674
67674
67677
67685
67688
67692
67697
67697
67697
67703
67704
67715
67718
67720
67722
67723
67725
67726
67735
67736
67741
67745
67747
67748
67755
67763
67765
67765
67765
67776
67779
67780
67787
67789
67791
67794
67799
67800
67801
67811
67813
67815
67817
67820
67827
67829
67833
67836
67840
67840
67845
67850
67850
67858
67858
67858
67860
67860
67873
67878
67882
67884
67890
67894
67896
67901
67901
67902
67910
67913
67913
67915
67925
67928
67929
67929
67930
67942
67942
67945
67947
67954
67958
67961
67963
67966
67967
67967
67980
67980
67980
67983
67990
67991
68002
68005
68010
68014
68014
68014
68021
68021
68028
68029
68038
68042
68046
68046
68050
68050
68054
68061
68066
68069
68072
68076
68078
68086
68088
68089
68094
68096
68104
68107
68108
68111
68112
68119
68126
68126
68129
68134
68135
68139
68140
68148
68151
68157
68158
68158
68168
68169
68171
68175
68179
68188
68190
68192
68198
68199
68203
68208
68213
68214
68214
68221
68225
68228
68231
68238
68238
68239
68243
68255
68256
68261
68261
68266
68273
68276
68276
68282
68285
68288
68291
68293
68303
68303
68305
68311
68311
68315
68320
68328
68333
68333
68333
68343
68348
68350
68350
68357
68360
68362
68371
68371
68372
68382
68386
68388
68393
68393
68398
68405
68405
68407
68411
68420
68424
68424
68427
68434
68438
68440
68445
68451
68453
68455
68458
68461
68465
68471
68475
68482
68484
68487
68491
68494
68495
68499
68500
68502
68513
68518
68520
68528
68528
68530
68540
68541
68545
68551
68554
68555
68556
68562
68562
68567
68573
68582
68586
68591
68593
68597
68602
68604
68605
68605
68617
68618
68622
68624
68629
68630
68632
68635
68635
68646
68646
68652
68662
68666
68674
68678
68682
68686
68688
68691
68698
68698
68700
68708
68714
68715
68717
68723
68730
68730
68734
68735
68743
68745
68751
68756
68757
68760
68770
68772
68773
68775
68782
68784
68790
68792
68799
68799
68806
68812
68815
68816
68823
68828
68834
68838
68838
68838
68849
68850
68856
68861
68863
68871
68875
68879
68882
68884
68891
68895
68900
68901
68902
68904
68910
68911
68912
68924
68927
68929
68941
68944
68947
68953
68954
68962
68968
68969
68972
68974
68981
68988
68989
68998
69002
69003
69009
69011
69012
69013
69025
69030
69031
69036
69040
69040
69052
69054
69061
69065
69066
69070
69078
69081
69082
69084
69090
69092
69094
69106
69108
69116
69117
69117
69118
69128
69137
69141
69145
69145
69151
69151
69161
69162
69171
69174
69175
69175
69184
69185
69197
69199
69200
69204
69206
69221
69222
69223
69225
69229
69231
69235
69238
69238
69248
69256
69269
69271
69278
69278
69286
69287
69292
69297
69300
69301
69302
69302
69322
69323
69326
69334
69338
69341
69344
69351
69352
69360
69362
69369
69370
69378
69379
69385
69390
69393
69396
69404
69406
69412
69414
69424
69424
69424
69437
69439
69440
69451
69451
69454
69464
69467
69469
69474
69475
69483
69487
69489
69500
69506
69508
69512
69517
69523
69525
69528
69536
69541
69541
69541
69556
69560
69564
69564
69575
69577
69580
69581
69582
69585
69593
69605
69605
69611
69615
69622
69623
69628
69632
69644
69647
69647
69655
69661
69663
69670
69674
69679
69685
69691
69694
69697
69706
69710
69713
69718
69723
69723
69728
69735
69741
69748
69748
69752
69757
69758
69760
69772
69782
69782
69782
69796
69799
69804
69811
69812
69818
69825
69830
69833
69839
69839
69842
69847
69848
69859
69868
69872
69876
69877
69884
69886
69886
69894
69894
69909
69911
69919
69924
69924
69936
69938
69940
69944
69948
69953
69955
69957
69965
69970
69971
69991
69992
69994
70006
70009
70011
70018
70024
70027
70027
70038
70039
70042
70042
70061
70063
70070
70070
70076
70083
70091
70093
70099
70104
70110
70113
70115
70123
70128
70130
70131
70135
70141
70148
70157
70163
70169
70172
70177
70184
70191
70192
70201
70205
70205
70209
70221
70221
70222
70227
70235
70242
70248
70251
70251
70258
70264
70273
70279
70289
70292
70295
70300
70304
70306
70318
70321
70324
70335
70339
70346
70349
70352
70361
70367
70368
70376
70376
70381
70384
70392
70404
70406
70411
70415
70423
70426
70431
70437
70446
70448
70457
70462
70465
70469
70474
70476
70484
70494
70499
70500
70504
70504
70514
70523
70524
70527
70531
70537
70541
70550
70562
70568
70573
70578
70578
70581
70581
70598
70601
70610
70619
70621
70622
70625
70625
70626
70633
70653
70661
70666
70666
70674
70676
70688
70691
70695
70702
70707
70711
70714
70725
70728
70738
70744
70747
70756
70756
70765
70766
70773
70783
70790
70793
70797
70806
70807
70812
70814
70826
70829
70834
70837
70846
70856
70861
70864
70870
70874
70881
70882
70897
70898
70901
70912
70914
70917
70927
70937
70942
70943
70945
70952
70954
70954
70971
70971
70971
70972
70972
70999
71007
71018
71022
71029
71033
71034
71042
71043
71059
71063
71064
71066
71068
71086
71089
71097
71099
71104
71107
71121
71124
71125
71136
71139
71142
71142
71165
71168
71170
71177
71189
71194
71198
71200
71201
71216
71224
71230
71232
71236
71243
71250
71256
71262
71273
71278
71284
71287
71289
71293
71299
71310
71318
71320
71332
71339
71345
71347
71350
71362
71363
71365
71370
71378
71390
71397
71407
71407
71413
71424
71426
71429
71444
71449
71455
71460
71465
71471
71473
71487
71493
71495
71499
71500
71509
71517
71517
71524
71539
71547
71554
71561
71561
71570
71578
71584
71593
71593
71599
71612
71619
71622
71622
71634
71638
71650
71654
71658
71660
71663
71680
71682
71695
71695
71700
71701
71722
71724
71730
71731
71738
71748
71751
71763
71772
71778
71779
71784
71784
71787
71805
71806
71809
71831
71831
71840
71852
71856
71860
71870
71870
71880
71889
71899
71899
71910
71917
71922
71929
71934
71941
71945
71956
71960
71967
71978
71980
71989
71998
72004
72010
72018
72020
72023
72026
72045
72049
72059
72060
72067
72073
72082
72085
72093
72100
72102
72110
72115
72118
72140
72145
72146
72152
72158
72165
72180
72180
72185
72201
72209
72213
72213
72225
72236
72241
72251
72259
72261
72272
72277
72285
72294
72297
72309
72314
72318
72322
72330
72332
72345
72346
72360
72373
72376
72381
72389
72391
72405
72405
72407
72423
72433
72442
72452
72454
72462
72468
72472
72479
72489
72502
72504
72510
72518
72518
72524
72537
72541
72556
72561
72569
72578
72581
72589
72590
72601
72609
72618
72620
72622
72632
72653
72660
72660
72676
72677
72682
72683
72683
72687
72707
72719
72719
72729
72741
72758
72758
72760
72782
72786
72788
72791
72803
72820
72823
72831
72834
72840
72841
72857
72869
72872
72884
72886
72897
72902
72918
72926
72930
72942
72951
72953
72960
72960
72968
72989
72991
73005
73009
73017
73025
73036
73036
73041
73059
73063
73063
73067
73080
73086
73098
73112
73124
73133
73138
73139
73152
73165
73166
73172
73188
73194
73196
73209
73210
73224
73229
73232
73239
73244
73265
73275
73279
73288
73301
73306
73306
73315
73321
73338
73338
73352
73363
73363
73374
73375
73399
73407
73409
73423
73428
73439
73444
73448
73450
73468
73484
73489
73489
73497
73499
73511
73529
73534
73542
73556
73566
73572
73577
73587
73587
73590
73592
73613
73628
73629
73642
73652
73659
73678
73678
73694
73695
73711
73717
73729
73729
73746
73756
73757
73769
73778
73791
73796
73800
73801
73821
73823
73834
73852
73852
73857
73872
73885
73886
73895
73907
73909
73924
73932
73937
73957
73964
73965
73974
73978
73986
73986
74006
74022
74035
74048
74055
74055
74056
74070
74072
74091
74107
74114
74117
74140
74141
74152
74165
74166
74166
74171
74172
74185
74197
74230
74230
74251
74257
74268
74279
74279
74299
74299
74304
74311
74336
74338
74344
74350
74371
74383
74385
74401
74412
74415
74417
74423
74437
74461
74467
74470
74477
74483
74486
74513
74515
74537
74541
74557
74560
74560
74583
74597
74600
74608
74622
74628
74633
74639
74642
74661
74677
74681
74682
74688
74716
74723
74724
74740
74758
74774
74775
74786
74794
74815
74825
74831
74831
74839
74845
74866
74880
74883
74889
74908
74910
74915
74922
74934
74934
74940
74975
74989
75005
75012
75021
75027
75039
75056
75071
75078
75086
75102
75111
75124
75124
75137
75146
75164
75174
75181
75182
75209
75219
75226
75239
75249
75262
75268
75278
75281
75299
75310
75324
75331
75344
75346
75370
75373
75381
75386
75410
75412
75417
75434
75435
75441
75467
75471
75474
75476
75495
75508
75528
75533
75554
75564
75592
75595
75598
75608
75622
75632
75632
75662
75679
75691
75704
75705
75726
75732
75740
75754
75767
75779
75794
75797
75802
75825
75825
75826
75853
75857
75889
75899
75903
75912
75931
75948
75957
75962
75968
75977
76005
76016
76016
76018
76050
76063
76075
76087
76101
76113
76117
76124
76143
76153
76175
76178
76187
76206
76212
76223
76238
76240
76240
76245
76290
76299
76312
76325
76331
76339
76371
76382
76396
76407
76412
76415
76417
76432
76441
76475
76486
76498
76520
76535
76543
76545
76545
76554
76578
76611
76611
76631
76645
76663
76676
76677
76688
76696
76716
76728
76740
76755
76777
76788
76795
76805
76812
76846
76847
76866
76878
76892
76906
76920
76940
76942
76965
76966
76970
76984
77008
77035
77040
77056
77064
77085
77096
77114
77119
77123
77136
77143
77152
77193
77206
77210
77226
77238
77242
77248
77273
77273
77315
77324
77350
77365
77367
77376
77396
77424
77430
77437
77444
77478
77486
77500
77519
77527
77550
77557
77558
77595
77602
77623
77635
77652
77653
77658
77673
77701
77706
77725
77751
77764
77783
77797
77814
77825
77842
77855
77861
77887
77896
77908
77932
77935
77968
77968
77994
78014
78018
78049
78057
78076
78085
78099
78122
78136
78150
78153
78153
78191
78216
78236
78239
78266
78274
78274
78310
78312
78330
78362
78370
78381
78407
78428
78431
78443
78446
78488
78506
78509
78510
78527
78576
78587
78602
78625
78636
78648
78657
78689
78706
78717
78719
78739
78755
78769
78787
78821
78842
78855
78880
78890
78910
78926
78932
78934
78953
78991
78991
79033
79034
79061
79073
79106
79122
79126
79146
79169
79191
79207
79227
79242
79259
79262
79287
79300
79328
79333
79334
79358
79362
79406
79433
79458
79468
79470
79516
79534
79551
79567
79588
79613
79623
79651
79654
79671
79698
79706
79719
79745
79786
79799
79808
79838
79850
79873
79892
79906
79915
79952
79954
79963
80005
80008
80031
80051
80076
80111
80133
80135
80167
80167
80214
80216
80245
80272
80299
80301
80336
80349
80379
80393
80415
80425
80464
80478
80489
80521
80526
80533
80587
80611
80616
80623
80638
80657
80674
80738
80752
80775
80784
80789
80791
80810
80848
80884
80917
80924
80949
80968
81010
81031
81068
81073
81107
81119
81143
81148
81184
81186
81221
81245
81258
81276
81292
81293
81356
81413
81431
81447
81467
81501
81523
81536
81545
81583
81599
81625
81660
81672
81695
81696
81731
81775
81782
81829
81837
81846
81857
81874
81906
81927
81935
82015
82057
82062
82069
82121
82144
82178
82209
82231
82265
82293
82311
82318
82325
82326
82333
82378
82389
82400
82439
82504
82571
82593
82624
82661
82674
82676
82697
82718
82766
82808
82834
82874
82895
82915
82919
82965
82978
82988
83011
83064
83084
83158
83158
83179
83224
83267
83292
83301
83326
83389
83417
83444
83463
83501
83520
83567
83594
83612
83613
83666
83705
83728
83759
83783
83834
83858
83869
83893
83913
83957
83968
83969
84048
84081
84109
84140
84193
84227
84228
84280
84346
84367
84396
84403
84409
84456
84513
84563
84581
84590
84677
84698
84729
84752
84770
84809
84813
84902
84927
84959
84988
85039
85086
85095
85125
85172
85230
85260
85276
85307
85371
85382
85442
85465
85484
85485
85592
85614
85662
85680
85735
85767
85799
85809
85855
85862
85880
85929
86034
86089
86101
86146
86190
86235
86254
86270
86301
86338
86392
86472
86490
86509
86523
86582
86584
86650
86713
86735
86812
86861
86869
86983
87025
87067
87067
87086
87148
87205
87206
87310
87375
87418
87438
87455
87475
87572
87582
87682
87682
87716
87750
87802
87886
87971
87994
88035
88075
88141
88169
88229
88262
88339
88404
88440
88452
88543
88585
88612
88655
88682
88782
88808
88820
88820
89003
89086
89089
89152
89229
89279
89294
89312
89401
89411
89492
89585
89664
89714
89775
89818
89848
89858
89879
89987
90075
90075
90265
90271
90353
90414
90414
90449
90476
90547
90555
90675
90699
90888
90985
91065
91133
91198
91260
91282
91352
91359
91511
91603
91669
91710
91719
91775
91920
91964
91992
92126
92156
92200
92367
92421
92437
92499
92605
92686
92691
92803
92876
92934
93114
93209
93274
93332
93407
93525
93566
93598
93708
93783
93783
93820
93916
93933
94005
94058
94440
94468
94504
94681
94788
94808
94924
95059
95178
95215
95318
95405
95538
95572
95619
95650
95788
95989
96125
96187
96277
96307
96438
96597
96604
96809
96867
96996
97046
97104
97228
97319
97556
97740
97789
97982
98029
98051
98343
98354
98461
98508
98690
98817
98974
99191
99241
99423
99548
99647
99663
99753
100139
100163
100283
100421
100610
100614
100805
100863
101046
101225
101599
101805
102089
102172
102331
102503
102766
102834
103036
103178
103314
103584
103690
103864
104128
104512
104650
104895
105106
105209
105256
105390
105924
106195
106439
106563
106802
106842
107037
107370
107590
107770
108069
108236
108244
109212
109217
109494
109755
110306
110543
110544
111266
111666
111949
112352
112605
112882
112964
113359
113951
114260
114870
115507
115910
115957
116662
117107
117955
118258
118577
118591
119988
120470
121100
122044
122664
122772
124010
124249
125522
126223
127136
127942
127957
129455
130804
131295
131515
133492
133797
137854
138868
140415
141788
144254
145335
146544
147069
149853
157138
165796
168587
170361
172080
185564
227778
368442
