9564 666288999
43027
43027
43027
43032
43032
43033
43034
43036
43041
43042
43047
43051
43051
43051
43054
43059
43059
43061
43066
43066
43071
43071
43074
43076
43077
43080
43080
43080
43080
43082
43083
43086
43090
43093
43098
43103
43108
43109
43113
43114
43118
43118
43121
43126
43127
43130
43133
43136
43139
43139
43144
43148
43148
43153
43153
43155
43157
43160
43161
43164
43169
43173
43175
43180
43180
43183
43184
43187
43192
43194
43196
43196
43201
43204
43208
43210
43214
43219
43219
43219
43223
43228
43228
43232
43234
43239
43242
43245
43248
43248
43251
43253
43253
43257
43259
43261
43261
43266
43267
43272
43276
43276
43279
43280
43281
43282
43284
43285
43285
43287
43289
43293
43296
43300
43302
43302
43305
43307
43308
43313
43317
43322
43324
43328
43332
43332
43337
43341
43346
43350
43354
43358
43360
43364
43364
43366
43368
43373
43374
43378
43383
43383
43384
43385
43388
43392
43396
43397
43400
43405
43407
43411
43414
43419
43419
43421
43422
43423
43423
43424
43426
43428
43432
43436
43441
43445
43449
43454
43455
43456
43460
43464
43468
43468
43470
43475
43475
43475
43479
43479
43481
43486
43490
43493
43496
43497
43499
43504
43506
43510
43513
43517
43519
43523
43524
43528
43531
43531
43536
43538
43542
43546
43546
43549
43552
43555
43560
43565
43567
43567
43568
43571
43573
43574
43575
43580
43585
43590
43595
43599
43602
43606
43610
43611
43611
43616
43620
43622
43627
43630
43631
43632
43636
43638
43639
43641
43644
43648
43652
43653
43657
43660
43660
43661
43665
43666
43669
43673
43677
43677
43679
43683
43688
43693
43693
43695
43698
43703
43705
43710
43715
43720
43725
43728
43733
43735
43736
43736
43740
43743
43745
43750
43752
43754
43757
43759
43761
43762
43764
43767
43768
43773
43776
43777
43781
43784
43787
43788
43788
43791
43795
43797
43801
43803
43806
43806
43810
43815
43820
43824
43824
43824
43824
43824
43825
43828
43832
43834
43835
43840
43840
43844
43844
43848
43848
43850
43855
43855
43859
43861
43866
43866
43866
43871
43873
43878
43882
43886
43891
43896
43898
43899
43900
43901
43905
43906
43910
43915
43917
43919
43920
43920
43925
43927
43930
43932
43936
43938
43940
43944
43948
43950
43952
43954
43956
43959
43961
43961
43963
43965
43969
43971
43973
43978
43980
43983
43985
43987
43987
43992
43996
43997
44000
44001
44006
44011
44014
44018
44018
44021
44024
44024
44029
44034
44038
44042
44047
44052
44052
44055
44056
44056
44060
44062
44064
44065
44067
44070
44073
44073
44075
44077
44079
44084
44087
44090
44092
44096
44097
44099
44099
44103
44105
44109
44110
44115
44116
44117
44121
44125
44128
44131
44133
44137
44137
44138
44139
44141
44146
44146
44147
44148
44153
44155
44160
44165
44169
44171
44171
44173
44175
44176
44180
44181
44182
44184
44188
44192
44195
44199
44202
44207
44209
44211
44216
44220
44223
44228
44231
44233
44236
44240
44245
44245
44245
44248
44250
44252
44257
44258
44260
44261
44261
44265
44265
44269
44271
44272
44275
44277
44280
44281
44286
44291
44296
44296
44299
44299
44299
44302
44302
44302
44302
44303
44307
44310
44310
44314
44317
44318
44320
44325
44325
44330
44334
44335
44337
44341
44344
44344
44348
44350
44353
44354
44358
44360
44362
44364
44369
44373
44373
44376
44381
44385
44389
44394
44395
44396
44400
44405
44405
44410
44415
44415
44419
44424
44429
44430
44430
44434
44436
44437
44438
44440
44444
44449
44451
44454
44457
44461
44464
44464
44464
44467
44470
44474
44474
44478
44481
44482
44487
44487
44487
44488
44490
44490
44491
44496
44500
44501
44502
44504
44504
44505
44509
44514
44517
44520
44521
44524
44524
44528
44531
44536
44538
44540
44542
44547
44552
44557
44558
44563
44567
44572
44576
44579
44582
44587
44590
44593
44596
44596
44598
44602
44603
44608
44611
44615
44616
44618
44619
44620
44625
44629
44630
44635
44635
44638
44641
44641
44646
44649
44653
44658
44662
44663
44667
44671
44673
44676
44680
44685
44686
44688
44689
44689
44693
44695
44695
44697
44699
44703
44705
44707
44707
44711
44713
44717
44718
44718
44723
44728
44731
44731
44732
44735
44739
44740
44745
44749
44754
44757
44761
44766
44768
44773
44773
44778
44779
44783
44785
44785
44785
44789
44790
44790
44792
44795
44795
44799
44799
44801
44805
44807
44812
44814
44815
44816
44820
44824
44828
44829
44832
44835
44836
44837
44842
44845
44850
44854
44854
44855
44860
44864
44868
44871
44872
44872
44876
44878
44880
44885
44887
44891
44893
44893
44893
44896
44900
44900
44905
44907
44908
44913
44916
44920
44923
44926
44931
44934
44938
44939
44943
44948
44949
44950
44951
44953
44954
44959
44959
44964
44965
44965
44968
44969
44973
44974
44976
44977
44980
44984
44989
44991
44995
44999
45000
45002
45006
45006
45007
45010
45011
45015
45016
45018
45019
45024
45027
45027
45028
45032
45033
45035
45037
45038
45040
45043
45044
45047
45051
45056
45061
45066
45068
45071
45075
45078
45080
45083
45086
45086
45090
45091
45092
45095
45097
45098
45101
45103
45103
45106
45107
45107
45111
45112
45116
45120
45124
45125
45130
45131
45131
45134
45135
45140
45141
45144
45146
45148
45148
45148
45149
45154
45154
45156
45157
45158
45158
45159
45164
45169
45174
45177
45179
45179
45184
45188
45190
45191
45195
45195
45196
45199
45199
45200
45202
45205
45209
45212
45216
45221
45221
45226
45231
45232
45234
45235
45240
45241
45242
45244
45245
45245
45250
45255
45259
45263
45264
45268
45272
45274
45276
45278
45280
45282
45286
45288
45289
45292
45297
45301
45303
45307
45311
45315
45317
45317
45317
45318
45321
45326
45331
45331
45336
45338
45339
45341
45345
45346
45348
45348
45348
45348
45352
45352
45354
45354
45354
45354
45359
45364
45369
45372
45377
45379
45382
45383
45388
45389
45390
45393
45395
45396
45396
45397
45402
45406
45409
45410
45411
45415
45419
45421
45422
45425
45430
45433
45434
45436
45440
45443
45446
45449
45452
45456
45458
45463
45466
45471
45475
45477
45477
45480
45481
45483
45485
45488
45493
45496
45500
45503
45508
45512
45517
45517
45521
45525
45529
45533
45535
45536
45540
45540
45544
45549
45549
45550
45552
45552
45554
45558
45558
45559
45559
45564
45565
45567
45572
45573
45577
45577
45581
45585
45586
45586
45591
45595
45596
45600
45604
45605
45607
45608
45612
45615
45615
45617
45620
45622
45623
45625
45625
45627
45630
45634
45637
45637
45639
45641
45644
45645
45648
45653
45657
45660
45665
45669
45674
45678
45682
45686
45690
45694
45699
45700
45702
45706
45710
45713
45714
45716
45719
45719
45722
45722
45725
45726
45728
45731
45735
45738
45739
45744
45747
45750
45750
45755
45759
45762
45763
45766
45769
45771
45773
45773
45778
45778
45782
45782
45782
45786
45787
45788
45789
45794
45795
45795
45796
45801
45803
45806
45810
45811
45815
45817
45818
45818
45819
45819
45821
45821
45826
45827
45830
45835
45837
45839
45842
45845
45847
45850
45852
45854
71057
71520
71802
72305
72368
72418
72418
72427
72428
72428
72428
72429
72430
72432
72433
72434
72434
72435
72436
72436
72437
72439
72440
72440
72441
72442
72442
72442
72443
72446
72446
72446
72448
72448
72448
72449
72451
72451
72451
72453
72454
72455
72456
72457
72458
72460
72461
72461
72461
72463
72464
72464
72464
72467
72467
72468
72468
72470
72470
72470
72471
72471
72473
72473
72475
72476
72476
72477
72479
72480
72480
72482
72483
72483
72484
72485
72487
72488
72488
72489
72490
72490
72490
72490
72494
72494
72494
72495
72496
72497
72499
72500
72500
72500
72500
72501
72502
72505
72506
72506
72507
72509
72509
72510
72510
72510
72512
72513
72514
72515
72515
72517
72518
72519
72520
72521
72521
72522
72524
72524
72525
72525
72526
72526
72527
72527
72527
72529
72529
72532
72532
72533
72535
72536
72536
72536
72536
72540
72540
72540
72541
72542
72543
72543
72545
72546
72547
72547
72547
72547
72550
72552
72554
72554
72554
72556
72556
72556
72558
72560
72560
72561
72562
72562
72564
72565
72565
72565
72567
72568
72568
72569
72571
72571
72572
72572
72573
72573
72575
72576
72576
72578
72578
72581
72581
72582
72584
72584
72585
72586
72587
72587
72588
72589
72590
72591
72592
72593
72594
72594
72594
72595
72596
72597
72598
72599
72599
72600
72603
72604
72605
72605
72606
72607
72608
72609
72609
72611
72611
72613
72614
72614
72614
72617
72617
72617
72618
72620
72620
72621
72622
72623
72624
72624
72624
72624
72624
72629
72629
72631
72631
72632
72633
72634
72635
72636
72637
72638
72638
72639
72641
72641
72641
72642
72642
72645
72645
72647
72647
72647
72650
72650
72651
72652
72653
72653
72653
72655
72656
72657
72657
72657
72657
72660
72662
72663
72664
72664
72665
72665
72667
72668
72669
72670
72670
72672
72673
72673
72673
72675
72676
72677
72677
72678
72678
72679
72682
72683
72683
72685
72686
72686
72687
72687
72687
72688
72688
72692
72692
72694
72694
72694
72696
72697
72698
72699
72699
72699
72700
72700
72701
72704
72704
72706
72707
72707
72708
72710
72710
72710
72712
72712
72713
72714
72716
72717
72717
72719
72719
72721
72721
72722
72723
72725
72725
72725
72726
72726
72728
72729
72729
72729
72729
72734
72734
72735
72735
72736
72736
72739
72739
72740
72741
72741
72741
72741
72746
72746
72746
72748
72749
72749
72751
72752
72752
72753
72753
72755
72755
72756
72758
72759
72759
72761
72761
72763
72763
72763
72763
72766
72767
72768
72768
72769
72770
72770
72772
72772
72775
72776
72776
72776
72778
72779
72780
72781
72781
72783
72784
72784
72785
72787
72788
72788
72789
72790
72791
72791
72793
72793
72793
72793
72794
72795
72795
72796
72799
72801
72802
72802
72804
72805
72806
72806
72806
72806
72808
72810
72811
72812
72812
72812
72815
72816
72816
72817
72818
72818
72818
72821
72821
72824
72824
72824
72824
72826
72827
72827
72827
72829
72832
72832
72833
72834
72836
72836
72837
72838
72839
72839
72841
72842
72842
72843
72845
72845
72847
72847
72847
72849
72850
72851
72852
72853
72853
72854
72856
72856
72857
72859
72859
72860
72860
72863
72863
72864
72865
72866
72867
72867
72869
72869
72870
72871
72871
72874
72874
72874
72876
72877
72877
72878
72878
72879
72881
72881
72882
72884
72886
72886
72887
72887
72890
72890
72890
72891
72892
72892
72892
72893
72894
72898
72898
72899
72900
72900
72902
72903
72904
72905
72905
72905
72905
72908
72910
72911
72912
72913
72914
72914
72915
72916
72917
72917
72919
72919
72921
72921
72921
72924
72925
72926
72926
72926
72926
72926
72928
72931
72931
72931
72935
72935
72936
72936
72937
72939
72940
72941
72941
72942
72944
72945
72946
72947
72947
72948
72949
72949
72950
72953
72953
72954
72955
72955
72955
72957
72958
72958
72961
72962
72962
72962
72964
72964
72965
72968
72968
72968
72969
72969
72972
72972
72972
72975
72976
72976
72976
72979
72980
72980
72981
72982
72983
72983
72986
72986
72986
72989
72989
72990
72990
72991
72991
72991
72994
72994
72995
72997
72999
73000
73000
73001
73001
73001
73003
73005
73005
73006
73008
73008
73010
73011
73011
73012
73014
73014
73015
73015
73015
73019
73019
73020
73021
73021
73024
73024
73024
73026
73026
73027
73029
73029
73029
73029
73029
73031
73034
73035
73037
73038
73038
73039
73039
73040
73041
73041
73045
73045
73046
73046
73047
73048
73050
73051
73052
73052
73054
73055
73056
73057
73058
73059
73059
73060
73062
73063
73063
73063
73066
73067
73068
73068
73069
73069
73072
73072
73073
73074
73074
73074
73074
73076
73076
73076
73079
73080
73080
73083
73084
73085
73085
73087
73087
73088
73090
73090
73093
73094
73094
73096
73097
73097
73097
73097
73100
73102
73102
73102
73103
73106
73106
73106
73108
73108
73110
73112
73112
73112
73113
73114
73116
73117
73118
73119
73119
73120
73122
73123
73124
73124
73126
73126
73128
73128
73128
73128
73131
73133
73133
73133
73135
73136
73137
73138
73139
73140
73142
73142
73143
73144
73144
73146
73147
73147
73149
73150
73151
73152
73152
73152
73154
73155
73156
73156
73159
73160
73160
73162
73162
73164
73165
73165
73167
73168
73168
73169
73170
73170
73170
73170
73174
73175
73175
73177
73178
73178
73181
73181
73183
73183
73184
73184
73186
73187
73188
73190
73190
73190
73193
73193
73193
73196
73196
73197
73197
73198
73200
73200
73202
73202
73202
73204
73205
73205
73207
73209
73210
73211
73211
73211
73212
73212
73215
73217
73218
73219
73219
73219
73221
73223
73223
73225
73226
73226
73226
73227
73229
73230
73230
73230
73231
73233
73233
73235
73236
73237
73239
73241
73241
73241
73243
73243
73246
73247
73247
73248
73248
73249
73250
73251
73252
73253
73255
73256
73257
73259
73259
73259
73260
73261
73263
73265
73265
73265
73268
73268
73270
73270
73271
73271
73271
73272
73274
73274
73274
73274
73279
73279
73282
73283
73283
73283
73283
73284
73287
73288
73289
73289
73290
73290
73291
73292
73294
73294
73298
73298
73298
73298
73299
73301
73301
73303
73305
73307
73307
73309
73309
73310
73310
73310
73312
73315
73315
73315
73318
73318
73318
73320
73320
73321
73323
73324
73325
73326
73326
73327
73330
73330
73330
73332
73333
73333
73334
73337
73337
73339
73340
73340
73341
73341
73341
73345
73346
73346
73348
73349
73349
73350
73352
73353
73353
73354
73354
73355
73358
73358
73359
73359
73359
73360
73363
73364
73365
73365
73368
73369
73369
73369
73369
73369
73369
73372
73372
73376
73377
73378
73380
73381
73382
73382
73382
73384
73385
73385
73388
73389
73390
73390
73391
73392
73393
73393
73393
73397
73397
73398
73398
73398
73402
73402
73403
73405
73405
73406
73409
73409
73411
73411
73412
73414
73415
73415
73415
73417
73417
73420
73421
73421
73423
73424
73424
73426
73427
73427
73428
73429
73429
73431
73431
73431
73433
73435
73436
73436
73437
73439
73439
73439
73442
73443
73444
73445
73446
73447
73448
73451
73451
73451
73452
73454
73455
73456
73456
73456
73458
73459
73460
73463
73463
73463
73465
73465
73468
73468
73469
73471
73471
73471
73471
73472
73476
73478
73478
73478
73481
73481
73482
73484
73484
73486
73486
73486
73487
73487
73487
73487
73488
73491
73495
73495
73496
73496
73496
73498
73500
73502
73503
73504
73505
73505
73507
73508
73509
73509
73509
73512
73513
73514
73516
73516
73516
73516
73520
73520
73520
73522
73524
73524
73525
73525
73527
73528
73529
73529
73529
73532
73533
73534
73534
73535
73535
73539
73540
73541
73542
73543
73544
73544
73547
73547
73548
73549
73550
73550
73552
73552
73553
73554
73557
73559
73559
73559
73562
73562
73562
73563
73565
73567
73567
73568
73568
73569
73570
73571
73572
73573
73575
73576
73576
73579
73579
73579
73580
73581
73584
73584
73585
73588
73588
73588
73588
73592
73592
73592
73592
73595
73597
73597
73598
73599
73600
73602
73603
73603
73605
73605
73606
73606
73609
73609
73611
73612
73613
73613
73616
73617
73617
73617
73618
73622
73622
73623
73623
73623
73626
73627
73628
73629
73631
73631
73633
73634
73635
73636
73637
73637
73637
73637
73637
73639
73640
73644
73645
73646
73648
73648
73649
73650
73650
73653
73654
73655
73655
73656
73657
73658
73661
73661
73661
73661
73662
73662
73663
73665
73665
73665
73670
73670
73672
73672
73675
73676
73676
73676
73678
73678
73679
73680
73681
73684
73685
73687
73687
73688
73690
73691
73691
73693
73694
73696
73697
73698
73699
73700
73700
73702
73703
73704
73706
73706
73706
73708
73708
73708
73712
73713
73713
73715
73715
73716
73717
73718
73720
73721
73721
73723
73723
73725
73726
73727
73728
73729
73731
73731
73732
73734
73734
73735
73737
73737
73738
73739
73739
73742
73742
73745
73746
73746
73748
73749
73750
73750
73752
73752
73752
73753
73753
73758
73758
73759
73761
73763
73763
73764
73765
73766
73766
73768
73770
73771
73772
73773
73773
73775
73775
73776
73777
73778
73781
73781
73781
73781
73785
73786
73786
73786
73787
73789
73791
73791
73793
73793
73795
73795
73797
73797
73797
73798
73801
73802
73802
73803
73807
73808
73808
73809
73811
73812
73813
73813
73815
73815
73815
73815
73819
73821
73822
73823
73823
73824
73826
73827
73827
73827
73829
73830
73832
73834
73834
73834
73834
73838
73838
73840
73841
73843
73843
73843
73843
73846
73848
73849
73850
73851
73852
73853
73854
73855
73857
73858
73858
73858
73859
73861
73861
73863
73866
73867
73867
73869
73870
73871
73872
73873
73873
73873
73874
73878
73879
73880
73881
73883
73883
73883
73883
73886
73887
73887
73887
73891
73891
73893
73894
73894
73897
73898
73899
73900
73900
73902
73902
73902
73904
73907
73907
73907
73910
73910
73912
73913
73913
73914
73916
73918
73919
73920
73920
73921
73922
73924
73924
73926
73928
73928
73930
73931
73932
73932
73932
73934
73934
73937
73938
73938
73941
73941
73943
73943
73945
73946
73946
73949
73950
73950
73950
73953
73953
73955
73956
73957
73959
73959
73959
73960
73961
73961
73962
73962
73964
73964
73965
73967
73970
73972
73972
73974
73975
73976
73978
73979
73981
73982
73983
73984
73984
73986
73986
73987
73990
73990
73991
73992
73992
73995
73995
73995
73998
73999
73999
74000
74003
74003
74006
74006
74008
74008
74008
74009
74010
74013
74014
74015
74016
74018
74018
74019
74020
74022
74023
74024
74025
74025
74026
74030
74030
74032
74032
74034
74034
74036
74037
74038
74039
74041
74042
74043
74044
74044
74045
74046
74046
74047
74050
74052
74052
74053
74056
74057
74057
74058
74058
74060
74063
74063
74064
74065
74066
74067
74068
74069
74072
74072
74074
74074
74075
74077
74078
74078
74078
74078
74080
74082
74085
74086
74086
74086
74087
74088
74089
74092
74092
74094
74095
74096
74097
74099
74100
74101
74103
74105
74105
74107
74108
74109
74109
74109
74112
74113
74114
74114
74114
74117
74119
74120
74121
74123
74124
74125
74126
74127
74129
74129
74129
74131
74132
74132
74133
74133
74135
74135
74137
74140
74140
74144
74144
74146
74147
74147
74147
74147
74148
74149
74151
74154
74155
74156
74159
74159
74161
74161
74163
74163
74165
74165
74166
74168
74168
74171
74172
74174
74174
74175
74177
74177
74177
74179
74179
74182
74184
74185
74185
74185
74186
74188
74190
74190
74193
74194
74194
74196
74197
74197
74200
74201
74201
74202
74202
74205
74205
74207
74210
74210
74211
74212
74212
74214
74215
74216
74219
74220
74221
74222
74223
74225
74225
74227
74227
74227
74229
74230
74230
74233
74235
74235
74235
74235
74236
74237
74237
74241
74244
74246
74246
74247
74249
74250
74252
74252
74254
74255
74256
74256
74258
74259
74259
74259
74262
74262
74263
74266
74267
74268
74269
74269
74271
74271
74272
74272
74273
74278
74278
74281
74281
74282
74283
74283
74283
74284
74288
74290
74291
74292
74292
74294
74296
74296
74298
74299
74300
74301
74303
74303
74303
74304
74308
74309
74309
74309
74309
74313
74313
74314
74315
74317
74319
74319
74321
74323
74324
74325
74326
74326
74329
74330
74331
74332
74333
74334
74336
74337
74337
74338
74340
74342
74343
74345
74345
74345
74347
74347
74348
74349
74349
74354
74355
74356
74356
74359
74359
74361
74361
74363
74363
74366
74366
74367
74368
74369
74371
74373
74373
74374
74376
74378
74378
74380
74381
74382
74384
74385
74386
74387
74388
74390
74391
74391
74392
74393
74395
74396
74396
74399
74400
74400
74403
74403
74404
74405
74407
74408
74408
74411
74411
74414
74414
74416
74416
74418
74419
74421
74422
74423
74424
74424
74424
74424
74426
74428
74432
74432
74432
74435
74435
74438
74438
74438
74440
74442
74443
74443
74446
74447
74447
74447
74448
74449
74452
74455
74455
74455
74457
74457
74458
74458
74460
74464
74465
74467
74468
74468
74470
74470
74470
74472
74475
74475
74475
74476
74478
74481
74483
74483
74483
74486
74486
74487
74488
74489
74492
74493
74495
74496
74496
74497
74497
74499
74501
74503
74504
74505
74507
74507
74507
74510
74512
74513
74513
74516
74516
74516
74519
74520
74522
74522
74524
74524
74525
74528
74528
74530
74530
74532
74532
74534
74534
74537
74537
74540
74540
74542
74543
74545
74546
74546
74548
74548
74550
74552
74553
74554
74555
74555
74555
74559
74560
74562
74563
74564
74565
74566
74566
74566
74567
74567
74567
74572
74574
74576
74577
74577
74578
74579
74581
74583
74583
74585
74587
74588
74590
74591
74593
74594
74595
74597
74597
74597
74597
74599
74600
74602
74603
74604
74608
74608
74608
74608
74611
74611
74613
74615
74615
74617
74619
74621
74622
74624
74624
74624
74627
74627
74630
74630
74630
74630
74630
74633
74637
74638
74639
74640
74640
74642
74644
74645
74647
74647
74647
74651
74652
74652
74654
74655
74655
74657
74660
74660
74660
74663
74665
74666
74666
74669
74669
74670
74671
74672
74675
74676
74676
74677
74677
74677
74682
74684
74684
74684
74684
74688
74689
74689
74693
74693
74693
74695
74697
74698
74698
74701
74702
74703
74703
74705
74707
74708
74708
74708
74710
74714
74714
74715
74715
74716
74720
74720
74720
74724
74725
74726
74727
74728
74730
74732
74732
74734
74734
74736
74736
74739
74739
74740
74743
74744
74745
74746
74748
74749
74750
74750
74750
74750
74754
74756
74757
74757
74760
74761
74762
74763
74763
74767
74768
74769
74771
74772
74773
74773
74773
74777
74777
74780
74780
74781
74783
74785
74785
74787
74787
74789
74790
74790
74792
74793
74795
74795
74797
74799
74801
74802
74803
74805
74805
74806
74809
74810
74811
74813
74813
74814
74815
74816
74816
74817
74817
74819
74824
74824
74824
74828
74828
74831
74831
74832
74833
74835
74837
74837
74839
74840
74840
74842
74843
74846
74847
74847
74850
74851
74851
74853
74854
74855
74856
74859
74860
74861
74862
74862
74863
74864
74868
74868
74870
74871
74871
74873
74873
74873
74873
74877
74880
74882
74882
74885
74886
74886
74887
74889
74890
74890
74892
74893
74893
74893
74898
74898
74899
74902
74904
74905
74905
74905
74909
74909
74911
74911
74911
74911
74911
74918
74919
74921
74922
74924
74925
74927
74927
74929
74929
74931
74932
74932
74932
74933
74936
74936
74936
74940
74942
74944
74946
74947
74948
74948
74948
74951
74953
74953
74957
74957
74957
74957
74959
74959
74961
74964
74965
74967
74967
74971
74971
74971
74975
74975
74978
74978
74980
74980
74981
74981
74985
74987
74988
74988
74989
74991
74992
74992
74993
74997
74999
74999
75000
75002
75002
75002
75004
75007
75009
75009
75009
75010
75011
75014
75016
75017
75018
75020
75021
75022
75022
75025
75025
75026
75030
75030
75030
75031
75033
75034
75035
75038
75041
75042
75044
75044
75044
75044
75049
75049
75051
75051
75053
75054
75056
75057
75057
75057
75057
75058
75063
75063
75064
75066
75068
75069
75072
75074
75074
75074
75074
75079
75080
75080
75080
75081
75082
75085
75085
75090
75091
75092
75094
75095
75097
75098
75098
75100
75100
75103
75104
75106
75106
75106
75106
75108
75111
75113
75113
75115
75117
75119
75119
75120
75122
75124
75125
75127
75127
75127
75128
75130
75131
75133
75137
75138
75138
75138
75138
75142
75143
75143
75145
75145
75148
75150
75152
75155
75155
75157
75158
75158
75161
75162
75162
75164
75165
75167
75167
75170
75171
75171
75174
75175
75177
75177
75180
75180
75182
75182
75183
75185
75188
75189
75189
75192
75192
75192
75192
75192
75194
75197
75200
75203
75205
75206
75206
75206
75207
75207
75210
75214
75215
75217
75217
75220
75220
75220
75224
75225
75226
75228
75228
75228
75230
75230
75232
75236
75236
75236
75236
75239
75241
75243
75245
75247
75248
75250
75250
75251
75253
75255
75257
75258
75258
75259
75259
75263
75265
75266
75267
75269
75270
75272
75273
75275
75275
75276
75277
75278
75281
75283
75283
75285
75286
75287
75289
75290
75292
75292
75293
75296
75297
75299
75299
75302
75303
75303
75303
75305
75306
75310
75310
75310
75311
75313
75316
75316
75319
75319
75320
75321
75323
75325
75326
75326
75328
75330
75331
75332
75336
75338
75338
75341
75341
75342
75344
75346
75346
75348
75350
75352
75353
75354
75356
75356
75356
75360
75362
75363
75364
75364
75366
75367
75370
75371
75371
75372
75375
75375
75377
75377
75380
75382
75382
75386
75387
75388
75388
75390
75390
75392
75393
75393
75394
75397
75401
75402
75402
75403
75407
75408
75409
75410
75411
75412
75413
75414
75417
75417
75419
75419
75421
75425
75426
75427
75427
75428
75431
75432
75433
75434
75437
75437
75439
75442
75443
75444
75445
75445
75446
75448
75451
75451
75453
75455
75457
75458
75458
75460
75462
75462
75463
75466
75468
75470
75470
75471
75471
75472
75473
75479
75480
75481
75482
75482
75484
75485
75485
75487
75487
75488
75491
75494
75497
75497
75499
75500
75501
75502
75504
75506
75506
75509
75510
75512
75514
75515
75515
75515
75519
75519
75522
75522
75522
75525
75527
75527
75529
75530
75530
75532
75536
75538
75540
75541
75542
75543
75544
75546
75548
75549
75551
75553
75553
75554
75557
75557
75559
75560
75562
75562
75566
75567
75569
75570
75570
75571
75574
75575
75575
75576
75576
75578
75578
75584
75585
75586
75586
75590
75591
75593
75594
75596
75597
75598
75598
75600
75600
75603
75606
75608
75608
75608
75609
75612
75613
75613
75615
75616
75618
75619
75621
75625
75625
75627
75628
75629
75630
75634
75634
75634
75638
75639
75640
75640
75644
75644
75646
75646
75649
75651
75653
75653
75655
75655
75658
75659
75661
75663
75664
75665
75665
75666
75670
75671
75673
75674
75676
75677
75677
75677
75681
75683
75684
75685
75686
75689
75691
75692
75694
75695
75695
75697
75699
75699
75701
75701
75703
75704
75705
75708
75708
75711
75713
75716
75716
75718
75719
75719
75722
75724
75724
75724
75725
75729
75732
75732
75735
75735
75736
75738
75738
75741
75743
75744
75745
75745
75746
75750
75750
75751
75751
75756
75757
75757
75757
75760
75760
75766
75766
75767
75769
75771
75773
75773
75774
75777
75778
75781
75781
75784
75785
75787
75788
75789
75790
75792
75792
75796
75796
75796
75796
75799
75802
75803
75806
75807
75809
75809
75811
75814
75814
75817
75818
75820
75820
75821
75821
75825
75827
75828
75828
75831
75833
75835
75835
75835
75837
75840
75841
75842
75843
75847
75848
75848
75851
75853
75854
75856
75857
75857
75857
75860
75861
75862
75863
75863
75868
75869
75869
75869
75873
75877
75877
75879
75880
75881
75882
75886
75887
75889
75889
75892
75893
75895
75895
75897
75899
75901
75902
75902
75902
75903
75907
75910
75911
75911
75913
75915
75917
75917
75918
75918
75919
75925
75925
75926
75928
75929
75930
75934
75935
75937
75937
75938
75939
75944
75944
75945
75948
75950
75950
75950
75951
75951
75957
75959
75959
75959
75959
75963
75963
75963
75963
75964
75966
75971
75976
75976
75977
75980
75981
75982
75985
75985
75988
75989
75989
75990
75990
75990
75995
75995
75996
75998
75998
76001
76006
76006
76010
76010
76013
76013
76016
76017
76018
76019
76020
76022
76023
76024
76026
76026
76029
76033
76034
76034
76036
76037
76038
76042
76043
76044
76044
76048
76049
76051
76052
76052
76056
76056
76057
76059
76060
76060
76063
76066
76067
76070
76070
76073
76073
76074
76077
76078
76081
76081
76082
76085
76087
76088
76088
76090
76090
76093
76095
76095
76098
76098
76101
76104
76106
76107
76107
76109
76112
76112
76115
76117
76118
76118
76119
76120
76123
76126
76127
76128
76128
76131
76134
76135
76135
76135
76140
76142
76143
76144
76145
76145
76145
76151
76153
76153
76156
76157
76158
76158
76162
76162
76166
76166
76167
76167
76172
76172
76172
76172
76178
76178
76181
76181
76181
76183
76187
76187
76190
76190
76193
76195
76197
76199
76199
76200
76202
76202
76205
76208
76210
76210
76212
76214
76215
76217
76218
76221
76223
76223
76223
76224
76229
76229
76232
76234
76235
76236
76236
76240
76241
76243
76244
76245
76248
76249
76251
76251
76254
76254
76256
76258
76260
76260
76262
76265
76266
76266
76267
76272
76274
76275
76277
76277
76279
76279
76282
76282
76285
76286
76288
76288
76291
76294
76295
76295
76298
76298
76302
76302
76302
76306
76307
76307
76309
76310
76314
76316
76318
76318
76320
76320
76325
76326
76326
76330
76331
76332
76334
76334
76334
76338
76338
76339
76340
76341
76343
76345
76349
76350
76351
76353
76357
76357
76361
76361
76363
76363
76363
76367
76370
76372
76373
76374
76376
76376
76380
76380
76383
76385
76386
76388
76388
76391
76393
76393
76394
76398
76398
76398
76402
76402
76405
76406
76407
76412
76412
76415
76416
76417
76419
76421
76421
76422
76425
76425
76428
76430
76431
76434
76435
76436
76436
76441
76441
76442
76442
76448
76449
76450
76452
76454
76456
76457
76458
76458
76460
76463
76463
76463
76468
76469
76471
76472
76472
76476
76476
76478
76480
76482
76485
76486
76488
76490
76490
76493
76494
76494
76494
76499
76501
76502
76505
76505
76507
76508
76511
76512
76512
76512
76515
76517
76522
76523
76524
76526
76528
76530
76532
76533
76533
76537
76537
76540
76541
76541
76542
76544
76545
76547
76552
76553
76553
76554
76556
76559
76562
76564
76564
76567
76568
76571
76571
76573
76575
76575
76575
76580
76581
76584
76584
76587
76589
76591
76592
76593
76595
76597
76597
76597
76600
76604
76606
76606
76608
76609
76613
76614
76616
76616
76617
76621
76621
76623
76623
76624
76624
76628
76633
76634
76636
76638
76640
76640
76640
76645
76646
76648
76648
76648
76653
76653
76654
76656
76659
76659
76663
76664
76667
76667
76667
76667
76672
76672
76674
76676
76676
76676
76681
76684
76686
76689
76690
76692
76693
76696
76697
76697
76698
76701
76704
76705
76708
76708
76711
76711
76715
76715
76718
76719
76721
76723
76723
76727
76728
76729
76731
76733
76733
76734
76739
76740
76740
76744
76745
76745
76746
76750
76751
76751
76754
76754
76757
76757
76757
76764
76764
76765
76766
76766
76768
76768
76770
76776
76776
76776
76777
76784
76786
76789
76789
76790
76794
76794
76795
76798
76801
76801
76801
76803
76805
76808
76811
76812
76813
76815
76817
76819
76821
76823
76825
76827
76828
76829
76832
76832
76833
76837
76838
76839
76839
76844
76845
76847
76850
76851
76851
76853
76853
76858
76859
76862
76863
76863
76865
76867
76871
76872
76873
76876
76876
76879
76879
76883
76885
76886
76887
76887
76891
76893
76894
76895
76896
76897
76897
76903
76905
76907
76908
76910
76910
76910
76916
76916
76916
76922
76923
76924
76925
76928
76929
76932
76933
76934
76936
76937
76940
76940
76944
76946
76948
76950
76950
76952
76952
76952
76957
76959
76960
76964
76966
76966
76970
76970
76971
76974
76976
76978
76980
76982
76983
76983
76985
76988
76989
76992
76992
76996
76998
76999
77001
77002
77004
77004
77009
77011
77011
77011
77011
77017
77017
77018
77022
77023
77024
77027
77029
77030
77033
77035
77037
77037
77038
77042
77045
77046
77048
77048
77049
77053
77053
77053
77059
77060
77062
77062
77063
77063
77065
77069
77069
77072
77077
77079
77079
77082
77082
77083
77087
77089
77092
77093
77095
77097
77098
77100
77102
77105
77105
77108
77109
77110
77112
77114
77115
77119
77119
77120
77120
77120
77122
77129
77130
77133
77135
77135
77137
77140
77142
77143
77144
77145
77149
77152
77152
77153
77157
77159
77161
77162
77163
77166
77167
77167
77172
77174
77174
77174
77179
77180
77181
77185
77185
77188
77188
77188
77194
77195
77198
77198
77198
77202
77203
77205
77209
77209
77212
77214
77214
77216
77219
77221
77222
77223
77225
77227
77231
77233
77233
77237
77238
77239
77239
77240
77243
77244
77244
77247
77253
77254
77255
77257
77260
77260
77261
77262
77263
77267
77271
77273
77273
77277
77278
77279
77280
77285
77286
77287
77289
77291
77292
77295
77296
77299
77300
77301
77303
77307
77309
77311
77311
77313
77316
77317
77319
77320
77320
77324
77324
77330
77330
77330
77331
77334
77336
77338
77340
77341
77341
77344
77345
77350
77354
77355
77355
77357
77357
77360
77364
77366
77366
77366
77367
77373
77377
77377
77380
77382
77384
77386
77387
77389
77389
77391
77393
77394
77394
77398
77399
77405
77407
77409
77410
77413
77413
77413
77413
77417
77421
77424
77425
77427
77428
77432
77434
77434
77438
77438
77439
77439
77444
77447
77447
77450
77451
77454
77455
77459
77459
77462
77463
77463
77465
77465
77469
77470
77474
77475
77477
77477
77479
77482
77486
77488
77490
77491
77492
77492
77492
77494
77500
77502
77507
77507
77507
77507
77510
77513
77518
77519
77522
77523
77523
77528
77528
77530
77534
77535
77537
77537
77539
77539
77541
77547
77549
77551
77552
77555
77555
77556
77558
77559
77561
77567
77567
77568
77570
77574
77575
77575
77580
77580
77584
77584
77585
77586
77590
77594
77596
77596
77598
77599
77599
77606
77607
77607
77607
77610
77613
77616
77616
77619
77622
77624
77625
77628
77629
77633
77634
77636
77637
77637
77640
77641
77645
77645
77647
77652
77653
77656
77658
77660
77660
77662
77662
77667
77668
77668
77669
77671
77677
77680
77681
77681
77681
77684
77689
77691
77692
77693
77696
77699
77700
77704
77705
77707
77710
77711
77713
77713
77716
77720
77721
77721
77722
77723
77724
77728
77729
77730
77733
77738
77738
77738
77738
77739
77749
77751
77752
77752
77752
77755
77757
77760
77765
77766
77768
77770
77773
77774
77774
77774
77779
77779
77782
77782
77784
77787
77787
77793
77798
77799
77801
77803
77803
77805
77805
77805
77812
77812
77814
77817
77817
77823
77824
77826
77830
77830
77834
77834
77835
77835
77840
77841
77842
77847
77850
77852
77852
77854
77857
77858
77860
77862
77865
77867
77867
77870
77874
77875
77876
77878
77881
77884
77885
77886
77887
77893
77894
77894
77898
77898
77903
77905
77907
77907
77907
77912
77912
77914
77917
77921
77923
77925
77925
77928
77930
77933
77935
77936
77936
77937
77938
77938
77943
77943
77945
77954
77955
77956
77959
77959
77964
77966
77966
77967
77968
77974
77977
77977
77980
77981
77981
77982
77986
77987
77992
77995
77996
77999
78002
78003
78005
78008
78009
78010
78011
78013
78013
78015
78015
78022
78023
78023
78030
78030
78035
78037
78038
78039
78042
78045
78046
78049
78049
78052
78054
78055
78058
78058
78061
78065
78068
78069
78069
78070
78074
78074
78075
78075
78078
78081
78087
78091
78092
78093
78096
78098
78099
78102
78105
78106
78110
78110
78114
78114
78114
78117
78117
78125
78127
78129
78129
78133
78134
78134
78134
78135
78138
78141
78141
78142
78143
78150
78150
78154
78156
78161
78164
78166
78168
78171
78172
78172
78174
78176
78179
78183
78185
78188
78190
78190
78190
78197
78198
78199
78203
78203
78206
78206
78208
78213
78214
78215
78217
78221
78224
78227
78229
78230
78233
78234
78236
78237
78242
78242
78242
78244
78246
78251
78254
78255
78255
78257
78260
78260
78265
78265
78268
78271
78271
78278
78280
78280
78283
78283
78285
78287
78288
78288
78292
78295
78296
78296
78304
78305
78306
78311
78311
78314
78316
78319
78319
78322
78325
78325
78328
78328
78333
78336
78337
78338
78339
78347
78347
78351
78352
78355
78357
78360
78362
78362
78367
78367
78371
78373
78373
78373
78380
78380
78383
78385
78386
78387
78390
78395
78395
78398
78401
78403
78406
78408
78408
78411
78411
78416
78419
78422
78422
78426
78428
78429
78431
78431
78431
78436
78440
78441
78444
78447
78449
78450
78451
78453
78456
78456
78457
78463
78463
78465
78470
78472
78474
78474
78478
78478
78479
78487
78488
78488
78488
78493
78494
78498
78499
78501
78504
78508
78511
78515
78517
78518
78519
78520
78523
78523
78525
78525
78534
78535
78536
78536
78536
78540
78541
78545
78545
78545
78547
78550
78555
78560
78564
78568
78570
78571
78574
78574
78579
78580
78580
78584
78585
78585
78587
78588
78588
78592
78593
78598
78600
78605
78611
78611
78611
78616
78619
78620
78621
78622
78628
78630
78631
78633
78635
78639
78641
78644
78645
78649
78650
78651
78655
78655
78659
78660
78663
78668
78668
78671
78673
78677
78677
78678
78680
78686
78687
78689
78689
78694
78697
78699
78700
78700
78700
78705
78710
78713
78714
78717
78718
78722
78725
78726
78727
78731
78731
78731
78731
78733
78734
78744
78747
78748
78752
78753
78757
78758
78759
78760
78761
78765
78768
78768
78769
78776
78776
78782
78782
78786
78787
78787
78790
78793
78795
78795
78796
78798
78807
78807
78812
78812
78814
78817
78819
78819
78821
78825
78825
78830
78831
78832
78835
78836
78845
78846
78846
78851
78853
78857
78857
78860
78862
78866
78868
78870
78872
78873
78874
78878
78880
78884
78886
78889
78892
78893
78894
78896
78901
78902
78902
78908
78908
78912
78915
78916
78919
78920
78923
78926
78929
78929
78931
78936
78938
78938
78939
78940
78948
78950
78952
78953
78956
78957
78959
78959
78967
78967
78970
78973
78976
78978
78980
78983
78985
78986
78987
78992
78995
78995
78998
79003
79004
79004
79005
79006
79013
79013
79019
79020
79024
79026
79029
79029
79032
79034
79037
79040
79043
79043
79045
79049
79053
79055
79057
79060
79063
79063
79066
79068
79072
79075
79076
79078
79079
79081
79086
79088
79089
79090
79091
79099
79101
79101
79104
79107
79107
79111
79113
79117
79117
79120
79121
79124
79130
79132
79135
79138
79139
79141
79142
79145
79147
79147
79149
79149
79159
79162
79164
79164
79168
79169
79170
79176
79179
79179
79183
79183
79187
79190
79190
79194
79197
79197
79198
79203
79204
79207
79208
79213
79217
79217
79221
79226
79228
79228
79230
79234
79238
79240
79241
79243
79247
79249
79251
79252
79257
79258
79258
79265
79268
79269
79272
79274
79274
79274
79274
79285
79287
79288
79291
79291
79296
79298
79301
79302
79302
79302
79306
79307
79313
79315
79316
79318
79327
79328
79331
79334
79334
79337
79340
79341
79346
79346
79349
79351
79351
79352
79353
79356
79367
79370
79371
79374
79375
79375
79382
79384
79386
79389
79390
79391
79394
79395
79401
79402
79404
79408
79411
79414
79417
79419
79419
79421
79422
79425
79425
79431
79437
79437
79438
79440
79445
79451
79453
79455
79457
79457
79461
79463
79463
79464
79468
79474
79474
79474
79480
79485
79485
79489
79489
79493
79493
79496
79503
79503
79506
79510
79513
79513
79516
79518
79519
79523
79526
79532
79532
79533
79534
79541
79541
79541
79545
79550
79551
79556
79560
79561
79561
79562
79564
79570
79575
79577
79581
79581
79586
79587
79587
79588
79589
79594
79594
79596
79597
79606
79612
79613
79615
79617
79622
79625
79625
79627
79632
79635
79636
79637
79642
79645
79647
79647
79652
79653
79653
79657
79657
79664
79670
79672
79673
79675
79676
79682
79682
79685
79685
79691
79692
79692
79693
79700
79706
79708
79709
79711
79713
79716
79720
79723
79725
79728
79730
79734
79738
79740
79743
79744
79746
79751
79751
79756
79757
79761
79763
79764
79764
79772
79775
79778
79778
79783
79784
79785
79785
79791
79793
79797
79801
79804
79806
79807
79807
79809
79810
79812
79816
79820
79821
79831
79832
79832
79837
79841
79841
79842
79844
79851
79851
79856
79857
79861
79863
79865
79867
79867
79867
79870
79877
79878
79882
79890
79892
79895
79898
79899
79903
79904
79906
79906
79908
79912
79913
79913
79914
79915
79916
79925
79926
79932
79936
79936
79941
79948
79950
79953
79955
79960
79963
79965
79965
79966
79967
79974
79976
79982
79983
79985
79989
79990
79994
79996
80000
80001
80003
80004
80012
80014
80018
80021
80022
80025
80029
80031
80034
80036
80036
80037
80040
80044
80045
80049
80054
80054
80060
80062
80066
80070
80072
80075
80078
80080
80082
80084
80089
80091
80095
80098
80099
80099
80100
80104
80109
80110
80117
80119
80123
80123
80125
80130
80132
80134
80138
80140
80144
80147
80150
80152
80154
80155
80161
80162
80163
80168
80171
80173
80175
80179
80182
80182
80186
80192
80195
80195
80199
80201
80203
80205
80212
80215
80216
80220
80220
80223
80223
80227
80229
80233
80239
80241
80244
80248
80249
80250
80257
80260
80261
80266
80268
80270
80273
80276
80280
80281
80281
80286
80286
80289
80294
80295
80299
80300
80309
80309
80314
80315
80318
80321
80326
80326
80331
80332
80332
80340
80342
80342
80346
80351
80352
80352
80356
80359
80365
80365
80371
80374
80374
80378
80379
80383
80386
80388
80392
80396
80396
80397
80403
80403
80412
80414
80414
80414
80421
80421
80426
80429
80434
80437
80441
80441
80441
80450
80451
80452
80459
80461
80463
80463
80466
80471
80475
80475
80478
80483
80486
80486
80492
80492
80494
80502
80504
80508
80508
80514
80515
80519
80521
80523
80526
80528
80529
80537
80539
80541
80546
80548
80551
80553
80555
80558
80559
80566
80567
80573
80575
80577
80578
80579
80580
80584
80590
80596
80597
80601
80603
80606
80606
80610
80612
80612
80615
80615
80628
80628
80635
80635
80638
80639
80642
80648
80651
80656
80656
80661
80661
80664
80664
80664
80673
80676
80679
80679
80680
80686
80690
80692
80698
80699
80702
80706
80707
80711
80718
80718
80721
80726
80731
80731
80732
80738
80740
80740
80746
80748
80751
80757
80759
80760
80763
80764
80765
80767
80779
80782
80784
80785
80786
80791
80791
80795
80795
80803
80806
80811
80816
80819
80819
80821
80826
80826
80833
80834
80834
80834
80844
80847
80849
80855
80859
80862
80862
80867
80871
80872
80874
80874
80881
80882
80886
80893
80895
80898
80900
80902
80903
80907
80910
80916
80920
80924
80925
80926
80932
80936
80936
80936
80945
80945
80946
80947
80955
80956
80959
80961
80965
80967
80972
80973
80974
80977
80982
80983
80990
80996
80997
80999
81008
81010
81012
81015
81018
81018
81020
81021
81028
81031
81038
81041
81045
81047
81047
81054
81058
81060
81063
81066
81068
81072
81074
81077
81078
81086
81087
81089
81089
81093
81096
81104
81105
81111
81111
81112
81121
81121
81121
81126
81131
81137
81138
81139
81144
81150
81153
81154
81157
81162
81163
81168
81173
81176
81177
81181
81182
81185
81185
81191
81196
81201
81203
81203
81204
81212
81214
81220
81221
81222
81226
81230
81234
81234
81236
81241
81243
81246
81247
81258
81263
81265
81266
81268
81272
81274
81278
81285
81286
81287
81288
81292
81300
81305
81308
81310
81314
81314
81318
81324
81326
81327
81333
81335
81337
81341
81344
81345
81348
81355
81359
81360
81363
81370
81374
81377
81379
81381
81384
81387
81389
81389
81389
81403
81404
81405
81409
81412
81412
81416
81420
81422
81427
81429
81434
81437
81445
81449
81450
81452
81456
81461
81464
81468
81473
81475
81477
81478
81478
81479
81480
81480
81494
81499
81502
81505
81506
81512
81515
81520
81521
81529
81530
81532
81537
81539
81546
81547
81549
81554
81555
81557
81558
81568
81568
81570
81570
81584
81585
81587
81590
81594
81599
81599
81599
81599
81612
81613
81619
81624
81625
81625
81634
81634
81641
81644
81644
81644
81654
81654
81655
81663
81663
81666
81673
81677
81679
81680
81685
81691
81695
81696
81697
81704
81706
81711
81711
81716
81718
81721
81726
81732
81736
81737
81740
81743
81751
81753
81753
81753
81763
81768
81769
81774
81775
81782
81783
81786
81786
81794
81799
81800
81804
81808
81810
81811
81819
81824
81827
81830
81831
81837
81838
81843
81843
81846
81853
81854
81861
81863
81867
81868
81868
81876
81880
81883
81883
81887
81897
81900
81904
81907
81911
81914
81918
81918
81918
81926
81931
81932
81932
81935
81937
81947
81951
81952
81953
81958
81965
81967
81974
81974
81974
81979
81983
81986
81986
81992
82001
82004
82010
82012
82014
82019
82019
82022
82029
82029
82034
82035
82045
82047
82051
82056
82057
82058
82064
82068
82068
82073
82077
82082
82086
82086
82091
82100
82100
82106
82110
82113
82118
82119
82123
82126
82128
82128
82133
82139
82141
82145
82151
82151
82161
82165
82165
82167
82176
82180
82184
82187
82188
82190
82195
82201
82205
82209
82213
82215
82216
82220
82223
82228
82230
82234
82240
82243
82247
82248
82248
82253
82253
82261
82263
82265
82274
82277
82277
82290
82290
82291
82300
82303
82309
82313
82316
82320
82320
82323
82327
82329
82330
82331
82343
82349
82353
82353
82360
82364
82368
82368
82374
82376
82380
82383
82386
82392
82393
82400
82401
82407
82409
82410
82410
82410
82420
82425
82428
82431
82442
82445
82450
82451
82453
82455
82461
82464
82472
82476
82480
82482
82483
82490
82492
82494
82503
82508
82511
82513
82515
82523
82525
82528
82533
82533
82537
82540
82548
82553
82558
82561
82564
82569
82571
82575
82579
82581
82585
82589
82589
82592
82604
82604
82608
82608
82619
82621
82621
82629
82629
82632
82636
82643
82648
82651
82652
82657
82663
82664
82670
82677
82678
82681
82688
82691
82695
82696
82700
82707
82711
82715
82718
82723
82726
82729
82731
82731
82731
82747
82751
82752
82754
82758
82765
82771
82773
82774
82775
82781
82787
82789
82789
82800
82804
82811
82812
82815
82823
82823
82827
82833
82835
82835
82841
82849
82850
82857
82858
82859
82869
82872
82875
82881
82885
82890
82890
82892
82901
82906
82909
82911
82911
82911
82914
82925
82927
82928
82931
82939
82942
82942
82958
82958
82964
82965
82968
82968
82973
82979
82979
82989
82998
83000
83002
83007
83015
83015
83015
83027
83028
83034
83038
83041
83045
83050
83053
83055
83058
83065
83068
83075
83078
83084
83085
83090
83095
83100
83101
83103
83110
83113
83113
83113
83114
83130
83138
83138
83141
83148
83149
83157
83159
83163
83164
83165
83166
83166
83172
83186
83189
83197
83201
83201
83212
83215
83218
83219
83225
83232
83233
83238
83244
83249
83253
83256
83256
83259
83264
83274
83278
83280
83281
83281
83284
83297
83301
83307
83309
83310
83319
83324
83328
83330
83331
83332
83338
83339
83351
83358
83361
83361
83362
83373
83379
83383
83385
83392
83394
83397
83403
83404
83413
83417
83417
83421
83426
83426
83427
83429
83431
83433
83446
83446
83450
83451
83460
83469
83475
83476
83482
83491
83492
83502
83503
83512
83512
83516
83517
83524
83532
83536
83541
83542
83548
83552
83554
83560
83566
83566
83572
83577
83585
83588
83589
83600
83603
83605
83612
83617
83620
83623
83624
83633
83638
83638
83639
83651
83655
83656
83662
83665
83674
83676
83679
83685
83692
83695
83697
83701
83708
83708
83714
83722
83724
83729
83736
83740
83743
83747
83750
83758
83758
83761
83767
83773
83779
83783
83783
83794
83795
83800
83804
83806
83816
83816
83820
83823
83824
83828
83837
83846
83852
83855
83857
83858
83859
83864
83876
83878
83883
83885
83885
83888
83894
83901
83905
83912
83921
83925
83930
83936
83937
83937
83943
83956
83957
83957
83959
83975
83977
83978
83983
83990
83990
83998
84000
84002
84005
84006
84017
84028
84028
84037
84040
84040
84044
84044
84056
84056
84059
84064
84071
84072
84085
84089
84095
84102
84104
84112
84115
84122
84124
84127
84135
84137
84142
84147
84151
84151
84162
84164
84168
84178
84180
84181
84188
84194
84199
84199
84209
84211
84218
84219
84229
84230
84238
84240
84243
84252
84253
84255
84256
84269
84269
84272
84275
84288
84288
84301
84304
84311
84313
84315
84325
84325
84330
84333
84340
84347
84349
84357
84360
84364
84371
84375
84381
84386
84389
84393
84401
84401
84407
84416
84419
84425
84430
84432
84438
84443
84444
84455
84457
84461
84467
84469
84470
84473
84484
84485
84494
84500
84500
84507
84516
84516
84519
84526
84528
84535
84535
84548
84553
84555
84563
84564
84576
84579
84580
84582
84595
84599
84602
84604
84604
84607
84613
84627
84627
84641
84645
84649
84650
84660
84661
84666
84672
84673
84685
84685
84686
84697
84703
84710
84714
84716
84719
84726
84726
84739
84746
84747
84750
84755
84755
84770
84774
84778
84780
84789
84795
84799
84800
84805
84811
84813
84825
84827
84835
84838
84839
84839
84852
84853
84860
84862
84877
84880
84884
84887
84891
84898
84904
84907
84907
84922
84923
84927
84936
84938
84941
84944
84954
84955
84956
84962
84962
84962
84966
84970
84972
84986
85001
85009
85017
85017
85021
85034
85036
85043
85043
85048
85057
85065
85065
85075
85078
85078
85090
85096
85104
85106
85112
85117
85120
85123
85133
85141
85144
85144
85146
85158
85161
85167
85174
85182
85183
85194
85194
85201
85204
85207
85211
85212
85215
85227
85236
85236
85244
85250
85259
85259
85267
85274
85274
85280
85295
85297
85306
85308
85308
85318
85320
85331
85337
85341
85343
85345
85350
85362
85365
85371
85372
85372
85378
85393
85399
85404
85411
85414
85414
85423
85427
85427
85445
85445
85448
85462
85469
85471
85476
85479
85486
85490
85498
85499
85510
85515
85516
85519
85525
85538
85545
85547
85554
85555
85564
85564
85566
85584
85585
85585
85598
85599
85606
85611
85614
85617
85629
85632
85639
85648
85653
85653
85661
85673
85678
85683
85683
85692
85692
85704
85711
85718
85722
85729
85732
85735
85743
85743
85750
85753
85768
85768
85774
85783
85784
85794
85795
85799
85814
85817
85823
85830
85832
85832
85839
85843
85858
85863
85868
85870
85874
85879
85892
85895
85903
85911
85912
85918
85928
85933
85941
85946
85948
85956
85962
85966
85972
85981
85984
85990
85992
85994
85998
86014
86015
86018
86018
86039
86044
86051
86056
86062
86068
86068
86075
86086
86086
86096
86101
86104
86108
86122
86128
86130
86137
86146
86147
86153
86156
86167
86170
86175
86182
86183
86194
86196
86201
86209
86217
86225
86235
86236
86242
86248
86258
86265
86268
86269
86279
86280
86283
86291
86307
86307
86309
86311
86311
86323
86329
86342
86342
86350
86361
86373
86380
86386
86390
86393
86400
86409
86415
86415
86417
86425
86429
86433
86437
86458
86463
86467
86473
86478
86489
86496
86501
86509
86510
86518
86522
86534
86540
86546
86550
86550
86558
86570
86574
86576
86583
86583
86585
86589
86609
86621
86627
86629
86637
86643
86651
86656
86658
86668
86668
86673
86673
86694
86699
86699
86710
86713
86727
86729
86737
86738
86747
86756
86761
86770
86772
86783
86789
86795
86796
86805
86810
86820
86828
86828
86838
86841
86850
86856
86859
86870
86881
86887
86894
86896
86902
86909
86912
86921
86925
86935
86945
86950
86956
86959
86970
86972
86972
86983
86993
87003
87005
87015
87018
87028
87028
87034
87049
87055
87059
87067
87074
87076
87080
87090
87102
87105
87111
87115
87124
87131
87141
87143
87151
87158
87164
87164
87171
87174
87194
87198
87202
87206
87218
87223
87224
87234
87246
87254
87258
87267
87273
87276
87288
87293
87296
87299
87304
87313
87316
87323
87336
87339
87343
87352
87356
87374
87374
87388
87388
87403
87413
87418
87418
87425
87437
87440
87441
87449
87465
87467
87480
87483
87492
87495
87497
87504
87519
87522
87534
87535
87551
87551
87559
87567
87567
87583
87590
87592
87607
87612
87620
87625
87625
87628
87630
87637
87646
87668
87670
87677
87688
87694
87699
87702
87713
87716
87728
87731
87747
87753
87762
87764
87774
87782
87782
87792
87797
87808
87811
87811
87822
87827
87840
87841
87841
87842
87851
87858
87882
87897
87904
87905
87912
87921
87922
87935
87941
87943
87960
87965
87976
87983
87993
88000
88002
88014
88018
88019
88029
88041
88046
88054
88065
88071
88076
88079
88081
88101
88103
88108
88116
88117
88137
88147
88152
88155
88155
88174
88183
88186
88198
88202
88214
88216
88221
88228
88245
88246
88258
88264
88267
88269
88284
88296
88297
88306
88308
88316
88329
88331
88338
88340
88345
88371
88382
88388
88396
88402
88408
88414
88420
88430
88441
88447
88450
88451
88453
88471
88478
88486
88489
88502
88508
88516
88530
88538
88539
88543
88559
88565
88565
88590
88592
88599
88605
88622
88625
88627
88637
88638
88650
88669
88675
88675
88686
88689
88705
88710
88711
88725
88738
88746
88750
88759
88760
88761
88770
88770
88792
88809
88811
88822
88832
88840
88848
88851
88858
88866
88882
88891
88894
88899
88906
88924
88929
88940
88942
88949
88960
88972
88977
88982
88985
89001
89011
89013
89014
89018
89031
89044
89044
89071
89076
89078
89082
89101
89110
89115
89122
89129
89139
89154
89155
89160
89170
89173
89187
89203
89208
89213
89227
89237
89237
89243
89247
89247
89272
89276
89278
89303
89305
89312
89328
89329
89332
89344
89362
89364
89370
89390
89395
89405
89414
89420
89422
89438
89446
89446
89453
89456
89460
89474
89491
89509
89511
89515
89515
89525
89534
89560
89562
89568
89568
89586
89605
89609
89611
89628
89630
89647
89656
89665
89667
89677
89688
89692
89709
89715
89726
89728
89738
89739
89742
89755
89770
89785
89791
89801
89810
89824
89827
89841
89841
89855
89855
89879
89879
89885
89888
89910
89912
89921
89940
89940
89959
89967
89970
89975
89977
89995
89997
90025
90029
90035
90046
90056
90061
90067
90069
90097
90105
90109
90124
90130
90144
90148
90163
90166
90176
90177
90180
90209
90217
90228
90231
90235
90254
90254
90260
90281
90288
90289
90308
90317
90318
90324
90343
90349
90352
90369
90375
90396
90405
90407
90426
90431
90444
90450
90459
90470
90477
90487
90497
90505
90510
90528
90540
90548
90560
90568
90569
90575
90594
90597
90599
90624
90634
90639
90644
90660
90663
90684
90693
90705
90705
90714
90729
90736
90744
90751
90755
90773
90794
90805
90808
90810
90825
90827
90830
90849
90849
90883
90892
90896
90908
90925
90928
90938
90938
90943
90954
90959
90978
90979
90985
91011
91011
91018
91025
91040
91049
91053
91079
91090
91111
91117
91128
91142
91150
91168
91177
91189
91189
91195
91208
91216
91229
91246
91252
91261
91262
91269
91302
91309
91322
91326
91331
91356
91367
91370
91375
91386
91403
91414
91427
91440
91446
91448
91468
91480
91486
91502
91513
91524
91535
91536
91540
91564
91571
91584
91595
91600
91605
91626
91636
91649
91657
91670
91682
91698
91699
91708
91712
91738
91749
91751
91762
91785
91792
91808
91808
91824
91836
91843
91846
91866
91880
91891
91895
91907
91925
91930
91952
91962
91974
91974
91989
91990
91994
92012
92035
92051
92055
92068
92072
92089
92108
92110
92117
92130
92130
92149
92167
92167
92199
92203
92214
92233
92237
92255
92261
92280
92292
92304
92313
92321
92332
92350
92350
92358
92370
92382
92408
92416
92419
92421
92436
92454
92468
92484
92497
92504
92517
92535
92545
92552
92553
92560
92593
92593
92620
92628
92629
92643
92669
92678
92680
92702
92714
92717
92725
92749
92763
92778
92779
92787
92793
92797
92823
92834
92851
92874
92878
92895
92906
92910
92927
92940
92941
92960
92970
92976
93007
93008
93028
93043
93048
93073
93080
93093
93094
93111
93125
93134
93162
93166
93186
93199
93204
93217
93228
93232
93257
93259
93288
93299
93315
93327
93339
93352
93364
93378
93381
93386
93386
93404
93432
93436
93443
93449
93484
93500
93521
93536
93541
93554
93569
93572
93591
93606
93610
93637
93648
93659
93663
93688
93693
93716
93729
93739
93749
93774
93782
93797
93800
93824
93832
93834
93854
93878
93895
93900
93902
93935
93936
93941
93953
93990
93998
94006
94027
94028
94034
94063
94079
94084
94110
94128
94131
94153
94161
94172
94190
94196
94206
94231
94240
94266
94267
94279
94287
94322
94340
94340
94349
94365
94386
94404
94419
94436
94452
94468
94482
94483
94509
94518
94518
94541
94559
94580
94592
94607
94626
94629
94640
94642
94666
94683
94691
94726
94726
94744
94750
94782
94787
94792
94802
94848
94852
94878
94883
94892
94896
94910
94934
94966
94981
94981
95004
95022
95031
95054
95066
95080
95100
95120
95130
95133
95154
95170
95179
95181
95223
95234
95245
95266
95268
95306
95309
95314
95350
95368
95380
95397
95404
95415
95436
95446
95468
95483
95493
95511
95527
95540
95574
95576
95581
95622
95631
95638
95667
95681
95694
95705
95714
95731
95743
95746
95775
95805
95806
95840
95842
95875
95883
95893
95903
95913
95951
95967
95969
95972
96030
96035
96046
96065
96073
96106
96106
96110
96117
96150
96191
96194
96226
96242
96247
96283
96289
96314
96328
96345
96346
96378
96404
96408
96429
96454
96474
96485
96493
96510
96534
96552
96558
96569
96577
96583
96639
96651
96672
96674
96677
96685
96690
96698
96756
96765
96810
96835
96858
96859
96866
96904
96932
96936
96949
96965
96985
96991
97043
97050
97064
97101
97103
97103
97157
97166
97184
97213
97232
97233
97242
97263
97287
97293
97344
97351
97351
97367
97384
97409
97427
97465
97479
97498
97514
97534
97542
97549
97569
97570
97638
97669
97674
97695
97719
97739
97747
97783
97795
97810
97845
97862
97871
97877
97917
97941
97955
97962
97970
98001
98024
98034
98065
98090
98100
98123
98131
98176
98186
98214
98246
98259
98289
98301
98304
98313
98362
98374
98376
98400
98422
98465
98498
98518
98523
98528
98542
98548
98591
98636
98637
98637
98674
98721
98733
98752
98761
98763
98811
98833
98837
98878
98922
98937
98943
98944
98965
99036
99055
99065
99101
99111
99139
99167
99189
99200
99216
99240
99279
99280
99280
99346
99359
99370
99391
99396
99412
99463
99488
99519
99532
99535
99597
99614
99614
99619
99677
99709
99722
99749
99751
99753
99797
99834
99840
99873
99903
99934
99949
99992
100024
100044
100045
100078
100111
100142
100145
100159
100166
100221
100229
100286
100288
100303
100307
100313
100320
100332
100374
100424
100481
100503
100504
100546
100578
100605
100634
100666
100689
100718
100769
100773
100815
100823
100856
100862
100870
100937
100948
100975
100975
101017
101023
101084
101132
101159
101170
101171
101236
101241
101254
101257
101322
101342
101388
101395
101442
101462
101482
101519
101556
101593
101609
101626
101656
101672
101679
101759
101765
101796
101839
101846
101883
101885
101897
101946
101948
102044
102053
102101
102104
102127
102165
102205
102219
102255
102261
102300
102329
102369
102403
102443
102449
102458
102464
102524
102539
102602
102622
102668
102699
102708
102713
102790
102794
102854
102861
102889
102892
102970
102992
103018
103071
103106
103117
103167
103216
103239
103279
103302
103338
103361
103402
103427
103463
103493
103503
103511
103572
103600
103653
103675
103723
103763
103784
103796
103863
103884
103929
103947
103978
104029
104065
104067
104102
104113
104141
104181
104192
104256
104273
104333
104386
104406
104438
104496
104505
104542
104564
104638
104640
104689
104725
104791
104812
104815
104867
104871
104959
105008
105013
105082
105089
105128
105164
105207
105242
105298
105343
105380
105419
105451
105501
105526
105554
105611
105640
105691
105702
105740
105774
105811
105856
105927
105946
106001
106027
106034
106086
106090
106094
106185
106265
106285
106368
106380
106446
106476
106481
106511
106542
106621
106657
106742
106760
106762
106772
106903
106909
106954
107033
107058
107075
107148
107192
107212
107274
107339
107387
107413
107423
107495
107495
107541
107594
107624
107683
107768
107830
107843
107907
107925
107968
108001
108023
108052
108144
108226
108297
108344
108345
108350
108468
108543
108583
108637
108663
108703
108725
108829
108872
108902
108955
109009
109078
109086
109104
109139
109178
109261
109262
109373
109451
109496
109566
109597
109693
109747
109760
109764
109903
109940
110015
110064
110110
110127
110213
110249
110254
110342
110381
110416
110452
110574
110685
110702
110740
110789
110824
110861
110910
110990
111127
111207
111252
111290
111326
111420
111456
111542
111621
111630
111748
111815
111862
111916
112002
112052
112069
112126
112167
112211
112241
112431
112439
112473
112575
112640
112684
112826
112856
112942
113034
113078
113078
113089
113132
113292
113317
113421
113536
113625
113635
113722
113737
113944
113953
113954
114155
114181
114269
114339
114391
114397
114574
114640
114731
114777
114882
114984
114990
115052
115105
115280
115364
115370
115385
115494
115668
115730
115814
115928
115990
116086
116144
116145
116240
116274
116355
116627
116662
116737
116756
116772
116967
117094
117194
117278
117289
117409
117590
117637
117683
117727
117980
118065
118178
118211
118284
118304
118429
118436
118748
118821
118923
118970
119154
119201
119343
119382
119437
119448
119727
119759
119806
119931
120131
120175
120430
120548
120682
120730
120899
120965
120999
121108
121167
121273
121466
121612
121651
121762
121770
122137
122352
122471
122510
122597
122645
122769
122810
123178
123250
123450
123487
123690
123854
123892
124014
124133
124271
124642
124780
124816
125084
125135
125273
125433
125435
125490
125517
125629
125834
126508
126562
126793
126861
127044
127119
127329
127517
127729
127934
127974
128212
128344
128403
128767
128939
129139
129382
129507
129864
130127
130230
130397
130695
130844
131100
131309
131362
131600
131759
132022
132438
132439
132524
132736
133090
133670
133687
133757
133937
134286
134878
134914
135015
135286
135349
136187
136269
136428
137087
137320
137435
137565
138371
138730
138763
139144
139711
139893
140383
140733
140987
141364
141855
142244
142260
143054
143383
143703
143967
144676
144953
145048
145163
145465
146387
146631
148042
148486
148510
149207
149767
150477
150963
151955
152284
153123
153381
153960
153981
154068
154569
156530
156906
157551
158595
160400
160753
160996
163928
164963
165913
166172
166892
167556
167819
172847
173606
174476
176076
177968
180118
181171
182493
187708
187856
193779
196545
197299
201038
205269
213942
218465
219970
231099
234517
259867
310831
492867
