6433 948622832
136948
136970
136972
136973
136979
136995
137002
137011
137012
137034
137058
137066
137087
137094
137094
137104
137120
137132
137154
137154
137176
137197
137202
137225
137226
137242
137258
137277
137296
137301
137306
137310
137332
137352
137365
137365
137384
137386
137409
137421
137440
137454
137475
137489
137506
137529
137543
137548
137563
137571
137586
137595
137614
137638
137661
137682
137695
137708
137717
137722
137723
137739
137749
137765
137773
137796
137796
137816
137828
137842
137852
137859
137867
137883
137902
137919
137929
137932
137938
137955
137970
137986
137994
138010
138013
138031
138054
138056
138066
138082
138106
138115
138126
138148
138160
138167
138188
138203
138211
138232
138247
138253
138258
138278
138296
138315
138326
138344
138350
138373
138384
138406
138408
138410
138411
138429
138447
138447
138454
138457
138465
138476
138494
138501
138521
138530
138548
138564
138588
138596
138613
138615
138634
138651
138654
138667
138690
138706
138724
138724
138740
138748
138758
138763
138780
138792
138811
138828
138842
138850
138871
138877
138886
138899
138923
138936
138942
138947
138947
138957
138972
138974
138987
138996
138998
139009
139013
139028
139038
139055
139063
139079
139096
139112
139121
139141
139142
139154
139177
139193
139214
139228
139230
139250
139269
139275
139286
139309
139319
139332
139332
139340
139351
139373
139378
139399
139411
139417
139441
139451
139465
139478
139499
139510
139520
139530
139553
139565
139589
139603
139612
139627
139638
139646
139659
139670
139676
139681
139697
139710
139729
139739
139740
139751
139751
139762
139762
139775
139775
139797
139819
139831
139850
139853
139876
139891
139896
139902
139909
139927
139933
139933
139947
139968
139983
140007
140017
140038
140040
140050
140064
140068
140074
140088
140097
140106
140110
140127
140136
140136
140137
140150
140164
140178
140197
140212
140221
140235
140242
140251
140273
140279
140281
140291
140312
140318
140330
140347
140364
140377
140381
140386
140389
140403
140410
140424
140431
140434
140453
140466
140469
140472
140481
140494
140495
140510
140523
140545
140569
140588
140590
140594
140618
140637
140657
140666
140686
140697
140700
140701
140712
140713
140721
140743
140764
140774
140790
140804
140804
140824
140830
140854
140868
140876
140876
140894
140908
140918
140940
140954
140962
140966
140973
140975
140975
140995
141013
141035
141044
141045
141060
141062
141085
141105
141113
141114
141120
141133
141147
141151
141169
141182
141196
141207
141223
141234
141240
141260
141260
141280
141286
141302
141318
141343
141365
141384
141385
141406
141418
141422
141447
141472
141484
141498
141518
141540
141564
141584
141609
141633
141649
141673
141686
141695
141718
141730
141749
141774
141791
141795
141816
141840
141861
141866
141880
141905
141920
141939
141958
141979
141992
142007
142011
142016
142022
142036
142037
142058
142058
142073
142098
142110
142127
142134
142146
142152
142165
142183
142202
142204
142227
142240
142260
142282
142286
142309
142329
142338
142340
142350
142357
142371
142377
142395
142418
142443
142460
142471
142480
142487
142488
142503
142517
142529
142554
142574
142596
142610
142635
142654
142675
142697
142721
142734
142759
142776
142783
142799
142801
142809
142824
142843
142854
142857
142873
142898
142918
142929
142938
142942
142965
142971
142995
143019
143041
143045
143051
143053
143077
143089
143095
143119
143136
143136
143151
143171
143171
143195
143208
143218
143242
143251
143258
143276
143289
143312
143335
143344
143355
143366
143381
143400
143408
143410
143415
143431
143449
143471
143474
143476
143478
143489
143505
143514
143531
143540
143552
143567
143580
143583
143584
143585
143588
143601
143619
143623
143647
143651
143655
143677
143688
143698
143701
143706
143712
143733
143756
143761
143779
143789
143789
143796
143803
143819
143831
143849
143865
143884
143903
143928
143938
143949
143973
143978
143991
144000
144003
144026
144030
144040
144052
144071
144089
144089
144094
144098
144121
144135
144145
144146
144168
144193
144202
144202
144214
144223
144241
144251
144261
144263
144271
144279
144300
144304
144321
144346
144358
144363
144378
144380
144393
144395
144414
144419
144425
144440
144448
144460
144480
144484
144487
144496
144500
144518
144524
144541
144544
144558
144562
144569
144570
144581
144602
144614
144630
144648
144668
144687
144692
144714
144715
144730
144755
144756
144758
144770
144785
144797
144802
144814
144828
144830
144854
144869
144882
144899
144922
144928
144941
144941
144945
144969
144989
144991
145008
145012
145023
145038
145040
145044
145046
145068
145076
145080
145088
145109
145134
145138
145152
145168
145168
145192
145200
145218
145239
145239
145252
145258
145274
145280
145287
145287
145307
145324
145343
145348
145350
145367
145388
145403
145410
145415
145428
145429
145441
145461
145461
145470
145478
145487
145492
145501
145515
145539
145546
145546
145561
145586
145588
145595
145619
145639
145660
145676
145693
145701
145723
145730
145740
145754
145760
145770
145787
145787
145811
145813
145819
145840
145853
145857
145871
145892
145902
145917
145918
145921
145940
145962
145964
145974
145975
145998
146007
146018
146036
146036
146059
146072
146076
146089
146108
146119
146127
146145
146165
146175
146187
146209
146217
146242
146259
146263
146263
146282
146307
146323
146340
146357
146374
146382
146400
146419
146442
146467
146492
146513
146523
146538
146551
146552
146567
146580
146591
146616
146618
146626
146651
146674
146677
146681
146700
146721
146742
146752
146763
146788
146797
146816
146821
146844
146850
146866
146871
146879
146892
146902
146923
146927
146933
146935
146951
146969
146976
146985
147008
147021
147033
147039
147467
148279
148314
148400
148447
148448
148450
148462
148467
148473
148477
148478
148479
148479
148491
148492
148496
148500
148502
148505
148505
148511
148513
148515
148518
148521
148522
148524
148530
148533
148535
148536
148536
148539
148544
148546
148552
148553
148554
148556
148559
148565
148565
148569
148570
148573
148574
148577
148580
148583
148585
148588
148596
148596
148596
148600
148603
148608
148608
148609
148611
148613
148620
148620
148623
148626
148628
148637
148640
148640
148643
148644
148650
148652
148655
148657
148662
148665
148668
148668
148669
148676
148678
148680
148681
148686
148688
148691
148695
148695
148695
148699
148701
148701
148706
148711
148712
148716
148723
148724
148727
148731
148733
148734
148734
148742
148744
148747
148749
148749
148751
148753
148759
148762
148766
148770
148773
148776
148776
148780
148781
148783
148786
148786
148794
148796
148799
148803
148804
148807
148807
148808
148816
148818
148823
148824
148824
148829
148833
148837
148837
148840
148846
148848
148851
148852
148853
148857
148863
148865
148869
148870
148870
148877
148880
148882
148885
148886
148888
148890
148896
148897
148900
148901
148904
148904
148914
148916
148918
148919
148921
148924
148925
148928
148929
148929
148937
148942
148944
148945
148953
148953
148954
148954
148959
148966
148967
148969
148972
148972
148974
148982
148986
148990
148992
148994
148995
148995
148999
148999
149005
149012
149016
149018
149021
149023
149026
149027
149032
149032
149038
149041
149042
149042
149047
149052
149053
149055
149059
149062
149067
149067
149068
149072
149077
149080
149082
149086
149086
149092
149093
149098
149098
149100
149105
149105
149110
149113
149114
149121
149121
149125
149126
149127
149135
149139
149140
149143
149144
149146
149150
149150
149157
149157
149157
149166
149167
149172
149174
149174
149174
149176
149177
149182
149188
149191
149198
149200
149200
149200
149211
149212
149215
149217
149220
149224
149226
149230
149234
149236
149236
149242
149244
149244
149248
149250
149255
149255
149262
149265
149268
149271
149274
149276
149277
149282
149283
149286
149289
149289
149294
149300
149303
149303
149308
149310
149310
149310
149320
149323
149326
149326
149327
149335
149336
149341
149341
149341
149345
149347
149350
149353
149358
149361
149362
149366
149370
149374
149379
149379
149379
149380
149391
149394
149397
149399
149400
149403
149405
149409
149411
149416
149420
149420
149420
149424
149429
149434
149434
149437
149437
149439
149445
149453
149454
149456
149460
149462
149467
149468
149469
149470
149470
149472
149474
149486
149486
149493
149496
149498
149498
149501
149508
149511
149512
149515
149515
149516
149526
149529
149530
149534
149534
149534
149534
149547
149549
149553
149555
149558
149559
149562
149562
149571
149573
149575
149577
149580
149584
149587
149591
149593
149597
149598
149604
149604
149609
149611
149616
149617
149618
149619
149620
149626
149631
149635
149640
149642
149644
149647
149647
149651
149657
149661
149663
149664
149669
149669
149675
149676
149677
149679
149684
149688
149690
149694
149700
149702
149705
149706
149710
149714
149717
149717
149719
149724
149730
149733
149735
149735
149735
149745
149747
149751
149752
149754
149754
149756
149760
149760
149769
149773
149773
149776
149781
149785
149787
149788
149791
149792
149796
149800
149806
149807
149811
149814
149816
149820
149821
149822
149832
149835
149837
149839
149844
149846
149846
149847
149851
149853
149858
149863
149869
149869
149872
149872
149882
149884
149886
149889
149890
149893
149893
149896
149901
149906
149908
149912
149917
149920
149923
149926
149928
149933
149934
149936
149937
149937
149946
149947
149948
149949
149954
149954
149954
149969
149969
149971
149978
149981
149984
149987
149989
149993
149996
150000
150001
150001
150006
150008
150015
150017
150017
150024
150024
150031
150031
150031
150033
150033
150043
150045
150048
150053
150057
150063
150064
150067
150067
150074
150077
150080
150084
150084
150090
150092
150096
150096
150098
150103
150104
150104
150111
150111
150117
150119
150128
150129
150133
150138
150138
150140
150142
150146
150149
150152
150157
150157
150160
150165
150166
150166
150174
150181
150181
150185
150187
150193
150197
150197
150201
150204
150205
150208
150211
150219
150221
150222
150226
150229
150231
150236
150237
150239
150242
150250
150251
150255
150257
150263
150266
150267
150271
150272
150276
150280
150282
150288
150291
150293
150297
150300
150302
150303
150310
150311
150316
150319
150322
150325
150327
150327
150328
150328
150339
150344
150346
150347
150354
150355
150356
150363
150364
150368
150373
150375
150377
150382
150382
150388
150392
150396
150398
150402
150402
150404
150405
150407
150416
150416
150420
150426
150430
150433
150433
150435
150436
150436
150447
150450
150456
150459
150460
150462
150466
150470
150470
150474
150476
150485
150487
150491
150493
150493
150497
150501
150505
150507
150510
150513
150518
150520
150524
150527
150532
150535
150539
150543
150545
150547
150547
150554
150556
150559
150561
150566
150569
150571
150574
150574
150574
150583
150589
150594
150594
150600
150603
150603
150608
150609
150614
150617
150622
150624
150629
150629
150631
150639
150642
150644
150649
150649
150655
150655
150657
150657
150657
150658
150665
150666
150671
150682
150683
150686
150694
150696
150700
150700
150703
150711
150712
150714
150719
150721
150721
150725
150731
150732
150740
150743
150743
150750
150753
150756
150759
150759
150766
150766
150770
150772
150778
150782
150786
150788
150789
150789
150791
150797
150806
150806
150807
150810
150812
150821
150825
150825
150829
150829
150837
150838
150845
150846
150846
150848
150853
150856
150857
150864
150869
150869
150870
150879
150885
150886
150887
150893
150896
150897
150903
150903
150907
150912
150913
150921
150924
150927
150930
150933
150934
150940
150943
150944
150944
150949
150956
150958
150958
150962
150966
150969
150971
150973
150976
150979
150980
150984
150992
150992
151004
151006
151006
151008
151011
151014
151021
151024
151025
151034
151036
151040
151043
151047
151049
151051
151052
151061
151063
151065
151067
151073
151074
151079
151081
151084
151091
151092
151097
151099
151100
151104
151109
151115
151115
151115
151124
151127
151131
151131
151131
151131
151134
151146
151151
151153
151158
151158
151165
151165
151168
151175
151176
151181
151182
151185
151189
151194
151194
151199
151205
151206
151208
151216
151218
151222
151224
151227
151228
151232
151238
151242
151242
151245
151253
151253
151256
151262
151262
151265
151265
151276
151278
151280
151280
151289
151293
151294
151300
151305
151306
151310
151310
151312
151316
151318
151322
151331
151333
151333
151340
151345
151347
151351
151353
151355
151356
151362
151365
151367
151371
151376
151376
151382
151384
151390
151397
151398
151400
151400
151401
151404
151414
151415
151423
151428
151430
151432
151436
151437
151445
151447
151450
151453
151459
151462
151464
151468
151471
151473
151479
151481
151485
151488
151494
151497
151500
151504
151505
151507
151511
151511
151513
151520
151528
151530
151535
151538
151539
151540
151549
151551
151554
151560
151563
151564
151565
151570
151575
151577
151584
151585
151590
151592
151598
151598
151603
151604
151611
151612
151612
151612
151619
151626
151633
151635
151638
151639
151639
151643
151649
151652
151657
151664
151666
151670
151671
151675
151677
151683
151683
151690
151693
151695
151697
151699
151707
151707
151716
151720
151723
151726
151727
151727
151733
151738
151742
151749
151749
151756
151759
151762
151766
151770
151771
151774
151779
151779
151783
151791
151795
151796
151798
151799
151800
151803
151804
151813
151820
151825
151825
151829
151835
151835
151842
151845
151847
151851
151855
151862
151862
151867
151873
151877
151880
151884
151887
151891
151892
151898
151901
151901
151905
151909
151910
151918
151921
151921
151926
151929
151933
151939
151944
151946
151948
151950
151955
151960
151963
151967
151974
151976
151980
151983
151985
151990
151995
151998
152001
152005
152009
152009
152012
152014
152019
152021
152024
152031
152035
152038
152041
152048
152051
152054
152056
152061
152064
152066
152074
152075
152079
152083
152085
152090
152097
152098
152099
152106
152108
152115
152118
152118
152122
152123
152131
152131
152136
152143
152143
152145
152146
152158
152161
152161
152162
152170
152170
152175
152182
152184
152185
152191
152195
152198
152204
152207
152212
152215
152217
152218
152223
152232
152233
152236
152241
152242
152247
152247
152256
152257
152263
152263
152265
152273
152277
152282
152286
152288
152294
152296
152301
152302
152309
152313
152313
152319
152322
152323
152328
152330
152332
152342
152345
152348
152353
152353
152353
152362
152366
152370
152370
152376
152381
152382
152382
152391
152394
152397
152404
152405
152406
152414
152418
152423
152427
152431
152435
152438
152439
152446
152448
152450
152457
152461
152464
152465
152467
152472
152477
152481
152483
152488
152494
152497
152497
152497
152499
152510
152510
152518
152521
152524
152531
152534
152534
152538
152546
152546
152549
152553
152562
152562
152569
152574
152575
152579
152583
152587
152591
152595
152600
152602
152603
152605
152605
152605
152612
152612
152627
152633
152633
152635
152645
152648
152648
152649
152649
152661
152663
152666
152670
152676
152681
152686
152687
152688
152691
152696
152703
152703
152703
152711
152714
152720
152726
152732
152736
152736
152741
152744
152750
152753
152753
152753
152754
152755
152767
152775
152775
152777
152790
152791
152796
152800
152802
152805
152810
152817
152820
152824
152825
152829
152831
152835
152843
152843
152843
152848
152856
152860
152865
152868
152874
152875
152877
152886
152889
152891
152894
152901
152904
152909
152913
152913
152913
152924
152927
152927
152929
152933
152942
152944
152944
152944
152950
152959
152960
152969
152969
152974
152981
152983
152987
152989
152991
153000
153005
153006
153013
153015
153017
153024
153026
153027
153032
153035
153035
153049
153050
153050
153051
153057
153063
153070
153071
153071
153083
153086
153090
153096
153096
153101
153103
153104
153109
153113
153117
153119
153126
153126
153132
153141
153141
153142
153145
153150
153162
153164
153167
153167
153172
153179
153184
153190
153191
153197
153200
153204
153206
153211
153215
153218
153223
153227
153229
153234
153240
153244
153245
153253
153253
153254
153257
153265
153273
153277
153281
153281
153281
153285
153286
153293
153303
153305
153309
153309
153318
153321
153324
153329
153331
153341
153344
153345
153351
153356
153357
153362
153364
153373
153373
153378
153381
153385
153385
153392
153401
153402
153402
153413
153417
153417
153421
153423
153426
153428
153433
153435
153444
153452
153453
153456
153463
153466
153467
153475
153480
153483
153487
153491
153493
153498
153504
153504
153510
153513
153522
153524
153526
153533
153538
153538
153538
153544
153555
153558
153560
153561
153570
153573
153576
153579
153579
153587
153594
153596
153599
153605
153606
153611
153619
153620
153626
153626
153627
153633
153640
153648
153652
153656
153659
153664
153665
153671
153671
153676
153679
153685
153692
153697
153697
153697
153697
153710
153715
153716
153721
153726
153727
153732
153740
153742
153745
153750
153759
153762
153765
153771
153771
153772
153780
153788
153790
153794
153795
153802
153803
153806
153806
153813
153816
153816
153823
153830
153833
153841
153842
153844
153848
153857
153866
153868
153875
153877
153880
153887
153888
153893
153899
153902
153907
153907
153909
153921
153923
153929
153929
153931
153939
153940
153945
153949
153957
153957
153959
153959
153970
153977
153983
153984
153989
153989
153998
154003
154004
154013
154015
154017
154019
154026
154026
154026
154030
154033
154034
154051
154054
154063
154063
154071
154076
154078
154082
154086
154087
154087
154093
154099
154107
154112
154116
154119
154124
154129
154134
154139
154139
154145
154151
154151
154161
154163
154163
154168
154175
154178
154182
154186
154194
154199
154203
154206
154208
154212
154220
154221
154223
154230
154231
154240
154243
154250
154252
154255
154259
154267
154269
154273
154279
154280
154284
154286
154287
154294
154302
154307
154314
154317
154317
154317
154326
154329
154336
154338
154346
154348
154355
154355
154363
154367
154368
154374
154381
154383
154391
154396
154399
154404
154404
154409
154417
154420
154420
154420
154424
154425
154426
154437
154449
154454
154455
154458
154468
154469
154478
154481
154485
154489
154496
154500
154504
154504
154507
154508
154522
154522
154525
154531
154531
154532
154542
154542
154546
154561
154565
154568
154570
154578
154581
154585
154589
154595
154597
154605
154606
154610
154613
154616
154625
154630
154632
154635
154635
154637
154637
154655
154657
154667
154669
154670
154671
154682
154685
154685
154696
154702
154702
154704
154710
154715
154722
154726
154731
154733
154738
154743
154750
154754
154756
154761
154762
154763
154774
154778
154783
154786
154789
154797
154804
154804
154809
154812
154815
154818
154828
154832
154834
154835
154846
154849
154856
154859
154860
154862
154868
154876
154882
154887
154887
154888
154901
154903
154908
154916
154919
154920
154925
154927
154935
154941
154944
154952
154953
154955
154956
154957
154962
154970
154982
154987
154990
154993
155001
155002
155007
155013
155019
155024
155024
155027
155034
155041
155046
155050
155051
155055
155060
155068
155070
155079
155081
155082
155091
155093
155100
155105
155105
155111
155118
155120
155121
155132
155135
155136
155144
155145
155145
155156
155157
155164
155171
155178
155180
155183
155188
155193
155194
155200
155210
155210
155211
155224
155227
155233
155233
155239
155242
155247
155255
155255
155266
155267
155275
155278
155284
155284
155288
155291
155297
155297
155305
155306
155313
155325
155331
155331
155338
155345
155347
155347
155356
155357
155368
155372
155376
155376
155383
155389
155396
155399
155401
155407
155410
155411
155422
155426
155429
155438
155439
155443
155448
155457
155458
155462
155462
155475
155475
155479
155483
155485
155488
155491
155494
155505
155515
155520
155524
155529
155529
155538
155545
155550
155552
155555
155559
155561
155565
155568
155572
155582
155591
155595
155602
155604
155610
155615
155618
155619
155620
155635
155639
155640
155646
155646
155658
155664
155669
155669
155677
155683
155683
155691
155696
155701
155705
155708
155708
155711
155717
155720
155729
155731
155740
155741
155747
155753
155756
155763
155763
155768
155773
155773
155782
155785
155801
155803
155810
155814
155819
155820
155820
155834
155839
155842
155850
155854
155855
155864
155867
155872
155876
155878
155879
155887
155894
155895
155895
155904
155913
155916
155927
155928
155929
155933
155941
155943
155951
155953
155960
155969
155972
155981
155982
155988
155989
155991
156002
156003
156003
156007
156023
156025
156027
156033
156033
156049
156049
156052
156052
156061
156073
156073
156077
156086
156087
156098
156100
156106
156112
156116
156116
156125
156128
156131
156133
156145
156147
156147
156157
156164
156168
156176
156177
156182
156189
156196
156199
156202
156202
156215
156215
156219
156227
156229
156233
156241
156243
156255
156259
156259
156265
156273
156273
156274
156278
156291
156298
156305
156309
156313
156314
156321
156324
156332
156340
156343
156346
156347
156347
156356
156362
156365
156370
156384
156388
156394
156397
156401
156407
156414
156416
156422
156422
156422
156425
156437
156437
156451
156459
156465
156470
156470
156472
156477
156483
156487
156495
156504
156506
156506
156516
156522
156524
156525
156529
156543
156543
156555
156556
156558
156565
156573
156573
156574
156584
156592
156602
156606
156607
156613
156613
156623
156625
156626
156631
156636
156636
156647
156651
156660
156660
156676
156677
156688
156692
156698
156698
156698
156700
156704
156706
156713
156722
156737
156742
156749
156752
156755
156761
156765
156771
156771
156773
156776
156792
156798
156800
156810
156811
156816
156827
156829
156837
156840
156846
156846
156852
156853
156863
156867
156879
156884
156886
156889
156892
156904
156906
156910
156919
156921
156926
156926
156938
156943
156949
156956
156962
156966
156969
156977
156980
156986
156990
156991
156995
156999
157011
157018
157024
157026
157029
157041
157042
157049
157050
157060
157061
157068
157074
157082
157084
157090
157095
157102
157102
157114
157114
157123
157127
157132
157135
157140
157147
157152
157153
157167
157167
157173
157173
157176
157184
157186
157203
157209
157209
157217
157225
157229
157231
157232
157244
157246
157256
157258
157263
157273
157273
157273
157285
157290
157293
157295
157298
157300
157302
157304
157308
157331
157333
157340
157344
157350
157364
157368
157370
157373
157375
157379
157379
157391
157394
157409
157413
157416
157426
157428
157433
157437
157442
157446
157459
157463
157470
157470
157473
157484
157492
157499
157503
157509
157515
157520
157525
157530
157536
157537
157547
157551
157558
157563
157567
157574
157574
157580
157586
157589
157594
157594
157608
157610
157614
157616
157630
157631
157635
157645
157657
157661
157662
157669
157674
157678
157687
157695
157695
157705
157707
157714
157721
157726
157727
157739
157743
157746
157751
157751
157752
157766
157767
157769
157787
157792
157794
157805
157806
157810
157812
157826
157830
157830
157835
157844
157855
157860
157860
157870
157871
157880
157886
157886
157898
157902
157911
157914
157916
157917
157927
157937
157938
157944
157946
157955
157959
157968
157971
157983
157989
157990
157990
157993
158010
158016
158020
158029
158030
158031
158040
158047
158047
158057
158059
158063
158073
158076
158083
158085
158098
158098
158112
158115
158116
158117
158127
158127
158130
158148
158149
158159
158169
158174
158181
158187
158192
158197
158202
158204
158214
158214
158218
158233
158233
158244
158249
158255
158257
158264
158264
158274
158276
158281
158289
158297
158307
158312
158318
158321
158329
158329
158335
158347
158352
158357
158361
158362
158368
158374
158383
158387
158393
158395
158409
158417
158417
158419
158430
158436
158438
158449
158457
158458
158459
158464
158468
158477
158484
158486
158491
158502
158506
158511
158516
158524
158538
158542
158545
158555
158559
158564
158568
158570
158581
158591
158592
158595
158598
158603
158619
158625
158626
158636
158643
158645
158646
158659
158667
158669
158675
158678
158690
158690
158692
158704
158713
158720
158724
158728
158728
158731
158737
158739
158756
158767
158768
158775
158776
158788
158788
158793
158803
158811
158821
158824
158828
158828
158830
158848
158857
158860
158866
158869
158873
158881
158889
158893
158897
158901
158903
158905
158928
158932
158939
158939
158941
158953
158956
158962
158970
158976
158984
158995
158995
158997
159000
159004
159005
159014
159025
159037
159045
159049
159057
159064
159071
159072
159084
159084
159096
159104
159109
159109
159120
159128
159133
159140
159142
159151
159153
159156
159171
159174
159177
159186
159190
159190
159201
159205
159205
159210
159221
159235
159243
159247
159250
159251
159264
159266
159275
159285
159292
159294
159300
159303
159315
159322
159324
159327
159337
159341
159347
159349
159356
159366
159367
159381
159386
159394
159401
159402
159406
159421
159421
159421
159429
159431
159440
159457
159463
159465
159469
159473
159487
159491
159503
159504
159507
159519
159526
159528
159531
159543
159545
159554
159555
159556
159577
159584
159584
159585
159599
159605
159605
159621
159627
159633
159633
159634
159635
159637
159657
159672
159674
159681
159681
159694
159703
159705
159715
159723
159728
159732
159741
159746
159755
159755
159760
159766
159776
159783
159783
159783
159798
159800
159812
159815
159820
159820
159842
159844
159857
159862
159868
159872
159872
159887
159892
159898
159898
159914
159919
159921
159925
159929
159930
159936
159960
159964
159966
159972
159973
159984
159987
159993
160008
160013
160022
160030
160031
160040
160045
160045
160059
160060
160064
160081
160085
160092
160096
160096
160096
160116
160116
160131
160141
160144
160152
160160
160164
160166
160170
160171
160186
160198
160198
160212
160214
160226
160231
160239
160243
160250
160257
160261
160267
160267
160275
160286
160288
160295
160308
160318
160320
160327
160333
160338
160343
160358
160359
160364
160368
160377
160379
160397
160402
160410
160411
160424
160430
160434
160439
160449
160452
160459
160470
160471
160479
160483
160497
160497
160510
160511
160515
160530
160532
160536
160538
160552
160562
160567
160569
160576
160587
160594
160597
160609
160616
160617
160632
160636
160639
160640
160656
160665
160669
160676
160685
160688
160691
160700
160711
160718
160724
160730
160735
160745
160750
160754
160754
160765
160775
160783
160788
160798
160798
160803
160817
160826
160834
160840
160841
160850
160863
160865
160865
160874
160878
160886
160899
160901
160913
160924
160930
160932
160940
160947
160958
160960
160967
160976
160979
160989
160990
161004
161007
161009
161012
161016
161021
161037
161047
161054
161056
161073
161080
161080
161090
161099
161111
161111
161121
161131
161134
161136
161148
161149
161158
161164
161169
161174
161192
161195
161208
161213
161218
161220
161221
161237
161248
161258
161265
161271
161272
161278
161285
161298
161303
161305
161309
161312
161312
161340
161343
161351
161362
161368
161369
161371
161378
161388
161397
161404
161413
161418
161435
161436
161440
161455
161463
161464
161468
161478
161481
161483
161498
161511
161519
161523
161530
161533
161546
161554
161557
161559
161570
161585
161591
161598
161605
161609
161610
161626
161627
161639
161643
161643
161651
161669
161677
161685
161693
161697
161707
161711
161714
161716
161734
161744
161751
161757
161764
161767
161780
161784
161789
161794
161806
161811
161817
161832
161836
161845
161853
161855
161864
161867
161867
161877
161883
161897
161904
161916
161917
161930
161934
161944
161949
161951
161966
161967
161975
161990
161993
161996
162011
162020
162024
162033
162033
162051
162056
162065
162068
162069
162086
162093
162103
162111
162113
162120
162121
162125
162136
162156
162163
162168
162169
162171
162185
162199
162205
162208
162221
162221
162232
162244
162249
162259
162269
162269
162273
162289
162295
162302
162306
162317
162324
162336
162338
162344
162359
162362
162368
162368
162390
162396
162400
162406
162419
162423
162426
162443
162448
162452
162461
162472
162474
162482
162482
162492
162498
162512
162519
162525
162530
162535
162555
162558
162567
162568
162572
162576
162578
162603
162612
162619
162619
162631
162643
162645
162661
162668
162681
162687
162690
162700
162700
162716
162727
162734
162743
162750
162758
162761
162773
162777
162789
162795
162803
162806
162816
162823
162832
162832
162832
162841
162854
162876
162881
162888
162896
162905
162906
162923
162924
162924
162934
162940
162943
162965
162969
162983
162987
162996
163005
163010
163017
163032
163039
163039
163048
163052
163064
163065
163084
163096
163101
163110
163121
163124
163135
163142
163148
163154
163156
163171
163176
163177
163186
163200
163210
163218
163231
163234
163240
163247
163249
163259
163263
163272
163294
163298
163306
163308
163319
163325
163337
163349
163351
163351
163357
163384
163386
163397
163401
163415
163425
163427
163439
163439
163443
163451
163464
163475
163491
163494
163495
163506
163514
163526
163530
163533
163551
163556
163569
163571
163579
163596
163599
163599
163609
163612
163612
163622
163625
163641
163657
163673
163678
163686
163692
163697
163708
163712
163728
163729
163734
163741
163770
163770
163782
163788
163792
163808
163812
163828
163837
163843
163845
163845
163860
163877
163878
163889
163890
163890
163909
163915
163928
163929
163953
163954
163956
163965
163975
163986
163993
164006
164010
164014
164033
164038
164049
164059
164062
164065
164089
164092
164100
164109
164113
164131
164141
164149
164158
164162
164174
164175
164177
164183
164207
164219
164223
164227
164227
164248
164252
164258
164260
164283
164283
164285
164309
164313
164321
164330
164338
164343
164348
164366
164377
164383
164387
164387
164413
164413
164434
164438
164442
164458
164469
164469
164471
164495
164499
164506
164519
164530
164531
164538
164548
164555
164572
164583
164588
164599
164608
164609
164612
164631
164640
164646
164647
164647
164671
164683
164697
164700
164709
164717
164722
164727
164744
164754
164755
164769
164785
164786
164803
164811
164816
164827
164836
164838
164845
164851
164855
164868
164882
164900
164909
164912
164916
164926
164938
164947
164963
164968
164979
164990
164992
164998
165008
165008
165013
165025
165045
165051
165065
165072
165089
165096
165098
165108
165122
165129
165141
165150
165153
165153
165158
165165
165170
165181
165217
165221
165228
165236
165252
165252
165261
165273
165284
165293
165300
165313
165323
165332
165333
165342
165343
165370
165373
165384
165399
165408
165415
165423
165433
165442
165447
165457
165462
165480
165488
165497
165512
165518
165524
165525
165538
165552
165559
165572
165587
165587
165594
165614
165624
165633
165639
165651
165660
165660
165677
165688
165690
165707
165715
165719
165728
165739
165745
165763
165772
165774
165783
165793
165799
165808
165812
165819
165842
165848
165857
165875
165876
165895
165896
165917
165926
165927
165945
165953
165963
165969
165975
165988
165997
166005
166018
166020
166041
166043
166056
166057
166062
166075
166097
166108
166109
166123
166123
166123
166129
166136
166173
166182
166193
166198
166205
166222
166232
166244
166250
166257
166261
166269
166284
166287
166308
166313
166318
166337
166340
166343
166348
166354
166378
166395
166406
166412
166426
166435
166444
166452
166456
166474
166477
166477
166483
166521
166521
166527
166544
166559
166568
166574
166586
166594
166608
166618
166626
166635
166644
166656
166660
166675
166675
166690
166709
166712
166714
166722
166735
166755
166757
166771
166771
166776
166785
166801
166817
166832
166846
166849
166857
166881
166889
166897
166907
166919
166932
166939
166943
166956
166959
166963
166984
167002
167009
167017
167027
167032
167036
167065
167071
167075
167093
167093
167113
167124
167132
167135
167155
167164
167168
167187
167195
167195
167220
167228
167234
167241
167252
167257
167267
167292
167300
167309
167312
167325
167327
167329
167363
167364
167383
167390
167392
167404
167406
167423
167448
167458
167460
167462
167478
167496
167503
167518
167520
167529
167532
167555
167572
167584
167594
167599
167599
167624
167629
167643
167643
167671
167681
167691
167697
167698
167700
167726
167729
167752
167754
167760
167782
167789
167798
167808
167813
167828
167835
167855
167856
167873
167892
167898
167909
167917
167928
167938
167943
167964
167979
167991
168002
168014
168019
168032
168036
168052
168060
168061
168067
168103
168112
168122
168123
168145
168149
168163
168164
168184
168184
168213
168218
168222
168240
168256
168263
168273
168284
168298
168312
168313
168322
168336
168342
168359
168377
168385
168398
168407
168412
168436
168438
168442
168457
168457
168457
168460
168506
168521
168522
168538
168547
168557
168564
168582
168590
168602
168627
168638
168644
168645
168651
168651
168684
168687
168711
168714
168730
168736
168736
168736
168768
168792
168795
168796
168804
168829
168836
168845
168863
168885
168899
168907
168921
168922
168940
168948
168952
168954
168976
168998
168999
169022
169024
169039
169040
169047
169069
169090
169108
169120
169130
169135
169144
169148
169159
169178
169187
169188
169190
169222
169240
169255
169270
169282
169282
169299
169318
169322
169340
169342
169368
169376
169378
169402
169409
169423
169437
169440
169458
169458
169478
169484
169498
169515
169524
169535
169542
169556
169562
169573
169604
169611
169620
169624
169638
169663
169672
169682
169698
169702
169715
169734
169738
169746
169768
169770
169783
169792
169814
169814
169826
169860
169869
169871
169884
169898
169918
169929
169943
169953
169960
169971
169992
169996
170004
170028
170039
170045
170048
170071
170077
170094
170105
170109
170133
170136
170151
170180
170188
170203
170213
170229
170238
170246
170250
170258
170265
170279
170307
170318
170340
170342
170361
170366
170389
170401
170414
170421
170431
170434
170462
170469
170475
170482
170484
170524
170531
170539
170556
170582
170595
170598
170605
170616
170641
170652
170668
170682
170693
170696
170696
170709
170741
170760
170772
170773
170774
170777
170792
170824
170829
170838
170844
170859
170898
170906
170921
170930
170948
170954
170966
170979
170982
170990
170999
171048
171054
171068
171077
171098
171111
171113
171134
171138
171145
171172
171184
171184
171218
171221
171241
171256
171256
171260
171272
171280
171282
171318
171341
171341
171360
171373
171405
171413
171426
171432
171437
171459
171481
171491
171494
171501
171524
171542
171558
171563
171567
171590
171609
171623
171634
171636
171636
171641
171681
171705
171724
171737
171741
171765
171776
171788
171797
171814
171818
171848
171854
171871
171891
171905
171919
171922
171947
171953
171975
171982
171988
172012
172029
172031
172036
172071
172073
172079
172091
172122
172139
172149
172153
172153
172164
172167
172181
172191
172195
172239
172245
172287
172301
172320
172327
172327
172356
172356
172375
172388
172418
172439
172441
172462
172479
172483
172502
172523
172538
172540
172541
172543
172559
172560
172601
172605
172624
172644
172668
172683
172698
172701
172701
172729
172729
172771
172794
172796
172823
172837
172856
172860
172885
172898
172900
172923
172930
172953
172966
172969
173003
173017
173024
173038
173046
173061
173069
173100
173102
173106
173143
173155
173167
173178
173192
173194
173212
173250
173253
173279
173280
173286
173312
173321
173354
173355
173386
173390
173403
173408
173409
173450
173456
173486
173501
173506
173525
173544
173554
173584
173584
173586
173631
173634
173658
173677
173688
173699
173710
173719
173752
173760
173773
173786
173800
173809
173839
173848
173857
173874
173901
173910
173917
173939
173952
173958
173974
174000
174012
174015
174031
174074
174095
174105
174123
174141
174155
174162
174179
174198
174203
174226
174240
174254
174279
174296
174308
174314
174335
174355
174375
174375
174389
174414
174433
174444
174471
174474
174475
174519
174521
174527
174556
174579
174588
174596
174620
174637
174645
174666
174688
174715
174731
174737
174755
174772
174774
174806
174826
174839
174853
174863
174880
174911
174925
174943
174946
174949
174975
175003
175023
175034
175034
175046
175062
175067
175104
175107
175155
175155
175159
175181
175186
175233
175235
175238
175279
175293
175306
175336
175359
175372
175392
175392
175416
175424
175431
175448
175460
175489
175521
175538
175545
175545
175579
175593
175594
175604
175657
175662
175683
175715
175726
175740
175753
175760
175799
175801
175802
175825
175860
175864
175903
175924
175941
175957
175976
175989
176004
176019
176047
176055
176082
176097
176104
176131
176131
176152
176161
176187
176191
176228
176259
176273
176287
176309
176312
176334
176334
176361
176383
176399
176420
176438
176467
176482
176489
176496
176499
176526
176563
176573
176602
176625
176634
176636
176662
176665
176719
176741
176753
176779
176793
176797
176804
176828
176860
176872
176906
176914
176914
176923
176936
176989
177004
177017
177038
177044
177072
177075
177085
177095
177130
177172
177204
177216
177232
177254
177271
177290
177312
177323
177336
177364
177384
177384
177426
177444
177459
177486
177487
177492
177542
177555
177575
177592
177605
177623
177637
177656
177665
177674
177677
177700
177714
177757
177758
177774
177816
177835
177872
177891
177916
177922
177946
177967
177968
177969
177996
178017
178074
178101
178117
178121
178147
178182
178186
178187
178190
178259
178281
178292
178300
178312
178329
178354
178363
178395
178432
178446
178466
178470
178476
178518
178541
178555
178564
178573
178601
178615
178670
178687
178719
178742
178743
178754
178777
178797
178832
178837
178839
178855
178923
178944
178956
178978
179008
179015
179029
179069
179070
179101
179131
179137
179150
179156
179179
179185
179222
179228
179259
179320
179336
179339
179372
179381
179405
179446
179446
179489
179510
179518
179533
179567
179575
179581
179589
179655
179675
179686
179707
179736
179741
179757
179793
179816
179837
179842
179866
179897
179915
179929
179934
179994
180001
180003
180065
180080
180093
180102
180110
180115
180149
180156
180232
180256
180288
180307
180308
180342
180378
180391
180423
180431
180451
180480
180511
180515
180551
180572
180593
180594
180620
180621
180674
180675
180690
180745
180770
180781
180823
180847
180866
180880
180905
180924
180937
180966
180981
180999
181009
181014
181065
181109
181113
181121
181126
181201
181228
181234
181279
181297
181324
181329
181376
181384
181421
181448
181457
181459
181520
181523
181565
181589
181605
181605
181661
181661
181701
181736
181738
181779
181801
181805
181814
181819
181850
181909
181922
181946
181985
181990
182019
182030
182080
182113
182134
182160
182165
182172
182187
182213
182255
182317
182340
182347
182353
182367
182422
182426
182466
182509
182533
182535
182571
182607
182628
182666
182683
182715
182722
182747
182786
182795
182809
182861
182883
182917
182937
182948
182967
182999
183011
183038
183081
183113
183129
183134
183195
183224
183233
183275
183295
183311
183346
183364
183378
183408
183411
183448
183487
183520
183538
183572
183595
183615
183647
183688
183694
183703
183709
183723
183778
183798
183868
183871
183935
183943
183944
183987
184037
184050
184091
184101
184148
184158
184184
184202
184204
184270
184303
184320
184330
184367
184395
184446
184453
184461
184531
184557
184562
184577
184594
184621
184675
184728
184739
184744
184781
184821
184843
184884
184911
184931
184947
184999
185024
185031
185035
185122
185127
185165
185192
185219
185245
185273
185279
185351
185360
185388
185416
185458
185481
185504
185508
185551
185566
185592
185594
185697
185723
185723
185752
185817
185839
185846
185871
185916
185946
185985
186010
186014
186036
186054
186136
186150
186156
186190
186257
186281
186323
186356
186378
186412
186432
186471
186485
186508
186524
186596
186602
186622
186631
186653
186724
186770
186804
186806
186870
186876
186940
186966
186996
187003
187057
187090
187096
187112
187117
187129
187211
187229
187301
187334
187349
187366
187413
187434
187461
187494
187555
187589
187620
187628
187633
187715
187765
187774
187829
187838
187855
187916
187965
187987
188006
188049
188072
188098
188143
188175
188191
188213
188276
188330
188339
188377
188428
188435
188487
188523
188542
188596
188629
188639
188645
188714
188748
188783
188799
188865
188901
188904
188951
188961
189029
189031
189046
189120
189172
189174
189186
189200
189321
189351
189374
189407
189409
189480
189525
189547
189547
189632
189669
189685
189741
189776
189810
189820
189835
189835
189902
189982
190002
190039
190064
190066
190130
190199
190246
190258
190286
190300
190363
190413
190441
190466
190484
190584
190620
190634
190692
190726
190747
190814
190841
190854
190913
190950
190952
190987
191065
191068
191121
191180
191236
191266
191271
191272
191313
191404
191447
191454
191506
191557
191575
191656
191684
191716
191759
191784
191809
191879
191900
191906
191921
192032
192078
192081
192145
192183
192224
192303
192318
192333
192344
192411
192419
192514
192578
192614
192667
192684
192710
192714
192767
192846
192846
192902
192973
192973
193052
193111
193129
193216
193255
193282
193312
193342
193423
193438
193475
193540
193602
193616
193620
193708
193721
193806
193815
193852
193913
193988
194011
194055
194116
194158
194189
194230
194238
194240
194254
194254
194333
194354
194434
194543
194602
194609
194709
194747
194776
194837
194907
194944
194950
195041
195068
195097
195148
195252
195300
195306
195310
195361
195369
195378
195392
195585
195626
195715
195750
195796
195819
195917
195928
195981
196013
196080
196104
196187
196236
196239
196295
196320
196431
196484
196508
196593
196649
196701
196730
196809
196829
196891
196921
196958
196980
197002
197074
197125
197159
197294
197301
197402
197403
197494
197548
197555
197617
197688
197729
197828
197876
197907
197968
197983
198057
198057
198083
198199
198280
198280
198349
198430
198475
198580
198611
198634
198665
198720
198737
198808
198898
198998
199046
199061
199145
199172
199183
199340
199408
199411
199466
199547
199616
199689
199736
199745
199784
199918
199942
200026
200039
200090
200184
200262
200291
200291
200380
200421
200557
200570
200590
200715
200732
200801
200823
200833
201034
201066
201108
201108
201264
201271
201366
201444
201509
201571
201649
201710
201773
201794
201861
201887
201979
202086
202087
202211
202247
202339
202408
202469
202537
202578
202645
202675
202747
202777
202835
202903
203044
203050
203136
203241
203331
203352
203440
203502
203569
203649
203718
203764
203775
203819
203876
204006
204040
204166
204266
204302
204352
204455
204541
204616
204690
204705
204821
204832
204921
205046
205099
205137
205257
205344
205397
205456
205509
205575
205591
205756
205833
205900
205906
206063
206165
206169
206196
206376
206413
206415
206464
206640
206659
206848
206870
206936
206991
207056
207227
207234
207288
207330
207407
207573
207614
207762
207796
207918
207998
208026
208108
208233
208369
208381
208421
208529
208668
208781
208873
208915
208998
209054
209184
209285
209316
209437
209501
209635
209652
209796
209888
209992
210010
210139
210143
210342
210445
210451
210469
210697
210791
210842
210980
211076
211134
211193
211270
211416
211479
211560
211716
211719
211776
211864
211941
212107
212114
212302
212470
212575
212588
212649
212828
212921
212938
213070
213284
213320
213408
213540
213663
213782
213854
213882
214033
214105
214229
214276
214508
214646
214755
214871
214877
214972
214992
215009
215337
215344
215567
215599
215779
215877
215957
216066
216081
216253
216363
216449
216568
216750
216971
217107
217214
217279
217360
217567
217584
217750
217751
217773
217856
218129
218245
218421
218559
218667
218751
218934
218956
219056
219447
219461
219674
219764
219781
219800
220045
220317
220462
220514
220627
220649
220710
220749
221013
221046
221425
221514
221608
221765
222029
222200
222411
222521
222685
222817
222862
223006
223291
223443
223470
223625
223636
223948
223979
224007
224386
224663
224806
224871
225068
225211
225280
225367
225374
225563
225769
226258
226378
226536
226678
226803
226892
227248
227323
227425
227529
227798
228095
228307
228318
228335
228498
228883
228897
228974
229202
229654
229955
230016
230154
230370
230600
230655
231084
231163
231221
231308
231400
231587
232021
232468
232512
232700
233034
233237
233469
233607
233874
233885
234375
234423
234728
234759
235051
235495
235599
235980
236203
236322
236687
236803
237000
237016
237318
237530
237938
238134
238417
238563
238941
239191
239286
239613
239946
240233
240622
240682
240790
240908
241183
241781
242313
242579
242845
242849
242982
243755
243903
244321
244403
244529
245000
245479
245746
245929
246385
246544
247057
247065
247637
248163
248200
248281
248436
248535
249541
250077
250839
251033
251420
251755
252169
252285
252434
252693
253872
254365
254814
255002
255051
255516
256055
256433
256520
256905
257809
258370
259285
259712
260095
260204
260833
261220
261256
262722
263295
263412
263801
264658
265480
265754
265870
267052
267248
267344
268679
268679
268799
269329
270454
271402
271632
271887
274309
275265
276092
276785
277634
278107
278379
278416
280044
280596
282291
282489
283918
284869
285246
287258
288604
289324
289637
291396
292711
293234
294174
295518
296248
296623
299553
300118
303100
303517
306549
307886
310097
310444
311348
311948
312032
315165
318096
321633
326770
328993
331228
333392
336287
339391
340407
342890
347478
354383
356728
362583
363427
369873
380883
385828
392312
413349
420085
437471
439759
466955
492375
507139
1003916
