9360 464149557
31204
31207
31210
31211
31214
31214
31216
31218
31218
31218
31221
31224
31225
31228
31231
31232
31233
31233
31236
31239
31242
31245
31246
31247
31250
31253
31253
31253
31255
31255
31256
31258
31259
31262
31263
31266
31268
31269
31269
31270
31271
31273
31276
31276
31277
31278
31278
31279
31281
31284
31287
31289
31291
31294
31294
31296
31299
31300
31303
31306
31309
31312
31312
31312
31314
31314
31316
31317
31317
31320
31322
31323
31325
31327
31330
31332
31334
31337
31340
31343
31345
31345
31347
31348
31349
31350
31353
31356
31359
31361
31364
31367
31369
31370
31370
31371
31373
31375
31376
31379
31380
31383
31386
31388
31388
31390
31390
31392
31392
31392
31392
31392
31392
31393
31396
31399
31402
31403
31404
31405
31405
31407
31407
31407
31409
31409
31412
31412
31412
31413
31416
31416
31418
31419
31419
31422
31423
31423
31425
31428
31428
31430
31432
31435
31438
31441
31441
31442
31442
31445
31448
31451
31452
31453
31454
31457
31460
31463
31466
31468
31468
31469
31472
31472
31473
31474
31475
31475
31478
31479
31480
31481
31481
31481
31483
31484
31485
31488
31491
31493
31493
31496
31496
31498
31500
31502
31505
31508
31509
31511
31511
31512
31514
31515
31518
31518
31518
31521
31522
31524
31525
31526
31526
31527
31529
31530
31533
31534
31536
31539
31539
31541
31544
31545
31547
31548
31551
31554
31555
31555
31555
31555
31555
31555
31557
31560
31560
31563
31565
31567
31569
31569
31572
31572
31572
31574
31575
31578
31581
31584
31584
31584
31584
31586
31588
31589
31591
31591
31591
31594
31594
31597
31598
31601
31602
31603
31604
31606
31607
31609
31612
31612
31613
31616
31618
31620
31620
31621
31622
31622
31622
31622
31623
31625
31628
31630
31630
31632
31635
31635
31636
31637
31637
31637
31640
31641
31641
31641
31642
31643
31643
31647
31649
31651
31654
31656
31660
31664
31667
31671
31674
31674
31674
31674
31676
31677
31679
31681
31682
31683
31687
31689
31692
31693
31696
31698
31700
31700
31704
31704
31704
31704
31706
31706
31709
31711
31712
31712
31712
31715
31718
31720
31724
31725
31727
31727
31729
31732
31733
31735
31735
31738
31742
31742
31746
31748
31750
31751
31751
31751
31751
31755
31755
31758
31762
31766
31769
31773
31777
31781
31782
31783
31784
31788
31791
31792
31794
31798
31798
31802
31802
31805
31807
31808
31812
31814
31818
31818
31818
31821
31823
31823
31826
31828
31832
31833
31833
31836
31837
31838
31840
31841
31841
31841
31842
31844
31847
31848
31848
31849
31851
31851
31852
31853
31853
31855
31855
31859
31860
31861
31863
31866
31869
31871
31874
31876
31876
31879
31883
31883
31884
31884
31886
31889
31891
31892
31892
31895
31896
31898
31901
31905
31905
31905
31909
31912
31915
31915
31918
31922
31925
31927
31930
31934
31935
31937
31941
31943
31946
31947
31947
31950
31952
31956
31959
31959
31961
31962
31964
31967
31967
31968
31968
31968
31968
31972
31975
31979
31980
31983
31985
31985
31985
31989
31991
31993
31997
31998
32000
32001
32005
32007
32008
32010
32014
32014
32017
32017
32017
32020
32022
32023
32024
32025
32029
32030
32030
32033
32036
32040
32043
32046
32048
32051
32053
32055
32055
32056
32056
32057
32060
32060
32063
32063
32065
32069
32072
32074
32076
32080
32083
32084
32085
32086
32089
32089
32093
32096
32099
32101
32103
32105
32107
32107
32108
32111
32114
32114
32115
32115
32116
32117
32118
32119
32121
32122
32124
32127
32131
32134
32134
32135
32137
32137
32141
32141
32143
32145
32149
32150
32151
32153
32157
32157
32159
32161
32164
32166
32169
32173
32177
32177
32181
32184
32188
32191
32193
32196
32200
32201
32201
32202
32206
32209
32210
32212
32212
32214
32217
32220
32224
32224
32226
32230
32233
32236
32237
32237
32237
32240
32241
32245
32247
32248
32248
32251
32252
32254
32257
32261
32265
32268
32270
32270
32271
32274
32274
32275
32277
32281
32281
32283
32286
32286
32287
32290
32290
32294
32295
32299
32302
32305
32306
32310
32313
32315
32316
32317
32317
32318
32321
32324
32327
32330
32331
32335
32338
32342
32346
32347
32350
32351
32351
32355
32359
32363
32367
32368
32372
32373
32374
32375
32378
32381
32385
32386
32387
32390
32390
32393
32394
32394
32398
32399
32403
32403
32405
32405
32409
32413
32415
32419
32422
32423
32423
32427
32431
32434
32434
32436
32440
32444
32445
32449
32452
32454
32454
32454
32456
32458
32460
32461
32465
32467
32468
32469
32473
32473
32475
32476
32477
32479
32479
32479
32479
32482
32483
32483
32483
32486
32488
32490
32493
32494
32496
32499
32500
32501
32503
32505
32505
32507
32509
32509
32509
32509
32510
32510
32514
32516
32520
32522
32524
32525
32526
32528
32531
32532
32532
32536
32538
32538
32540
32541
32541
32544
32544
32548
32548
32549
32553
32555
32556
32559
32560
32561
32561
32564
32565
32566
32568
32571
32571
32572
32573
32574
32577
32578
32579
32583
32583
32586
32587
32588
32591
32593
32596
32597
32599
32600
32603
32607
32611
32615
32615
32618
32618
32618
32618
32621
32625
32626
32630
32630
32634
32637
32640
32641
32642
32643
32646
32646
32647
32649
32653
32654
32655
32656
32656
32657
32660
32661
32661
32665
32669
32672
32672
32674
32678
32682
32684
32685
32686
32688
32691
32694
32698
32699
32701
32701
32703
32706
32706
32708
32711
32715
32717
32719
32720
32721
32723
32723
32727
32731
32734
32734
32734
32738
32739
32741
32742
32744
32744
32746
32746
32746
32748
32750
32750
32753
32757
32758
32758
32761
32763
32764
32764
32766
32767
32767
32771
32771
32771
32775
32778
32780
32781
32781
32782
32784
32786
32790
32793
32793
32793
32796
32798
32800
32804
32808
32811
32812
32813
32813
32816
32819
32819
32819
32823
32825
32829
32829
32830
32834
32838
32841
32842
32843
32845
32845
32846
32847
32847
32850
32850
32852
32856
32859
32859
32862
32862
32863
32867
32870
32872
32874
32875
32877
32881
32882
32883
32886
32886
32890
32893
32897
32897
32898
32900
32900
32903
32906
32908
32911
32915
32918
32921
32921
32921
32921
32925
32929
32932
32936
32940
32944
32946
32946
32947
32950
32953
32953
32954
32956
32956
32959
32961
32962
32963
32967
32969
32972
32972
32976
32976
32976
32978
32979
32983
32984
32986
32990
32994
32995
32996
32997
33001
33001
33004
33007
33007
33010
33011
33015
33015
33018
33018
33019
33023
33027
33027
33027
33031
33031
33031
33033
33035
33036
33037
33041
33041
33045
33049
33052
33053
33057
33059
33061
33062
33065
33065
33068
33069
33069
33069
33073
33076
33076
33080
33083
33086
33086
33089
33091
33094
33096
33096
33100
33103
33104
33106
33110
33112
33113
33113
33115
33117
33120
33124
33128
33128
33132
33136
33136
33139
33143
33146
33150
33151
33152
33154
33157
33160
33163
33166
33170
33170
33174
33175
33175
33179
33182
33185
33185
33188
33191
33191
33192
33192
33194
33197
33199
33199
33199
33199
33201
33205
33207
33209
33212
33215
33215
33218
33221
33221
33223
33225
33227
33231
33233
33234
33236
33237
33238
33242
33243
33246
33249
33251
33253
33256
33258
33258
33261
33264
33268
33268
33271
33272
33276
33279
33283
33284
33285
33285
33288
33291
33294
33294
33295
33299
33302
33306
33310
33311
33314
33314
33315
33319
33320
33320
33321
33324
33325
33326
33330
33333
33334
33337
33340
33340
33342
33345
33347
33351
33355
33359
33359
33363
33367
33368
33369
33370
33371
33373
33377
33381
33382
33384
33388
33390
33390
33394
33395
33397
33397
33400
33404
33408
33411
33413
33413
33414
33417
33417
33419
33423
33425
33428
33428
33428
33432
33436
33437
33438
33438
33440
33440
33444
33448
33451
33452
33454
33456
33460
33462
33465
33468
33471
33475
33476
33476
33480
33484
33484
33484
33488
33492
33493
33494
33498
33502
33504
33505
33509
33512
33516
33516
33516
33518
33522
33523
33527
33529
33529
33529
33532
33533
33537
33538
33538
33541
33542
33543
33543
33543
33545
33548
33551
33552
33553
33556
33557
33559
33563
33567
33569
33570
33573
33573
33575
33579
33579
33579
33580
33584
33584
33588
33588
33591
33594
33597
33597
33600
33604
33604
33607
33608
33609
33612
33612
33615
33616
33620
33620
33620
33620
33621
33621
33623
33624
33628
33629
33633
33634
33634
33634
33635
33639
33643
33643
33646
33646
33647
33649
33652
33653
33656
33659
33660
33660
33660
33661
33663
33667
33670
33671
33675
33678
33679
33680
33680
33684
33684
33688
33691
33693
33695
33695
33695
33698
33700
33701
33701
33701
33702
33703
33703
33707
33709
33709
33712
33716
33717
33721
33723
33726
33726
33726
33727
33730
33732
33734
33735
33738
33740
33741
33744
33745
33749
33749
33749
33751
33752
33752
33753
33757
33761
33764
33768
33771
33775
33777
33779
33782
33784
33786
33788
33792
33796
33799
33801
33801
33801
33801
33805
33805
33806
33806
33806
33808
33808
33809
33811
33815
33815
33819
33819
33819
33823
33824
33824
33828
33830
33831
33831
33834
33837
33837
33841
33841
33843
33847
33847
33850
33852
33853
33853
33855
33856
33860
33861
33862
33866
33866
33866
33870
33871
33871
33872
33873
33876
33876
33880
33882
33885
33885
33889
33893
33894
34021
42701
43910
44775
50535
50778
52552
53664
53791
53878
53887
53902
53902
53903
53903
53903
53904
53906
53906
53907
53908
53908
53908
53909
53910
53910
53910
53910
53913
53913
53913
53913
53913
53913
53914
53918
53918
53918
53918
53919
53921
53921
53921
53921
53924
53925
53925
53925
53925
53926
53926
53926
53928
53928
53928
53928
53931
53931
53932
53933
53934
53935
53935
53936
53937
53937
53938
53938
53938
53938
53938
53938
53938
53942
53942
53943
53945
53945
53945
53945
53945
53946
53948
53949
53949
53949
53951
53951
53951
53951
53952
53952
53952
53954
53956
53957
53957
53957
53959
53960
53960
53960
53961
53962
53962
53964
53964
53965
53965
53966
53967
53967
53968
53968
53968
53969
53969
53971
53972
53972
53973
53974
53975
53975
53976
53976
53976
53976
53977
53979
53980
53980
53981
53981
53982
53982
53983
53984
53985
53985
53986
53987
53988
53988
53989
53989
53990
53991
53991
53991
53991
53993
53993
53993
53996
53996
53997
53997
53997
53997
53998
54000
54001
54001
54001
54002
54002
54002
54003
54004
54005
54007
54007
54007
54007
54008
54010
54011
54012
54012
54012
54013
54013
54015
54015
54015
54015
54018
54018
54018
54018
54018
54020
54020
54021
54023
54023
54024
54024
54024
54025
54026
54027
54027
54027
54027
54030
54030
54031
54032
54032
54032
54032
54032
54033
54035
54036
54037
54037
54037
54038
54039
54040
54041
54042
54042
54043
54044
54044
54045
54045
54046
54046
54047
54048
54049
54049
54049
54051
54052
54053
54053
54054
54054
54054
54056
54056
54057
54057
54058
54058
54058
54060
54060
54061
54062
54063
54063
54064
54064
54065
54065
54066
54068
54068
54068
54069
54071
54071
54072
54072
54073
54074
54074
54074
54076
54077
54077
54078
54078
54079
54079
54081
54081
54081
54083
54084
54084
54084
54085
54086
54086
54087
54087
54087
54090
54090
54090
54090
54091
54091
54091
54092
54092
54095
54096
54097
54097
54098
54099
54099
54100
54101
54101
54102
54103
54104
54104
54105
54105
54105
54107
54107
54108
54109
54109
54111
54111
54111
54112
54113
54113
54113
54115
54115
54115
54117
54117
54118
54118
54119
54119
54120
54122
54122
54123
54123
54125
54125
54125
54125
54127
54128
54129
54129
54130
54131
54132
54132
54132
54133
54133
54134
54134
54134
54136
54137
54137
54138
54138
54139
54141
54141
54142
54143
54144
54144
54145
54146
54146
54146
54147
54147
54147
54148
54149
54151
54152
54152
54153
54154
54154
54155
54155
54155
54155
54155
54155
54156
54157
54157
54160
54162
54162
54163
54163
54165
54165
54166
54166
54166
54167
54169
54170
54170
54170
54171
54172
54173
54173
54173
54173
54173
54175
54175
54178
54178
54178
54180
54180
54181
54182
54182
54183
54184
54184
54186
54186
54186
54187
54188
54188
54188
54190
54191
54191
54192
54193
54194
54195
54195
54195
54195
54196
54198
54198
54198
54198
54198
54199
54202
54203
54203
54203
54203
54203
54204
54205
54207
54207
54208
54209
54210
54211
54212
54212
54213
54213
54213
54214
54216
54216
54216
54216
54219
54219
54220
54221
54221
54222
54222
54222
54222
54225
54225
54225
54225
54228
54228
54228
54229
54231
54231
54232
54232
54233
54233
54233
54233
54234
54237
54237
54238
54239
54240
54240
54241
54242
54242
54242
54243
54244
54244
54245
54246
54247
54247
54247
54247
54249
54250
54250
54252
54252
54253
54254
54254
54254
54255
54257
54258
54258
54258
54258
54259
54261
54262
54263
54263
54263
54264
54265
54266
54267
54267
54267
54269
54269
54269
54269
54272
54273
54273
54274
54274
54274
54274
54274
54276
54277
54277
54277
54280
54280
54280
54282
54283
54283
54285
54285
54286
54286
54287
54288
54288
54289
54289
54291
54291
54291
54292
54293
54294
54295
54295
54296
54296
54298
54298
54298
54298
54300
54301
54301
54302
54302
54303
54305
54305
54306
54307
54307
54309
54309
54310
54311
54312
54312
54312
54312
54314
54314
54315
54315
54315
54316
54318
54319
54320
54321
54321
54322
54322
54323
54323
54324
54325
54326
54326
54326
54326
54329
54329
54330
54330
54330
54331
54332
54333
54335
54335
54336
54336
54338
54338
54339
54339
54340
54341
54341
54342
54343
54344
54344
54344
54346
54347
54347
54348
54348
54348
54350
54351
54351
54351
54354
54354
54354
54355
54356
54356
54356
54357
54358
54360
54360
54360
54362
54363
54363
54364
54364
54365
54366
54366
54368
54369
54369
54370
54370
54372
54372
54372
54374
54374
54375
54375
54376
54377
54378
54378
54379
54380
54380
54381
54382
54383
54383
54384
54384
54385
54387
54387
54388
54389
54390
54390
54391
54392
54392
54392
54392
54392
54395
54395
54395
54396
54397
54398
54398
54399
54400
54400
54402
54403
54403
54404
54404
54406
54407
54408
54408
54408
54409
54410
54411
54412
54413
54414
54414
54415
54416
54417
54417
54417
54418
54419
54420
54420
54421
54421
54422
54423
54423
54425
54425
54426
54426
54428
54429
54429
54430
54431
54431
54432
54433
54433
54434
54435
54436
54436
54437
54438
54438
54438
54441
54441
54442
54442
54444
54444
54445
54445
54445
54446
54447
54447
54447
54447
54448
54451
54452
54453
54453
54454
54455
54456
54456
54456
54458
54458
54459
54460
54460
54462
54462
54462
54463
54465
54465
54466
54466
54468
54468
54469
54470
54470
54470
54472
54472
54472
54474
54474
54475
54475
54476
54476
54476
54478
54479
54481
54482
54483
54483
54484
54485
54486
54486
54486
54488
54488
54488
54489
54490
54491
54492
54492
54492
54493
54493
54495
54495
54496
54498
54498
54499
54500
54501
54501
54502
54503
54503
54504
54504
54506
54507
54507
54508
54509
54509
54509
54511
54512
54512
54512
54512
54513
54513
54513
54513
54516
54517
54517
54520
54520
54520
54520
54523
54524
54524
54524
54526
54526
54526
54526
54527
54530
54531
54531
54532
54533
54534
54534
54535
54536
54537
54537
54537
54538
54540
54540
54541
54542
54542
54542
54543
54545
54545
54546
54546
54548
54549
54549
54549
54551
54551
54551
54551
54553
54555
54555
54555
54555
54557
54558
54559
54559
54560
54561
54562
54562
54562
54562
54562
54563
54567
54567
54568
54569
54569
54570
54570
54570
54573
54573
54574
54575
54576
54576
54577
54577
54578
54578
54578
54581
54582
54582
54582
54583
54584
54585
54586
54586
54588
54588
54590
54590
54591
54592
54593
54594
54594
54595
54596
54597
54597
54598
54599
54600
54600
54601
54601
54602
54603
54604
54604
54605
54606
54607
54608
54608
54608
54609
54610
54611
54611
54612
54612
54612
54615
54615
54615
54617
54618
54619
54620
54621
54621
54622
54623
54624
54624
54624
54624
54627
54627
54627
54628
54629
54630
54631
54631
54631
54633
54633
54634
54635
54635
54635
54636
54637
54638
54638
54641
54642
54642
54644
54645
54645
54646
54646
54648
54648
54649
54649
54649
54649
54651
54651
54652
54653
54655
54656
54657
54657
54658
54658
54660
54660
54660
54661
54661
54662
54664
54664
54664
54664
54668
54669
54669
54669
54671
54671
54671
54671
54671
54674
54675
54675
54677
54678
54678
54679
54680
54681
54681
54682
54682
54682
54682
54682
54683
54684
54684
54687
54690
54690
54691
54691
54692
54693
54693
54695
54695
54695
54696
54698
54699
54699
54700
54700
54701
54702
54703
54704
54704
54705
54707
54707
54707
54709
54710
54710
54710
54710
54711
54711
54713
54714
54714
54717
54717
54718
54719
54719
54719
54719
54722
54722
54722
54725
54726
54726
54727
54727
54728
54728
54728
54731
54731
54731
54733
54734
54735
54735
54735
54735
54735
54738
54739
54739
54741
54741
54741
54743
54744
54745
54746
54746
54746
54747
54749
54749
54749
54751
54752
54752
54753
54753
54753
54753
54757
54757
54757
54759
54760
54761
54762
54762
54763
54764
54764
54764
54765
54766
54767
54767
54768
54770
54770
54771
54773
54773
54773
54773
54775
54776
54776
54778
54779
54780
54780
54780
54781
54783
54783
54785
54785
54786
54786
54786
54788
54789
54790
54790
54791
54792
54793
54793
54795
54795
54796
54798
54798
54799
54799
54799
54799
54801
54803
54804
54804
54804
54804
54806
54807
54808
54808
54809
54811
54811
54813
54813
54814
54814
54814
54815
54817
54818
54818
54819
54819
54820
54820
54821
54823
54825
54825
54825
54826
54828
54828
54828
54829
54830
54831
54832
54834
54834
54835
54836
54837
54837
54838
54838
54839
54839
54840
54841
54842
54843
54845
54846
54846
54847
54848
54848
54848
54850
54851
54852
54852
54853
54854
54855
54855
54856
54858
54858
54859
54860
54861
54861
54862
54863
54863
54863
54863
54863
54865
54866
54869
54870
54870
54870
54871
54873
54873
54874
54876
54876
54876
54878
54879
54879
54880
54880
54881
54882
54882
54882
54884
54884
54884
54884
54888
54888
54888
54888
54891
54891
54891
54893
54894
54896
54896
54896
54897
54897
54897
54897
54899
54899
54902
54903
54904
54906
54906
54907
54907
54907
54908
54909
54910
54912
54913
54913
54915
54915
54916
54917
54918
54918
54919
54919
54921
54921
54923
54924
54924
54925
54925
54926
54926
54927
54929
54930
54930
54932
54932
54932
54933
54933
54934
54935
54938
54939
54939
54940
54941
54941
54942
54943
54944
54945
54946
54947
54948
54948
54949
54949
54949
54951
54952
54952
54952
54954
54956
54956
54956
54957
54957
54958
54960
54961
54961
54961
54963
54965
54965
54966
54966
54966
54969
54969
54971
54972
54972
54973
54973
54974
54974
54975
54975
54978
54978
54979
54979
54980
54980
54980
54980
54981
54986
54986
54986
54986
54988
54990
54990
54991
54993
54993
54993
54994
54994
54994
54995
54995
54999
54999
54999
55001
55002
55002
55002
55002
55003
55004
55008
55008
55009
55009
55011
55011
55011
55012
55012
55015
55015
55015
55015
55018
55019
55020
55020
55022
55022
55023
55024
55024
55025
55025
55026
55026
55027
55029
55031
55032
55032
55033
55034
55035
55035
55035
55038
55038
55039
55040
55040
55042
55043
55044
55044
55044
55044
55046
55046
55048
55048
55049
55050
55052
55052
55052
55052
55052
55056
55057
55058
55059
55059
55060
55061
55062
55063
55064
55064
55065
55065
55067
55068
55069
55069
55070
55070
55070
55073
55073
55075
55076
55077
55077
55078
55078
55079
55079
55082
55083
55083
55084
55084
55085
55087
55087
55089
55089
55090
55091
55091
55092
55092
55092
55093
55096
55096
55097
55098
55098
55100
55100
55101
55102
55102
55103
55104
55105
55105
55108
55109
55109
55109
55111
55112
55112
55113
55115
55116
55117
55118
55119
55119
55120
55121
55122
55122
55123
55123
55124
55124
55125
55125
55128
55129
55131
55131
55131
55132
55133
55134
55134
55137
55137
55138
55139
55139
55140
55140
55143
55143
55143
55144
55145
55147
55148
55148
55149
55150
55152
55152
55153
55153
55154
55154
55154
55156
55156
55157
55160
55161
55161
55162
55164
55164
55165
55165
55166
55167
55167
55169
55170
55171
55171
55172
55172
55172
55172
55176
55176
55178
55179
55179
55181
55181
55182
55182
55182
55183
55185
55186
55188
55188
55190
55190
55190
55192
55193
55193
55193
55193
55194
55197
55197
55198
55200
55201
55202
55203
55203
55204
55205
55205
55207
55208
55208
55209
55210
55212
55212
55213
55213
55214
55216
55217
55217
55218
55218
55218
55218
55218
55221
55224
55224
55224
55224
55224
55228
55228
55228
55228
55229
55230
55231
55231
55236
55236
55237
55237
55238
55239
55240
55242
55242
55243
55244
55245
55245
55246
55246
55246
55249
55249
55249
55251
55251
55253
55253
55253
55253
55253
55256
55257
55258
55261
55262
55263
55263
55265
55266
55266
55267
55268
55268
55270
55270
55272
55272
55272
55274
55274
55274
55277
55278
55279
55279
55279
55281
55282
55282
55284
55285
55285
55286
55286
55286
55288
55288
55289
55291
55291
55293
55294
55294
55296
55297
55297
55298
55298
55301
55301
55302
55302
55305
55305
55307
55308
55308
55308
55310
55310
55310
55310
55313
55313
55315
55317
55317
55317
55318
55318
55319
55320
55322
55322
55325
55325
55326
55326
55326
55327
55329
55331
55332
55332
55334
55334
55335
55336
55337
55337
55337
55339
55341
55341
55341
55341
55341
55341
55343
55346
55347
55347
55350
55350
55351
55351
55351
55351
55355
55356
55357
55358
55358
55358
55359
55361
55361
55362
55364
55364
55365
55366
55366
55369
55370
55370
55370
55371
55372
55373
55373
55376
55377
55378
55379
55379
55380
55380
55381
55381
55381
55386
55386
55386
55387
55389
55389
55389
55389
55390
55393
55395
55395
55396
55397
55397
55398
55398
55401
55401
55403
55403
55403
55403
55403
55405
55407
55409
55410
55411
55412
55413
55414
55414
55415
55415
55415
55415
55418
55418
55419
55420
55422
55423
55425
55426
55427
55427
55427
55429
55431
55431
55431
55431
55431
55434
55435
55436
55437
55439
55440
55440
55441
55441
55441
55441
55441
55441
55444
55445
55447
55450
55451
55452
55452
55454
55454
55454
55455
55458
55458
55459
55460
55461
55461
55462
55464
55464
55465
55466
55466
55468
55469
55470
55471
55471
55471
55471
55475
55476
55476
55478
55479
55479
55481
55482
55482
55483
55484
55484
55484
55486
55488
55489
55490
55491
55492
55492
55494
55494
55494
55497
55497
55498
55500
55500
55500
55502
55503
55503
55503
55506
55506
55508
55508
55508
55511
55511
55511
55511
55514
55514
55516
55516
55517
55518
55519
55520
55522
55522
55523
55523
55523
55523
55523
55523
55524
55530
55530
55532
55532
55534
55535
55535
55537
55538
55538
55539
55539
55539
55542
55543
55545
55545
55546
55547
55548
55548
55548
55550
55550
55551
55551
55553
55555
55556
55556
55556
55558
55559
55560
55563
55563
55564
55565
55566
55566
55566
55566
55567
55567
55570
55571
55572
55572
55573
55575
55576
55578
55578
55578
55581
55581
55581
55582
55586
55586
55586
55587
55588
55590
55591
55591
55592
55593
55593
55596
55596
55596
55598
55600
55601
55601
55603
55603
55605
55605
55606
55606
55606
55608
55611
55611
55612
55612
55612
55615
55617
55617
55617
55618
55618
55621
55621
55622
55622
55625
55625
55626
55628
55629
55630
55630
55632
55632
55633
55634
55635
55637
55637
55638
55638
55639
55639
55640
55640
55643
55643
55645
55645
55646
55648
55649
55651
55652
55653
55654
55655
55655
55657
55657
55659
55659
55660
55660
55660
55660
55662
55662
55667
55668
55668
55670
55671
55671
55672
55672
55672
55673
55673
55676
55678
55679
55680
55681
55682
55682
55682
55683
55686
55687
55687
55687
55688
55688
55691
55693
55693
55694
55694
55695
55698
55699
55700
55701
55702
55702
55703
55704
55704
55706
55706
55706
55707
55709
55710
55710
55713
55715
55716
55716
55717
55719
55719
55720
55722
55722
55723
55724
55725
55727
55727
55727
55727
55730
55731
55732
55732
55734
55734
55735
55736
55738
55738
55739
55741
55741
55743
55744
55745
55746
55747
55748
55749
55749
55752
55752
55752
55752
55753
55756
55757
55757
55759
55759
55760
55760
55764
55764
55764
55764
55764
55765
55768
55768
55768
55772
55773
55773
55776
55776
55776
55779
55779
55779
55780
55781
55783
55783
55783
55783
55783
55783
55785
55786
55786
55789
55790
55792
55792
55792
55796
55798
55798
55799
55799
55803
55803
55804
55806
55806
55806
55807
55808
55809
55811
55812
55813
55814
55815
55815
55815
55816
55818
55819
55821
55821
55823
55824
55826
55827
55827
55827
55828
55829
55831
55832
55832
55835
55836
55836
55837
55839
55839
55841
55842
55842
55842
55843
55844
55844
55845
55845
55850
55851
55851
55851
55851
55855
55855
55855
55855
55859
55859
55861
55862
55862
55864
55864
55866
55866
55866
55869
55869
55869
55870
55873
55873
55875
55876
55877
55878
55879
55880
55881
55881
55883
55884
55884
55884
55885
55885
55885
55890
55891
55891
55892
55895
55896
55896
55897
55899
55899
55900
55902
55902
55903
55904
55905
55907
55907
55907
55909
55911
55912
55914
55914
55914
55916
55917
55917
55920
55920
55920
55922
55922
55924
55924
55924
55926
55926
55926
55928
55931
55932
55932
55934
55936
55936
55938
55938
55938
55941
55942
55943
55944
55945
55946
55947
55948
55950
55950
55950
55951
55952
55955
55956
55957
55957
55959
55960
55960
55961
55963
55963
55963
55964
55965
55966
55966
55966
55968
55972
55973
55973
55975
55977
55977
55977
55977
55981
55981
55983
55983
55985
55985
55986
55988
55989
55990
55991
55992
55992
55993
55994
55996
55997
55998
56000
56001
56001
56002
56002
56003
56005
56005
56008
56008
56009
56009
56010
56013
56013
56014
56015
56017
56019
56019
56021
56021
56023
56024
56024
56026
56026
56028
56028
56028
56030
56031
56032
56032
56034
56034
56035
56035
56040
56041
56041
56041
56041
56042
56046
56046
56047
56049
56050
56050
56051
56054
56055
56055
56055
56056
56057
56060
56061
56062
56063
56064
56064
56064
56066
56068
56069
56069
56070
56073
56074
56075
56076
56076
56076
56079
56079
56081
56082
56082
56084
56085
56086
56086
56088
56090
56091
56091
56091
56091
56095
56095
56097
56098
56098
56098
56101
56102
56103
56104
56106
56107
56108
56108
56110
56112
56112
56112
56114
56114
56116
56118
56119
56119
56121
56122
56123
56124
56124
56127
56127
56127
56130
56131
56131
56133
56133
56134
56135
56137
56139
56139
56140
56142
56142
56144
56145
56145
56147
56147
56147
56151
56151
56152
56153
56153
56153
56153
56153
56155
56156
56160
56163
56163
56163
56166
56166
56167
56168
56169
56171
56172
56172
56175
56175
56175
56176
56176
56178
56180
56181
56183
56183
56185
56186
56186
56186
56187
56188
56188
56189
56193
56194
56194
56196
56196
56196
56201
56202
56203
56203
56203
56205
56205
56208
56209
56210
56211
56211
56211
56215
56216
56216
56217
56217
56219
56221
56221
56223
56225
56226
56227
56227
56229
56230
56232
56232
56233
56233
56236
56236
56238
56239
56241
56241
56241
56244
56244
56245
56245
56247
56249
56250
56250
56252
56252
56255
56255
56255
56257
56257
56259
56262
56262
56263
56264
56266
56266
56266
56267
56271
56271
56271
56271
56275
56275
56275
56277
56279
56280
56281
56281
56283
56284
56285
56285
56288
56289
56290
56291
56291
56293
56293
56296
56297
56298
56299
56301
56301
56301
56302
56305
56305
56307
56308
56309
56310
56311
56311
56311
56315
56316
56316
56317
56319
56319
56319
56319
56321
56321
56323
56326
56327
56327
56329
56331
56332
56332
56332
56334
56335
56337
56337
56337
56338
56342
56345
56346
56347
56347
56349
56349
56350
56351
56354
56355
56356
56356
56357
56357
56357
56357
56358
56359
56363
56363
56363
56363
56363
56364
56368
56368
56374
56376
56376
56378
56378
56378
56381
56381
56382
56383
56383
56383
56388
56388
56388
56389
56390
56391
56392
56396
56396
56398
56398
56399
56401
56402
56402
56404
56406
56407
56408
56409
56411
56411
56411
56411
56411
56416
56416
56416
56417
56419
56419
56423
56424
56426
56427
56427
56428
56428
56429
56429
56432
56433
56435
56436
56439
56439
56439
56441
56443
56443
56443
56447
56447
56447
56450
56450
56451
56454
56455
56456
56457
56458
56460
56460
56461
56461
56463
56464
56465
56465
56469
56470
56471
56471
56473
56475
56475
56477
56478
56479
56481
56481
56483
56484
56484
56485
56486
56486
56489
56489
56492
56493
56494
56495
56496
56497
56498
56500
56501
56502
56503
56503
56504
56506
56507
56510
56510
56510
56512
56513
56514
56517
56517
56519
56519
56519
56519
56520
56524
56526
56526
56526
56529
56529
56532
56532
56532
56535
56535
56535
56539
56540
56540
56543
56544
56545
56547
56547
56548
56548
56551
56551
56551
56553
56555
56557
56558
56559
56561
56562
56563
56564
56564
56564
56567
56567
56567
56569
56571
56571
56571
56575
56575
56577
56577
56579
56582
56582
56582
56583
56584
56585
56588
56590
56592
56593
56594
56594
56595
56595
56597
56597
56601
56602
56602
56602
56604
56607
56608
56609
56611
56611
56613
56613
56616
56617
56617
56619
56620
56621
56622
56624
56624
56624
56626
56629
56629
56630
56631
56631
56633
56635
56635
56636
56639
56639
56640
56642
56642
56645
56647
56648
56648
56650
56651
56651
56651
56655
56656
56657
56658
56658
56660
56663
56664
56665
56666
56666
56666
56669
56670
56670
56671
56673
56675
56676
56677
56679
56680
56680
56681
56682
56683
56686
56688
56690
56691
56691
56693
56694
56696
56696
56698
56699
56700
56700
56702
56704
56704
56706
56708
56708
56710
56712
56713
56713
56714
56715
56716
56717
56718
56718
56718
56723
56724
56725
56725
56729
56730
56731
56731
56734
56734
56735
56737
56738
56738
56738
56742
56743
56743
56746
56746
56748
56748
56751
56752
56754
56755
56756
56757
56758
56759
56761
56762
56762
56765
56766
56767
56768
56769
56770
56772
56773
56774
56774
56777
56778
56779
56781
56782
56784
56784
56786
56786
56787
56790
56791
56792
56793
56793
56795
56797
56798
56798
56798
56798
56803
56805
56806
56806
56806
56810
56810
56811
56813
56813
56815
56817
56818
56820
56821
56822
56823
56823
56823
56823
56825
56828
56831
56831
56833
56834
56836
56838
56838
56838
56840
56840
56840
56843
56846
56847
56848
56850
56850
56850
56850
56855
56855
56857
56858
56860
56862
56862
56864
56865
56867
56867
56868
56870
56870
56873
56873
56873
56873
56876
56876
56877
56877
56883
56883
56883
56883
56886
56887
56891
56891
56893
56894
56895
56895
56896
56899
56901
56902
56902
56902
56903
56905
56906
56907
56909
56909
56910
56911
56915
56918
56919
56920
56921
56921
56924
56925
56927
56927
56928
56931
56932
56932
56934
56935
56935
56938
56938
56939
56939
56942
56942
56943
56946
56949
56950
56951
56951
56951
56952
56954
56958
56959
56959
56959
56960
56961
56962
56962
56968
56968
56968
56972
56973
56974
56974
56977
56977
56978
56978
56980
56980
56982
56984
56986
56987
56987
56988
56988
56991
56992
56993
56998
56998
56998
56998
57001
57004
57006
57007
57009
57009
57010
57011
57012
57014
57015
57015
57015
57020
57020
57020
57022
57025
57025
57025
57026
57029
57032
57033
57035
57036
57037
57037
57038
57040
57040
57041
57044
57046
57047
57048
57050
57051
57053
57053
57056
57057
57058
57060
57060
57063
57063
57065
57066
57067
57068
57070
57070
57073
57074
57074
57074
57077
57079
57079
57080
57080
57084
57084
57087
57088
57088
57091
57092
57093
57094
57097
57098
57098
57099
57099
57100
57104
57104
57106
57108
57109
57111
57111
57114
57114
57116
57116
57120
57121
57122
57122
57122
57123
57124
57124
57124
57128
57129
57134
57136
57137
57138
57138
57139
57142
57143
57143
57143
57143
57146
57147
57150
57152
57155
57156
57156
57156
57158
57162
57163
57163
57163
57164
57167
57167
57168
57172
57172
57175
57176
57177
57177
57179
57179
57179
57181
57186
57186
57186
57187
57192
57192
57193
57194
57194
57198
57198
57201
57202
57203
57203
57207
57207
57207
57207
57210
57212
57213
57213
57217
57219
57220
57222
57222
57222
57223
57225
57228
57230
57230
57232
57232
57234
57235
57238
57238
57238
57242
57242
57242
57243
57244
57246
57246
57246
57252
57255
57255
57255
57258
57258
57258
57259
57261
57264
57266
57268
57270
57270
57273
57273
57273
57274
57277
57279
57280
57281
57281
57284
57284
57286
57289
57289
57291
57293
57293
57293
57297
57298
57300
57300
57301
57301
57302
57304
57304
57304
57309
57311
57313
57313
57316
57318
57318
57321
57321
57324
57324
57327
57327
57329
57331
57333
57333
57334
57336
57336
57338
57338
57341
57342
57343
57346
57347
57349
57349
57352
57352
57352
57356
57357
57359
57359
57360
57362
57362
57362
57367
57367
57370
57371
57371
57375
57375
57377
57377
57378
57378
57382
57384
57385
57387
57389
57390
57391
57393
57394
57395
57395
57397
57398
57399
57403
57405
57405
57406
57408
57408
57410
57410
57411
57411
57412
57418
57419
57419
57421
57423
57423
57425
57428
57429
57430
57432
57435
57436
57437
57437
57437
57441
57443
57443
57444
57444
57448
57450
57450
57453
57453
57455
57456
57457
57460
57460
57460
57462
57463
57464
57468
57468
57469
57469
57474
57476
57476
57477
57480
57482
57483
57483
57484
57488
57488
57490
57490
57493
57494
57496
57497
57498
57501
57501
57502
57504
57504
57508
57510
57511
57512
57514
57515
57515
57516
57516
57521
57521
57523
57523
57524
57527
57529
57531
57531
57532
57534
57534
57535
57537
57541
57541
57543
57546
57547
57547
57547
57550
57550
57553
57554
57556
57557
57557
57562
57564
57565
57566
57568
57570
57570
57572
57572
57576
57577
57577
57579
57579
57582
57582
57584
57588
57588
57589
57591
57591
57592
57595
57596
57598
57599
57602
57602
57605
57605
57606
57609
57609
57610
57611
57615
57615
57615
57620
57620
57622
57623
57625
57627
57627
57628
57629
57631
57632
57632
57638
57638
57641
57641
57643
57644
57646
57646
57647
57648
57652
57652
57655
57656
57658
57660
57660
57660
57665
57666
57668
57668
57671
57671
57674
57675
57676
57676
57677
57677
57682
57683
57686
57687
57688
57689
57691
57691
57693
57694
57698
57698
57700
57700
57703
57704
57705
57708
57710
57711
57712
57714
57715
57717
57717
57719
57720
57724
57725
57727
57727
57729
57731
57732
57733
57736
57736
57737
57741
57741
57743
57745
57747
57748
57748
57749
57749
57751
57754
57755
57755
57756
57759
57760
57763
57767
57767
57767
57768
57772
57773
57773
57774
57778
57779
57779
57782
57785
57785
57788
57788
57790
57791
57794
57796
57797
57797
57801
57801
57802
57802
57804
57804
57806
57806
57810
57813
57814
57817
57818
57818
57820
57823
57825
57825
57825
57825
57827
57827
57831
57833
57837
57840
57840
57840
57844
57844
57845
57845
57845
57849
57851
57852
57856
57858
57859
57861
57862
57863
57866
57867
57867
57869
57871
57874
57875
57875
57878
57880
57880
57882
57882
57886
57888
57889
57890
57893
57893
57895
57896
57899
57899
57902
57902
57904
57907
57908
57909
57911
57911
57913
57914
57917
57918
57918
57921
57921
57926
57926
57928
57929
57930
57930
57932
57933
57936
57937
57937
57939
57942
57947
57947
57948
57950
57950
57953
57956
57956
57956
57956
57960
57964
57965
57965
57969
57970
57970
57973
57974
57976
57978
57978
57979
57981
57983
57985
57986
57990
57991
57992
57993
57994
57997
57998
57998
57998
58001
58006
58007
58009
58010
58011
58013
58013
58016
58016
58020
58021
58021
58025
58025
58028
58030
58032
58033
58035
58037
58038
58038
58040
58041
58043
58047
58047
58049
58049
58051
58053
58055
58058
58059
58061
58062
58063
58065
58067
58069
58071
58071
58072
58072
58073
58074
58074
58080
58080
58082
58084
58087
58090
58090
58090
58091
58092
58097
58101
58101
58102
58102
58105
58109
58110
58110
58113
58115
58115
58119
58119
58122
58122
58125
58127
58128
58129
58129
58131
58131
58134
58136
58140
58142
58142
58145
58146
58146
58148
58148
58151
58152
58153
58154
58155
58157
58164
58165
58166
58167
58167
58172
58173
58175
58175
58179
58180
58181
58182
58182
58184
58187
58189
58189
58190
58192
58192
58192
58192
58201
58202
58204
58205
58206
58208
58212
58214
58215
58216
58217
58218
58218
58223
58224
58226
58227
58227
58231
58233
58234
58234
58235
58239
58240
58242
58245
58246
58247
58249
58252
58253
58253
58254
58255
58261
58263
58264
58265
58265
58266
58271
58271
58271
58272
58278
58278
58280
58282
58283
58283
58284
58285
58288
58292
58292
58294
58299
58299
58301
58302
58305
58306
58308
58311
58311
58312
58313
58314
58319
58320
58323
58324
58326
58326
58326
58326
58326
58328
58329
58337
58337
58340
58343
58344
58347
58348
58349
58352
58352
58354
58354
58355
58357
58361
58361
58362
58362
58364
58369
58370
58370
58376
58376
58376
58377
58378
58378
58378
58380
58390
58392
58392
58392
58392
58396
58398
58401
58401
58401
58401
58404
58407
58408
58410
58415
58418
58419
58422
58423
58424
58426
58427
58429
58430
58434
58436
58436
58437
58439
58442
58443
58446
58448
58449
58450
58452
58454
58455
58457
58457
58461
58463
58465
58465
58466
58469
58473
58474
58475
58475
58477
58477
58477
58484
58487
58488
58491
58491
58491
58496
58497
58497
58497
58503
58504
58504
58505
58509
58510
58511
58511
58514
58514
58520
58522
58523
58524
58525
58527
58530
58533
58533
58534
58536
58539
58540
58543
58545
58545
58549
58551
58553
58553
58554
58554
58558
58561
58562
58562
58563
58566
58570
58571
58571
58573
58574
58579
58582
58582
58585
58587
58587
58587
58588
58588
58588
58598
58598
58602
58604
58604
58607
58607
58607
58608
58609
58613
58614
58617
58620
58621
58626
58626
58626
58630
58630
58635
58635
58635
58638
58641
58642
58643
58643
58643
58646
58651
58654
58654
58658
58661
58662
58662
58662
58666
58668
58668
58671
58675
58677
58677
58678
58681
58682
58684
58685
58687
58687
58694
58695
58697
58698
58701
58703
58703
58707
58708
58709
58710
58711
58712
58712
58712
58719
58720
58725
58727
58727
58729
58733
58733
58737
58739
58739
58743
58743
58744
58747
58750
58750
58750
58755
58757
58759
58760
58760
58765
58766
58768
58768
58771
58774
58775
58775
58780
58780
58780
58780
58784
58787
58788
58788
58792
58794
58797
58799
58802
58802
58805
58809
58809
58812
58814
58816
58817
58818
58818
58819
58820
58824
58824
58828
58832
58835
58837
58837
58837
58840
58845
58846
58846
58847
58850
58851
58851
58856
58857
58857
58857
58862
58863
58869
58871
58871
58874
58874
58878
58878
58880
58880
58886
58886
58889
58891
58893
58895
58898
58899
58901
58903
58906
58906
58910
58910
58910
58913
58915
58920
58921
58922
58926
58926
58928
58929
58930
58932
58937
58937
58941
58941
58943
58946
58949
58950
58953
58954
58956
58958
58958
58959
58961
58966
58966
58969
58970
58971
58971
58974
58974
58975
58984
58986
58988
58988
58990
58993
58993
58993
58993
58998
59001
59004
59006
59010
59011
59013
59015
59016
59017
59019
59019
59025
59025
59025
59027
59030
59034
59035
59035
59037
59038
59038
59040
59042
59049
59049
59050
59056
59056
59059
59062
59064
59067
59069
59070
59072
59075
59076
59076
59078
59078
59082
59087
59088
59090
59093
59095
59097
59099
59101
59101
59101
59103
59107
59108
59113
59114
59115
59116
59119
59120
59122
59123
59127
59130
59132
59136
59137
59138
59140
59140
59142
59144
59149
59149
59153
59156
59156
59157
59162
59162
59166
59166
59166
59167
59168
59171
59172
59174
59175
59177
59179
59181
59184
59192
59194
59195
59199
59199
59200
59203
59203
59206
59209
59211
59211
59216
59219
59221
59223
59225
59226
59227
59228
59231
59234
59237
59238
59241
59243
59243
59243
59249
59251
59251
59256
59258
59259
59261
59264
59265
59267
59271
59271
59274
59276
59279
59280
59280
59283
59285
59288
59289
59291
59294
59295
59298
59300
59304
59305
59308
59309
59312
59312
59313
59313
59316
59318
59321
59322
59324
59331
59334
59335
59335
59340
59340
59342
59345
59348
59349
59350
59355
59355
59358
59358
59359
59363
59364
59368
59368
59369
59370
59375
59378
59379
59381
59386
59387
59391
59391
59391
59394
59394
59398
59403
59404
59406
59407
59407
59409
59410
59418
59419
59419
59420
59425
59426
59426
59432
59434
59435
59436
59441
59442
59442
59448
59448
59451
59451
59452
59453
59458
59459
59466
59466
59468
59469
59473
59476
59477
59477
59477
59484
59485
59486
59486
59488
59489
59493
59499
59500
59501
59506
59507
59507
59510
59510
59511
59519
59520
59524
59524
59526
59529
59529
59534
59535
59536
59540
59544
59546
59548
59548
59549
59549
59555
59558
59559
59562
59562
59564
59565
59567
59567
59573
59575
59577
59583
59586
59587
59589
59589
59594
59595
59598
59599
59599
59601
59603
59607
59610
59614
59615
59618
59618
59619
59621
59627
59627
59627
59630
59637
59638
59639
59643
59643
59644
59648
59650
59652
59655
59657
59661
59662
59664
59667
59670
59672
59672
59675
59677
59677
59677
59683
59687
59687
59691
59693
59695
59697
59701
59703
59704
59704
59706
59709
59715
59716
59719
59721
59721
59725
59725
59727
59733
59735
59737
59738
59738
59744
59746
59749
59750
59750
59755
59756
59760
59763
59765
59767
59769
59770
59770
59774
59776
59777
59780
59782
59786
59788
59793
59793
59793
59797
59797
59804
59806
59806
59807
59808
59810
59811
59817
59821
59822
59823
59823
59827
59831
59835
59837
59839
59843
59843
59844
59847
59850
59853
59854
59856
59862
59863
59866
59868
59868
59871
59871
59874
59876
59882
59884
59887
59888
59888
59895
59895
59897
59897
59900
59902
59908
59908
59913
59913
59918
59919
59919
59919
59920
59921
59926
59926
59937
59938
59941
59944
59945
59948
59950
59951
59951
59954
59957
59959
59962
59964
59964
59964
59971
59971
59978
59980
59984
59987
59987
59989
59989
59990
59997
59997
60001
60004
60006
60010
60012
60012
60013
60018
60022
60023
60023
60026
60026
60029
60029
60032
60037
60043
60044
60044
60044
60049
60050
60050
60061
60062
60065
60067
60071
60072
60073
60076
60079
60080
60082
60087
60087
60092
60094
60097
60100
60102
60103
60106
60108
60110
60110
60111
60114
60121
60122
60123
60127
60130
60132
60135
60136
60140
60141
60146
60147
60150
60153
60153
60155
60156
60163
60166
60168
60171
60172
60174
60177
60180
60181
60184
60187
60191
60191
60195
60195
60197
60203
60206
60206
60208
60208
60216
60216
60216
60220
60222
60226
60226
60228
60233
60233
60235
60240
60241
60242
60248
60253
60253
60253
60253
60263
60264
60266
60266
60267
60276
60277
60279
60282
60285
60285
60285
60285
60287
60298
60298
60299
60299
60303
60304
60310
60313
60317
60321
60322
60326
60326
60328
60330
60330
60333
60336
60343
60346
60346
60351
60354
60355
60359
60362
60363
60366
60367
60368
60370
60374
60374
60380
60384
60384
60388
60388
60388
60391
60397
60402
60402
60408
60409
60409
60416
60416
60416
60417
60422
60428
60432
60432
60435
60439
60440
60442
60447
60447
60449
60449
60450
60451
60457
60457
60465
60471
60472
60472
60475
60477
60478
60485
60485
60488
60494
60495
60496
60496
60504
60505
60505
60508
60510
60514
60520
60521
60524
60526
60530
60531
60533
60533
60535
60542
60545
60549
60550
60552
60555
60556
60559
60564
60565
60565
60570
60574
60574
60581
60583
60586
60589
60590
60590
60595
60598
60603
60604
60607
60610
60610
60615
60617
60618
60623
60624
60628
60628
60629
60635
60640
60642
60644
60648
60648
60649
60652
60652
60653
60654
60665
60665
60670
60672
60673
60677
60678
60680
60684
60691
60694
60695
60696
60700
60704
60708
60711
60712
60715
60719
60719
60719
60725
60725
60729
60734
60737
60739
60743
60743
60745
60747
60747
60757
60759
60761
60764
60765
60768
60774
60776
60779
60782
60783
60784
60788
60793
60795
60795
60798
60800
60800
60804
60807
60807
60809
60818
60821
60822
60828
60831
60832
60832
60837
60842
60845
60848
60851
60851
60855
60855
60863
60865
60868
60870
60872
60876
60876
60876
60876
60879
60890
60894
60894
60895
60899
60903
60906
60909
60912
60912
60912
60918
60923
60926
60927
60930
60933
60935
60935
60937
60948
60948
60950
60953
60954
60958
60959
60964
60966
60971
60974
60975
60975
60982
60983
60983
60984
60993
60993
61001
61002
61008
61011
61012
61015
61018
61022
61023
61025
61027
61032
61035
61038
61042
61042
61045
61050
61054
61054
61056
61058
61059
61060
61060
61074
61076
61078
61078
61080
61083
61089
61092
61098
61098
61101
61101
61103
61110
61115
61116
61116
61117
61126
61126
61127
61132
61132
61135
61139
61140
61148
61150
61155
61159
61159
61163
61168
61170
61174
61176
61177
61182
61184
61184
61191
61194
61195
61197
61197
61202
61207
61207
61216
61216
61219
61225
61226
61229
61234
61237
61240
61241
61245
61245
61251
61254
61257
61258
61261
61266
61266
61273
61276
61276
61280
61284
61287
61291
61291
61292
61296
61303
61305
61305
61310
61310
61314
61317
61323
61325
61331
61332
61334
61336
61340
61345
61345
61351
61353
61356
61357
61357
61368
61371
61372
61373
61378
61379
61382
61388
61391
61394
61397
61401
61404
61407
61410
61410
61416
61416
61419
61419
61429
61432
61432
61433
61440
61442
61443
61448
61451
61451
61461
61462
61467
61468
61473
61473
61474
61482
61484
61487
61487
61494
61498
61499
61499
61508
61509
61513
61513
61513
61523
61524
61526
61530
61535
61539
61539
61545
61546
61551
61552
61554
61561
61563
61564
61566
61574
61576
61576
61577
61581
61584
61584
61593
61600
61602
61603
61605
61609
61612
61619
61623
61626
61628
61629
61630
61635
61636
61639
61642
61643
61643
61649
61657
61664
61667
61667
61673
61677
61678
61680
61682
61686
61691
61696
61701
61701
61703
61707
61708
61714
61717
61722
61726
61727
61731
61734
61738
61739
61745
61745
61747
61750
61756
61758
61764
61764
61764
61767
61778
61779
61780
61787
61788
61795
61796
61802
61803
61809
61811
61811
61817
61818
61818
61820
61823
61825
61834
61837
61841
61845
61847
61854
61855
61861
61863
61865
61865
61876
61876
61878
61882
61890
61892
61895
61895
61898
61898
61903
61913
61916
61916
61918
61923
61929
61932
61937
61941
61944
61945
61946
61950
61956
61961
61962
61962
61968
61969
61969
61976
61976
61982
61985
61994
61996
62000
62001
62008
62009
62012
62015
62018
62018
62022
62029
62034
62034
62037
62037
62039
62045
62048
62049
62054
62067
62067
62074
62075
62082
62083
62086
62088
62090
62098
62103
62104
62104
62104
62106
62116
62117
62119
62125
62134
62137
62140
62140
62141
62146
62151
62152
62156
62159
62163
62170
62170
62179
62179
62184
62190
62195
62197
62197
62205
62205
62210
62216
62219
62219
62223
62227
62227
62233
62241
62244
62248
62252
62256
62259
62262
62265
62269
62274
62276
62278
62284
62284
62286
62291
62294
62302
62303
62303
62310
62313
62314
62321
62326
62327
62329
62335
62342
62343
62343
62348
62349
62356
62357
62368
62372
62374
62378
62382
62383
62383
62394
62395
62400
62405
62407
62408
62409
62414
62418
62421
62421
62422
62437
62441
62441
62449
62449
62454
62459
62463
62468
62471
62472
62478
62482
62482
62489
62492
62492
62501
62501
62508
62513
62513
62513
62522
62525
62525
62535
62535
62542
62547
62547
62548
62553
62560
62561
62566
62572
62576
62577
62585
62589
62592
62595
62597
62599
62601
62601
62609
62612
62623
62624
62628
62634
62634
62637
62643
62650
62654
62654
62657
62662
62664
62673
62674
62681
62684
62685
62693
62695
62699
62703
62706
62706
62707
62712
62720
62723
62724
62735
62737
62743
62746
62751
62753
62754
62759
62762
62762
62771
62771
62775
62781
62787
62790
62793
62794
62804
62810
62812
62816
62817
62820
62830
62833
62834
62836
62836
62844
62852
62856
62859
62862
62866
62870
62872
62882
62883
62884
62884
62892
62899
62905
62905
62914
62915
62922
62922
62924
62926
62931
62942
62946
62950
62951
62955
62961
62966
62968
62968
62979
62982
62986
62989
62989
62995
63002
63007
63008
63009
63014
63019
63027
63033
63033
63039
63042
63044
63044
63056
63060
63065
63066
63067
63075
63081
63084
63085
63087
63094
63094
63105
63111
63111
63117
63117
63120
63124
63127
63134
63144
63147
63149
63151
63156
63157
63168
63171
63175
63175
63184
63187
63194
63194
63203
63207
63207
63216
63218
63222
63229
63233
63233
63238
63241
63242
63249
63257
63263
63267
63271
63271
63272
63275
63278
63284
63288
63302
63304
63310
63313
63314
63321
63327
63330
63332
63332
63344
63345
63348
63357
63358
63362
63370
63371
63371
63381
63383
63388
63397
63398
63404
63410
63414
63415
63417
63418
63418
63437
63441
63442
63442
63452
63455
63461
63464
63472
63475
63476
63476
63481
63489
63494
63500
63507
63509
63513
63519
63523
63530
63531
63535
63540
63541
63547
63557
63557
63561
63563
63569
63573
63578
63579
63584
63594
63596
63596
63606
63615
63620
63621
63627
63627
63631
63641
63642
63648
63649
63658
63659
63660
63672
63677
63684
63688
63689
63690
63699
63707
63709
63715
63715
63725
63728
63733
63734
63737
63737
63738
63747
63759
63766
63766
63768
63774
63775
63779
63795
63800
63800
63805
63812
63812
63817
63821
63832
63832
63836
63840
63849
63854
63854
63863
63864
63868
63872
63878
63881
63885
63897
63901
63904
63913
63917
63917
63927
63932
63934
63941
63943
63950
63953
63961
63963
63969
63975
63980
63983
63983
63986
63996
64002
64002
64014
64017
64017
64028
64028
64036
64036
64036
64039
64046
64055
64065
64070
64072
64075
64083
64083
64085
64102
64103
64103
64109
64117
64117
64124
64134
64136
64138
64143
64150
64158
64158
64163
64164
64179
64184
64190
64193
64196
64203
64207
64209
64213
64220
64228
64229
64230
64245
64249
64251
64254
64257
64259
64261
64270
64276
64281
64291
64296
64299
64309
64312
64316
64324
64327
64338
64342
64348
64348
64348
64355
64362
64369
64372
64373
64387
64387
64391
64401
64404
64408
64414
64422
64422
64423
64430
64437
64448
64454
64458
64458
64464
64475
64477
64484
64486
64498
64502
64508
64509
64509
64514
64522
64535
64536
64542
64544
64550
64552
64564
64569
64572
64578
64580
64589
64592
64604
64604
64614
64615
64615
64622
64634
64640
64642
64649
64651
64660
64660
64660
64666
64671
64689
64695
64699
64703
64706
64708
64722
64726
64728
64732
64732
64740
64755
64759
64765
64768
64777
64782
64783
64786
64798
64803
64806
64815
64819
64822
64828
64832
64834
64845
64854
64860
64866
64868
64871
64878
64880
64885
64890
64890
64893
64913
64917
64926
64932
64935
64942
64950
64950
64951
64957
64959
64968
64974
64983
64985
64989
64995
65002
65011
65012
65025
65034
65037
65039
65043
65057
65063
65064
65068
65071
65078
65079
65086
65091
65104
65112
65121
65127
65131
65136
65140
65145
65156
65157
65159
65160
65167
65172
65178
65185
65185
65188
65211
65219
65219
65226
65231
65236
65246
65256
65258
65258
65272
65278
65280
65284
65295
65302
65304
65305
65316
65323
65332
65333
65342
65342
65357
65361
65367
65368
65371
65381
65393
65400
65402
65408
65414
65415
65417
65435
65438
65441
65441
65453
65453
65459
65461
65464
65465
65491
65499
65507
65513
65517
65518
65533
65536
65538
65538
65538
65542
65559
65575
65581
65586
65588
65596
65600
65610
65613
65614
65631
65637
65642
65651
65656
65657
65668
65673
65677
65677
65688
65699
65708
65708
65713
65728
65733
65734
65741
65744
65755
65760
65769
65774
65782
65789
65795
65805
65807
65812
65816
65831
65836
65840
65845
65856
65857
65865
65877
65881
65889
65891
65896
65902
65904
65916
65921
65933
65937
65939
65941
65954
65959
65975
65980
65985
65986
65994
66001
66007
66018
66028
66029
66031
66036
66044
66047
66069
66070
66070
66081
66083
66099
66100
66117
66122
66130
66133
66135
66148
66152
66153
66169
66171
66174
66176
66180
66181
66199
66217
66223
66231
66235
66245
66252
66255
66258
66271
66275
66275
66294
66298
66306
66314
66320
66321
66327
66329
66346
66350
66354
66361
66377
66377
66377
66396
66400
66410
66417
66423
66423
66426
66428
66450
66460
66466
66472
66481
66484
66500
66504
66511
66520
66524
66527
66529
66550
66555
66558
66563
66575
66583
66585
66588
66594
66610
66617
66626
66627
66638
66643
66645
66666
66674
66680
66680
66692
66702
66708
66715
66717
66720
66728
66733
66737
66740
66757
66761
66763
66786
66786
66808
66814
66819
66827
66839
66846
66852
66852
66857
66861
66880
66884
66891
66900
66914
66917
66926
66932
66936
66937
66949
66954
66970
66980
66989
66997
66998
67006
67009
67024
67030
67041
67051
67062
67062
67064
67070
67079
67097
67105
67105
67121
67124
67139
67146
67154
67158
67171
67175
67187
67195
67203
67204
67204
67220
67220
67237
67246
67253
67268
67274
67279
67292
67296
67308
67315
67316
67316
67328
67339
67345
67349
67369
67369
67385
67389
67400
67409
67412
67418
67418
67444
67445
67464
67468
67481
67484
67497
67499
67499
67517
67528
67535
67536
67547
67562
67572
67577
67577
67588
67603
67608
67609
67615
67640
67647
67651
67664
67667
67681
67689
67696
67704
67709
67716
67721
67728
67731
67736
67748
67762
67775
67775
67778
67810
67812
67814
67834
67836
67846
67860
67870
67879
67879
67882
67906
67911
67918
67926
67930
67954
67961
67961
67974
67974
67993
67998
68010
68018
68028
68039
68042
68058
68071
68079
68081
68093
68105
68108
68119
68132
68141
68151
68159
68171
68178
68187
68190
68198
68209
68211
68233
68243
68244
68258
68260
68271
68290
68290
68294
68306
68322
68325
68340
68354
68367
68368
68376
68391
68402
68413
68413
68423
68434
68453
68453
68468
68472
68487
68498
68504
68514
68519
68531
68532
68532
68551
68569
68579
68586
68601
68614
68628
68630
68642
68642
68660
68672
68686
68686
68687
68714
68721
68724
68725
68732
68741
68766
68779
68793
68804
68814
68814
68826
68838
68842
68848
68871
68880
68881
68889
68900
68921
68926
68939
68957
68966
68975
68990
68992
69009
69015
69027
69041
69048
69060
69069
69070
69092
69095
69112
69118
69127
69128
69143
69160
69160
69187
69198
69209
69221
69224
69239
69248
69260
69269
69272
69286
69291
69307
69316
69339
69343
69356
69367
69375
69394
69395
69408
69418
69422
69443
69443
69470
69480
69480
69497
69497
69513
69527
69544
69560
69568
69581
69590
69598
69606
69621
69621
69626
69638
69670
69670
69674
69686
69687
69698
69711
69743
69757
69761
69769
69778
69792
69806
69834
69841
69841
69856
69876
69879
69895
69896
69902
69909
69930
69962
69968
69968
69969
69970
70010
70013
70023
70046
70068
70071
70086
70094
70098
70110
70124
70151
70153
70166
70169
70196
70211
70222
70228
70251
70254
70256
70259
70264
70304
70323
70336
70339
70353
70371
70384
70385
70408
70414
70428
70433
70463
70471
70484
70496
70512
70527
70542
70546
70566
70567
70580
70587
70620
70625
70627
70650
70653
70658
70690
70696
70701
70737
70738
70746
70771
70785
70790
70792
70823
70830
70840
70842
70857
70879
70909
70913
70914
70926
70948
70954
70975
70998
71005
71030
71045
71059
71071
71083
71092
71105
71116
71122
71123
71127
71152
71170
71172
71195
71226
71239
71252
71253
71281
71294
71302
71333
71342
71349
71354
71358
71404
71410
71438
71453
71469
71470
71489
71507
71525
71540
71545
71556
71575
71590
71593
71613
71645
71648
71671
71680
71697
71701
71711
71727
71737
71762
71776
71783
71798
71822
71845
71867
71882
71891
71903
71920
71924
71932
71964
71979
71988
72004
72005
72006
72043
72057
72080
72093
72116
72149
72156
72169
72192
72208
72220
72232
72259
72259
72263
72301
72327
72338
72348
72369
72387
72398
72411
72437
72457
72466
72479
72485
72505
72530
72548
72563
72584
72600
72600
72622
72656
72657
72667
72707
72710
72719
72737
72741
72781
72807
72815
72836
72861
72862
72888
72888
72897
72934
72934
72943
72985
73012
73031
73033
73072
73077
73092
73120
73131
73148
73148
73184
73212
73236
73244
73265
73266
73291
73316
73317
73358
73366
73384
73386
73386
73388
73393
73412
73496
73528
73538
73572
73584
73607
73611
73630
73662
73666
73670
73695
73724
73737
73772
73794
73817
73832
73834
73853
73860
73877
73905
73937
73944
73945
73983
73985
74035
74037
74043
74121
74128
74145
74182
74192
74218
74221
74240
74261
74280
74302
74306
74369
74393
74393
74393
74412
74417
74477
74511
74541
74559
74559
74593
74611
74636
74650
74660
74692
74705
74706
74778
74801
74811
74817
74834
74835
74875
74905
74949
74955
74973
75017
75040
75060
75088
75117
75122
75149
75153
75178
75231
75236
75263
75265
75318
75331
75346
75349
75403
75404
75467
75482
75509
75536
75559
75587
75592
75600
75608
75631
75653
75693
75704
75760
75804
75828
75829
75885
75911
75918
75961
75986
75994
76028
76061
76092
76094
76115
76120
76120
76214
76226
76234
76270
76292
76318
76369
76370
76405
76427
76450
76464
76497
76510
76571
76601
76643
76644
76704
76718
76733
76774
76789
76843
76851
76885
76898
76953
76966
76995
77045
77068
77102
77112
77147
77163
77209
77214
77245
77306
77311
77311
77331
77335
77385
77453
77484
77488
77506
77579
77589
77625
77667
77735
77748
77756
77763
77797
77823
77857
77919
77981
78009
78030
78040
78094
78107
78129
78208
78245
78258
78312
78320
78323
78347
78420
78463
78517
78522
78550
78568
78580
78599
78669
78701
78730
78765
78819
78879
78909
78964
78986
79003
79054
79102
79134
79136
79163
79163
79167
79167
79208
79336
79349
79368
79480
79492
79509
79536
79541
79564
79603
79662
79828
79863
79871
79956
79969
80006
80059
80104
80124
80149
80222
80278
80285
80325
80369
80428
80468
80476
80500
80576
80629
80666
80690
80716
80739
80801
80900
80901
80910
80976
80986
81050
81109
81149
81272
81305
81350
81377
81426
81431
81508
81548
81555
81665
81713
81729
81783
81892
81939
81953
81978
82057
82106
82184
82243
82293
82309
82395
82406
82499
82523
82538
82631
82696
82710
82773
82812
82929
82953
82970
83067
83142
83144
83205
83209
83274
83339
83485
83506
83570
83588
83644
83665
83743
83771
83894
83978
83985
84029
84173
84234
84257
84348
84350
84476
84497
84591
84652
84711
84730
84806
84829
84849
85086
85112
85200
85265
85330
85447
85473
85543
85598
85699
85758
85817
85851
85884
86042
86053
86181
86295
86368
86468
86477
86507
86509
86540
86828
86914
86974
87063
87172
87195
87283
87400
87471
87562
87597
87721
87770
87855
87984
88045
88192
88286
88336
88440
88451
88671
88694
88844
88894
88928
89029
89182
89367
89451
89455
89539
89632
89803
89968
90092
90138
90160
90394
90455
90582
90621
90705
90751
90980
91045
91295
91322
91359
91630
91674
91854
92015
92151
92151
92194
92226
92455
92552
93003
93039
93191
93347
93391
93616
93641
93693
93836
94051
94083
94499
94583
94728
94893
95124
95176
95342
95428
95456
95868
95883
95988
96498
96709
96732
97230
97421
97481
97630
97737
97877
98082
98539
98782
98993
99172
99509
99832
99987
100103
100240
100277
100708
100854
101533
101662
101800
102215
102376
102920
103029
103152
103673
104228
104505
104760
105222
105538
105949
106345
106612
107110
107203
107396
108262
108351
108815
109289
109453
109941
111270
111405
112062
112705
113022
113058
113891
115302
116044
116131
117203
118166
118181
120025
120383
121403
122326
123845
125172
126199
126494
127773
128348
131546
133342
135364
138474
138756
142347
146097
146858
150103
150273
167566
173800
176139
190994
360507
