1202
862 109
862 156
862 627
109 510
109 474
109 421
109 680
156 59
627 1202
627 185
510 823
510 581
510 978
474 837
474 561
421 548
421 845
680 120
59 1172
1202 459
1202 617
1202 842
1202 994
185 1051
185 614
823 42
823 37
823 177
581 600
581 636
581 189
978 640
978 760
837 748
561 412
561 427
548 698
845 414
120 27
1172 472
1172 7
1172 1059
459 158
617 254
617 172
842 420
842 891
994 161
994 786
1051 895
1051 763
614 1072
614 57
42 1075
42 559
42 1091
37 702
37 1154
177 166
177 677
177 395
600 65
600 327
600 411
636 566
636 1177
636 1119
189 847
640 572
640 51
640 1160
760 493
748 955
748 235
748 450
412 1102
427 1111
427 1168
698 194
698 938
414 424
27 440
472 255
472 1094
7 351
7 153
1059 935
158 969
158 849
254 632
172 1074
420 1188
891 401
161 713
786 529
786 768
895 197
895 77
763 209
1072 873
57 532
1075 308
1075 15
559 321
559 82
1091 909
1091 822
702 396
1154 1021
166 977
166 888
677 381
677 170
395 409
395 1020
65 368
65 29
327 357
327 100
411 419
566 678
566 242
1177 927
1119 498
847 732
847 503
572 330
51 643
51 611
1160 517
1160 621
493 577
493 127
955 912
955 618
235 60
450 986
450 998
1102 836
1102 108
1111 54
1168 754
1168 428
194 726
938 917
938 21
424 660
424 165
440 445
255 803
1094 1003
351 477
153 791
935 117
969 1056
849 1191
632 913
1074 752
1188 68
401 180
713 287
529 770
768 126
197 462
77 1054
209 464
873 926
532 910
308 1146
15 592
321 335
82 821
909 35
822 184
396 1166
1021 1113
977 1115
888 804
381 880
170 275
409 1037
1020 814
368 355
29 1105
357 751
100 757
419 132
678 245
242 623
927 992
498 40
732 271
503 376
330 1028
643 1121
611 919
517 599
621 740
577 78
127 116
912 1153
618 825
60 720
986 344
998 227
836 539
108 1138
54 682
754 812
428 175
726 349
917 733
21 601
660 899
165 305
445 23
803 309
1003 1124
477 269
791 72
117 657
1056 1013
1191 264
913 806
752 613
68 908
180 1164
287 831
770 399
126 483
462 470
1054 692
464 45
926 124
910 1033
1146 982
592 547
335 1136
821 66
35 181
184 487
1166 437
1113 1132
1115 950
804 228
880 266
275 1143
1037 948
814 724
355 703
1105 966
751 97
757 142
132 1200
245 383
623 384
992 111
40 1170
271 1024
376 1084
1028 36
1121 774
919 1179
599 204
740 1106
78 661
116 1134
1153 148
825 914
720 306
344 137
227 736
539 236
1138 1093
682 494
812 885
175 546
349 518
733 610
601 34
899 526
305 996
23 1046
309 291
1124 635
269 941
72 1085
657 773
1013 777
264 234
806 248
613 719
908 771
1164 96
831 562
399 1077
483 143
470 911
692 681
45 1158
124 205
1033 863
982 808
547 500
1136 664
66 1035
181 924
487 67
437 988
1132 957
950 827
228 1050
266 515
1143 579
948 53
724 200
703 360
966 482
97 671
142 147
1200 932
383 765
384 187
111 490
1170 639
1024 1019
1084 226
36 468
774 1184
1179 449
204 199
1106 89
661 870
1134 852
148 221
914 1018
306 1145
137 56
736 697
236 903
1093 782
494 997
885 465
546 560
518 353
610 19
34 625
526 630
996 1095
1046 1031
291 523
635 828
941 1189
1085 991
773 323
777 501
234 91
248 669
719 406
771 798
96 904
562 789
1077 520
143 824
911 764
681 542
1158 706
205 69
863 832
808 1123
500 11
664 951
1035 744
924 1107
67 105
988 340
957 591
827 1065
1050 667
515 144
579 123
53 743
200 841
360 993
482 1163
671 1178
147 79
932 1029
765 659
187 186
490 793
639 1176
1019 473
226 1012
468 1027
1184 342
449 453
199 345
89 303
870 176
852 1169
221 456
1018 979
1145 930
56 1036
697 240
903 346
782 251
997 1141
465 967
560 619
353 402
19 365
625 33
630 407
1095 869
1031 47
523 866
828 690
1189 785
991 387
323 868
501 807
91 1196
669 334
406 956
798 408
904 674
789 86
520 8
824 5
764 637
542 753
706 508
69 886
832 84
1123 551
11 484
951 304
744 10
1107 892
105 531
340 815
591 75
1065 1076
667 1161
144 1101
123 882
743 622
841 676
993 1162
1163 388
1178 13
79 696
1029 705
659 107
186 119
793 700
1176 432
473 436
1012 1090
1027 839
342 301
453 286
345 17
303 1100
176 1109
1169 737
456 843
979 810
930 32
1036 249
240 363
346 898
251 274
1141 946
967 128
619 878
402 1047
365 39
33 28
407 273
869 874
47 907
866 155
690 457
785 413
387 588
868 238
807 633
1196 1096
334 455
956 294
408 761
674 441
86 443
8 901
5 781
637 1197
753 333
508 118
886 530
84 727
551 282
484 1127
304 73
10 580
892 569
531 820
815 373
75 471
1076 525
1161 174
1101 1069
882 310
622 796
676 18
1162 253
388 1201
13 652
696 206
705 83
107 479
119 620
700 596
432 290
436 405
1090 20
839 319
301 61
286 322
17 151
1100 1097
1109 64
737 851
843 201
810 521
32 70
249 1
363 973
898 626
274 58
946 114
128 231
878 438
1047 98
39 364
28 415
273 1014
874 229
907 656
155 519
457 216
413 838
588 50
238 280
633 288
1096 431
455 247
294 1001
761 925
441 687
443 958
901 277
781 3
1197 1128
333 1009
118 1022
530 641
727 650
282 1040
1127 538
73 1181
580 9
569 391
820 1173
373 4
471 816
525 794
174 665
1069 92
310 714
796 783
18 454
253 638
1201 1080
652 960
206 272
83 766
479 370
620 154
596 509
290 695
405 162
20 876
319 811
61 2
322 646
151 369
1097 318
64 63
851 864
201 1052
521 1180
70 730
1 232
973 797
626 43
58 608
114 71
231 887
438 163
98 653
364 311
415 106
1014 95
229 830
656 295
519 604
216 728
838 1043
50 999
280 331
288 299
431 451
247 846
1001 853
925 1126
687 328
958 514
277 1122
3 244
1128 884
1009 867
1022 974
641 902
650 314
1040 805
538 689
1181 1008
9 377
391 881
1173 439
4 1010
816 1005
794 386
665 800
92 933
714 393
783 612
454 190
638 307
1080 1157
960 1171
272 315
766 792
370 694
154 356
509 1112
695 499
162 341
876 434
811 85
2 379
646 655
369 712
318 121
63 267
864 195
1052 1007
1180 534
730 112
232 971
797 146
43 735
608 81
71 475
887 928
163 826
653 707
311 1182
106 191
95 325
830 1017
295 715
604 506
728 666
1043 140
999 389
331 486
299 1174
451 284
846 476
853 448
1126 52
328 1030
514 584
1122 855
244 1070
884 527
867 750
974 87
902 435
314 463
805 575
689 458
1008 215
377 62
881 861
439 1025
1010 686
1005 953
386 896
800 218
933 164
393 1006
612 856
190 679
307 426
1157 469
1171 488
315 259
792 609
694 260
356 972
1112 729
499 480
341 367
434 1068
85 246
379 834
655 99
712 776
121 188
267 297
195 685
1007 1118
534 693
112 795
971 918
146 567
735 141
81 173
475 134
928 801
826 893
707 1038
1182 90
191 192
325 1103
1017 662
715 252
506 787
666 817
140 14
389 394
486 522
1174 603
284 160
476 505
448 537
52 916
1030 723
584 954
855 237
1070 492
527 169
750 1125
87 293
435 152
463 207
575 1167
458 265
215 552
62 489
861 1087
1025 113
686 1082
953 256
896 1011
218 485
164 159
1006 41
856 220
679 624
426 1023
469 688
488 1116
259 615
609 1032
260 860
972 683
729 491
480 844
367 1198
1068 840
246 316
834 563
99 779
776 710
188 88
297 934
685 775
1118 1144
693 466
795 203
918 336
567 1063
141 385
173 1187
134 906
801 704
893 1088
1038 178
90 749
192 1071
1103 516
662 564
252 196
787 573
817 298
14 718
394 731
522 1183
603 818
160 212
505 1062
537 317
916 578
723 894
954 446
237 93
492 296
169 25
1125 49
293 565
152 268
207 478
1167 210
265 651
552 1058
489 1120
1087 1152
113 915
1082 130
256 647
1011 1086
485 835
159 239
41 214
220 243
624 1089
1023 1104
688 26
1116 936
615 769
1032 555
860 183
683 497
491 145
844 949
1198 1108
840 115
316 987
563 649
779 76
710 104
88 513
934 507
775 1092
1144 725
466 802
203 182
336 545
1063 670
385 598
1187 512
906 496
704 150
1088 276
178 168
749 813
1071 1099
516 857
564 12
196 738
573 149
298 755
718 593
731 1039
1183 300
818 634
212 734
1062 358
317 746
578 648
894 961
446 1148
93 261
296 313
25 889
49 767
565 1130
268 324
478 1066
210 759
651 595
1058 606
1120 1079
1152 103
915 672
130 1061
647 1156
1086 762
835 452
239 1073
214 281
243 223
1089 583
1104 1000
26 258
936 467
769 16
555 556
183 110
497 544
145 574
949 337
1108 461
115 642
987 942
649 48
76 131
104 224
513 1199
507 302
1092 944
725 790
802 877
182 970
545 1151
670 390
598 990
512 208
496 788
150 549
276 133
168 1135
813 179
1099 1044
857 741
12 380
738 586
149 858
755 701
593 1186
1039 1083
300 985
634 270
734 644
358 348
746 378
648 976
961 557
1148 699
261 945
313 352
889 198
767 597
1130 1192
324 1110
1066 923
759 1002
595 865
606 883
1079 594
103 398
672 1185
1061 157
1156 809
762 897
452 233
1073 374
281 332
223 418
583 922
1000 1049
258 784
467 983
16 590
556 571
110 1133
544 423
574 241
337 292
461 202
642 940
942 285
48 879
131 361
224 404
1199 854
302 962
944 1078
790 528
877 55
970 616
1151 1026
390 101
990 359
208 1140
788 533
549 1114
133 964
1135 742
179 952
1044 1015
741 607
380 326
586 937
858 1057
701 1041
1186 222
1083 350
985 684
270 587
644 722
348 947
378 543
976 460
557 217
699 417
945 968
352 1193
198 631
597 250
1192 717
1110 980
923 329
1002 74
865 1048
883 984
594 1190
398 312
1185 1142
157 263
809 554
897 80
233 504
374 129
332 995
418 213
922 46
1049 279
784 1053
983 343
590 225
571 400
1133 756
423 136
241 568
292 582
202 135
940 347
285 819
879 289
361 1175
404 339
854 872
962 1195
1078 193
528 975
55 943
616 708
1026 716
101 262
359 1150
1140 1159
533 691
1114 430
964 375
742 747
952 585
1015 645
607 1067
326 38
937 1081
1057 481
1041 495
222 629
350 102
684 442
587 1129
722 711
947 905
543 550
460 654
217 392
417 668
968 320
1193 778
631 24
250 122
717 362
980 929
329 981
74 397
1048 920
984 1165
1190 447
312 502
1142 167
263 94
554 745
80 890
504 875
129 524
995 758
213 1016
46 799
279 44
1053 540
343 1137
225 425
400 663
756 1034
136 829
568 1194
582 1055
135 416
347 1155
819 900
289 444
1175 433
339 354
872 138
1195 673
193 553
975 31
943 410
708 22
716 739
262 871
1150 772
1159 1004
691 1117
430 576
375 371
747 721
585 125
645 850
1067 511
38 959
1081 602
481 536
495 589
629 658
102 422
442 989
1129 429
711 338
905 939
550 139
654 921
392 848
668 965
320 535
778 570
24 372
122 1149
362 171
929 230
981 1042
397 675
920 283
1165 780
447 366
502 1045
167 30
94 931
745 628
890 1064
875 558
524 833
758 1139
1016 6
799 1131
44 1060
540 211
1137 963
425 382
663 541
1034 1098
829 257
1194 1147
1055 605
416 219
1155 278
900 859
444 709
433 403
