7662
6880 4961
6880 7372
4961 302
4961 2818
4961 5362
7372 2286
302 3166
302 4685
2818 3720
2818 7653
2818 5282
5362 2372
2286 7158
2286 5510
2286 1866
2286 5301
3166 3056
3166 461
3166 3218
4685 1790
4685 1928
4685 4771
3720 7423
3720 4415
7653 4628
7653 190
7653 1140
5282 1504
2372 171
2372 3148
7158 6461
7158 4458
7158 3144
5510 4333
1866 2710
1866 2965
5301 6773
5301 4061
3056 5575
461 3567
461 4421
3218 306
3218 1397
1790 96
1790 3896
1928 6547
1928 4203
1928 6063
4771 5279
4771 5247
4771 1197
7423 6504
7423 3070
7423 4547
4415 5403
4628 7390
4628 6592
4628 2498
190 3661
190 5878
1140 6188
1504 1991
1504 7557
171 1128
171 169
171 4858
3148 480
3148 843
3148 7118
6461 2304
6461 6915
6461 4076
4458 1246
4458 853
3144 5804
3144 1816
3144 1748
4333 3636
4333 6398
2710 3909
2710 3171
2965 2558
2965 3523
6773 5246
6773 4244
6773 4305
4061 7348
4061 3416
5575 6401
5575 4176
5575 4722
3567 6473
3567 6337
4421 4344
4421 2511
306 2877
1397 3197
96 285
96 7466
3896 271
3896 1412
6547 7554
6547 527
6547 4572
4203 3481
4203 1176
4203 458
6063 3849
6063 4378
5279 5390
5279 2037
5247 3381
1197 134
6504 3374
3070 1633
4547 6001
4547 6483
5403 7136
5403 2030
7390 6530
7390 4066
6592 4464
2498 6291
2498 2244
3661 6445
3661 3203
5878 6856
5878 4832
6188 3811
1991 4035
7557 6478
1128 2185
169 4250
4858 1464
480 5330
843 5270
7118 307
2304 1414
6915 782
4076 5050
1246 2739
853 1988
5804 1085
1816 4057
1748 6129
3636 4792
6398 6250
3909 6636
3171 3727
2558 4541
3523 3232
5246 5676
4244 3084
4305 2679
7348 5110
3416 5595
6401 6610
4176 4861
4722 3329
6473 5005
6337 4884
4344 5069
2511 476
2877 1156
3197 7382
285 6181
7466 2862
271 7115
1412 1080
7554 2697
527 5803
4572 3930
3481 921
1176 2427
458 4940
3849 6418
4378 4196
5390 1550
2037 4536
3381 2489
134 4232
3374 1468
1633 4477
6001 3928
6483 4538
7136 4323
2030 1499
6530 6806
4066 3905
4464 2250
6291 1846
2244 324
6445 6493
3203 5049
6856 6411
4832 4379
3811 7171
4035 5398
6478 2605
2185 977
4250 2142
1464 4264
5330 1823
5270 5313
307 7311
1414 6006
782 6434
5050 3439
2739 1130
1988 7555
1085 805
4057 3411
6129 2715
4792 7120
6250 2435
6636 2584
3727 3820
4541 3965
3232 3850
5676 3464
3084 4154
2679 2125
5110 7180
5595 4301
6610 5528
4861 1016
3329 1112
5005 1018
4884 6293
5069 5038
476 1004
1156 460
7382 634
6181 2727
2862 5275
7115 6175
1080 6405
2697 6522
5803 4602
3930 294
921 4171
2427 3294
4940 2805
6418 2036
4196 2233
1550 3982
4536 4215
2489 6496
4232 3024
1468 3949
4477 652
3928 3300
4538 2712
4323 954
1499 7629
6806 6743
3905 7596
2250 1103
1846 3840
324 1655
6493 5097
5049 2018
6411 4864
4379 27
7171 7567
5398 1522
2605 2549
977 4075
2142 4993
4264 714
1823 2415
5313 3131
7311 6083
6006 2939
6434 2325
3439 6316
1130 1760
7555 3681
805 4146
3411 2298
2715 3797
7120 7514
2435 6125
2584 1136
3820 3430
3965 662
3850 2335
3464 6861
4154 7579
2125 6168
7180 233
4301 7325
5528 1612
1016 2982
1112 5713
1018 3843
6293 3332
5038 2916
1004 5074
460 559
634 6309
2727 3307
5275 6240
6175 852
6405 1668
6522 1650
4602 7509
294 4747
4171 7249
3294 757
2805 3899
2036 5015
2233 5904
3982 3204
4215 4586
6496 3388
3024 4038
3949 6453
652 7114
3300 1407
2712 4754
954 4949
7629 4787
6743 3637
7596 5259
1103 5356
3840 5610
1655 4446
5097 4350
2018 4979
4864 1618
27 7154
7567 1409
1522 5376
2549 3574
4075 4908
4993 2058
714 2417
2415 1803
3131 6825
6083 4274
2939 6376
2325 1035
6316 4729
1760 2084
3681 3191
4146 5471
2298 488
3797 2365
7514 7034
6125 6952
1136 4857
3430 2367
662 1240
2335 6177
6861 5287
7579 1659
6168 6507
233 4600
7325 3620
1612 7094
2982 6454
5713 3347
3843 7615
3332 1515
2916 3758
5074 4028
559 5954
6309 2430
3307 5694
6240 2096
852 1964
1668 7099
1650 1579
7509 3229
4747 7330
7249 5764
757 967
3899 7101
5015 7376
5904 5472
3204 5258
4586 2008
3388 4648
4038 3807
6453 2359
7114 3682
1407 4605
4754 5205
4949 6069
4787 944
3637 3245
5259 4140
5356 3137
5610 1222
4446 594
4350 486
4979 4953
1618 2354
7154 4050
1409 3692
5376 2507
3574 1602
4908 1433
2058 6322
2417 5612
1803 355
6825 7375
4274 2665
6376 145
1035 854
4729 2666
2084 6584
3191 5320
5471 5222
488 6982
2365 229
7034 6416
6952 5897
4857 3616
2367 3202
1240 3262
6177 3853
5287 478
1659 3989
6507 7024
4600 3705
3620 534
7094 3476
6454 7204
3347 1184
7615 3436
1515 4833
3758 3330
4028 3686
5954 4619
2430 5039
5694 1143
2096 1533
1964 390
7099 7200
1579 2542
3229 5658
7330 6145
5764 3587
967 89
7101 6708
7376 1083
5472 2255
5258 4517
2008 4238
4648 4269
3807 50
2359 1835
3682 5972
4605 6744
5205 3017
6069 3655
944 6808
3245 4959
4140 7063
3137 2387
1222 7413
594 2677
486 2856
4953 2090
2354 7021
4050 4144
3692 928
2507 3704
1602 4843
1433 6089
6322 704
5612 3880
355 3735
7375 3282
2665 7582
145 976
854 1267
2666 514
6584 4222
5320 4913
5222 873
6982 7039
229 1181
6416 1872
5897 5373
3616 6235
3202 4880
3262 4674
3853 5220
478 313
3989 7267
7024 3756
3705 4569
534 4216
3476 4631
7204 7146
1184 1017
3436 6738
4833 3213
3330 5337
3686 6506
4619 6048
5039 2068
1143 4113
1533 4720
390 4221
7200 1001
2542 7542
5658 6380
6145 6810
3587 5371
89 2659
6708 6085
1083 4312
2255 2364
4517 4424
4238 4067
4269 4099
50 4473
1835 1617
5972 1513
6744 5969
3017 4049
3655 6192
6808 4147
4959 2069
7063 5151
2387 292
7413 5946
2677 5115
2856 1106
2090 777
7021 5111
4144 5215
928 5987
3704 5036
4843 2905
6089 6948
704 681
3880 242
3735 3912
3282 4817
7582 443
976 6681
1267 4366
514 6056
4222 2253
4913 1920
873 636
7039 369
1181 2981
1872 3816
5373 4036
6235 2260
4880 2186
4674 3749
5220 391
313 1164
7267 5153
3756 735
4569 1643
4216 3071
4631 2217
7146 6834
1017 1269
6738 5866
3213 2111
5337 3284
6506 3917
6048 5922
2068 5216
4113 2437
4720 3042
4221 3297
1001 3449
7542 778
6380 4437
6810 916
5371 2146
2659 2051
6085 4165
4312 2949
2364 3052
4424 3763
4067 2122
4099 6297
4473 3079
1617 7614
1513 2075
5969 7098
4049 779
6192 7360
4147 2849
2069 362
5151 6845
292 1000
5946 7309
5115 1967
1106 4364
777 4767
5111 2206
5215 1660
5987 5939
5036 4991
2905 1681
6948 3293
681 1777
242 3118
3912 6357
4817 2223
443 599
6681 6262
4366 5059
6056 4235
2253 7265
1920 3795
636 39
369 7326
2981 7479
3816 1137
4036 6997
2260 2373
2186 2172
3749 5191
391 7626
1164 1093
5153 7605
735 1512
1643 1867
3071 7205
2217 894
6834 2087
1269 1715
5866 69
2111 80
3284 2835
3917 4706
5922 1551
5216 5592
2437 6124
3042 971
3297 236
3449 2070
778 6844
4437 1206
916 2662
2146 1505
2051 7441
4165 2908
2949 3543
3052 6232
3763 7544
2122 5297
6297 3801
3079 2258
7614 2241
2075 1380
7098 4271
779 2361
7360 5965
2849 4293
362 1057
6845 6748
1000 5614
7309 579
1967 855
4364 6197
4767 7312
2206 2853
1660 5484
5939 491
4991 2330
1681 2016
3293 951
1777 3230
3118 42
6357 2107
2223 5029
599 5741
6262 1549
5059 3154
4235 4300
7265 2467
3795 1263
39 4142
7326 2501
7479 5439
1137 7122
6997 3817
2373 4790
2172 3809
5191 452
7626 6805
1093 742
7605 7044
1512 7622
1867 7438
7205 872
894 83
2087 6842
1715 5962
69 1369
80 5179
2835 7046
4706 3984
1551 2110
5592 5940
6124 7536
971 6260
236 114
2070 6332
6844 2200
1206 754
2662 927
1505 5414
7441 5299
2908 3143
3543 2127
6232 3428
7544 5316
5297 343
3801 4098
2258 1547
2241 1817
1380 3926
4271 3393
2361 3760
5965 14
4293 5835
1057 5419
6748 1711
5614 2278
579 6451
855 5013
6197 3988
7312 295
2853 5272
5484 6128
491 5044
2330 1324
2016 5117
951 383
3230 6858
42 4748
2107 1279
5029 5464
5741 1050
1549 2559
3154 1229
4300 2714
2467 827
1263 6753
4142 3858
2501 5372
5439 6207
7122 1695
3817 3455
4790 7323
3809 5550
452 6211
6805 7105
742 2681
7044 247
7622 2956
7438 1443
872 405
83 5249
6842 6122
5962 7238
1369 525
5179 4744
7046 3408
3984 1092
2110 7623
5940 2624
7536 3315
6260 6351
114 4240
6332 1472
2200 3608
754 3098
927 5200
5414 5682
5299 6555
3143 426
2127 2633
3428 3020
5316 4779
343 6241
4098 4072
1547 5314
1817 1217
3926 6415
3393 7410
3760 6620
14 7540
5835 2922
5419 1518
1711 6875
2278 776
6451 1544
5013 5602
3988 5739
295 628
5272 4570
6128 2007
5044 528
1324 4606
5117 3889
383 943
6858 3003
4748 5505
1279 4418
5464 5921
1050 6016
2559 3618
1229 2678
2714 6074
827 6020
6753 3288
3858 5056
5372 5624
6207 5734
1695 138
3455 4822
7323 2881
5550 2927
6211 3576
7105 3421
2681 5231
247 7096
2956 3025
1443 4734
405 5836
5249 1578
6122 2611
7238 1749
525 7113
4744 5891
3408 5758
1092 5900
7623 2566
2624 3484
3315 447
6351 4923
4240 4596
1472 3473
3608 3694
3098 1440
5200 107
5682 2318
6555 6563
426 6201
2633 1286
3020 3459
4779 5761
6241 2106
4072 4082
5314 4179
1217 3685
6415 2085
7410 5047
6620 3246
7540 3149
2922 7031
1518 6437
6875 5458
776 2810
1544 6976
5602 501
5739 3649
628 1357
4570 5037
2007 1436
528 5243
4606 86
3889 3724
943 6174
3003 3296
5505 4519
4418 5933
5921 2510
6016 3823
3618 2855
2678 6798
6074 1401
6020 4495
3288 6590
5056 4369
5624 6103
5734 5568
138 3710
4822 7655
2881 1663
2927 4696
3576 1688
3421 3810
5231 1074
7096 9
3025 3093
4734 4537
5836 3700
1578 7317
2611 6848
1749 1954
7113 6307
5891 3453
5758 617
5900 7515
2566 3491
3484 682
447 7546
4923 5821
4596 7446
3473 2050
3694 3112
1440 1833
107 1661
2318 4442
6563 3585
6201 6072
1286 3222
3459 279
5761 6164
2106 6694
4082 1215
4179 6855
3685 4870
2085 6171
5047 7612
3246 4108
3149 1079
7031 4021
6437 564
5458 3382
2810 7157
6976 7197
501 3604
3649 792
1357 3548
5037 4585
1436 6908
5243 6720
86 1776
3724 5869
6174 1326
3296 7645
4519 924
5933 4412
2510 5766
3823 3058
2855 6246
6798 296
1401 3313
4495 4699
6590 3006
4369 7496
6103 3418
5568 164
3710 455
7655 1157
1663 773
4696 1224
1688 508
3810 1487
1074 2789
9 2975
3093 1295
4537 5586
3700 3
7317 2384
6848 4308
1954 5890
6307 4459
3453 6243
617 1968
7515 7442
3491 2538
682 4682
7546 6669
5821 2668
7446 4889
2050 3541
3112 6077
1833 3471
1661 1434
4442 208
3585 5757
6072 1450
3222 7080
279 797
6164 1023
6694 4213
1215 6941
6855 2608
4870 33
6171 101
7612 1568
4108 5534
1079 6131
4021 1418
564 1972
3382 5669
7157 3189
7197 7004
3604 2213
792 2882
3548 4749
4585 5203
6908 2754
6720 4966
1776 23
5869 6933
1326 5460
7645 3463
924 2478
4412 5163
5766 7378
3058 5720
6246 3688
296 1498
3313 7236
4699 3302
3006 1675
7496 4118
3418 393
164 1291
455 5266
1157 6836
773 2128
1224 2108
508 6015
1487 3856
2789 2671
2975 1317
1295 2210
5586 7373
3 4780
2384 5947
4308 692
5890 4565
4459 5347
6243 4160
1968 6183
7442 2
2538 4509
4682 2513
6669 3425
2668 7624
4889 4472
3541 6381
6077 6829
3471 3320
1434 1627
208 7159
5757 1989
1450 6509
7080 3163
797 907
1023 26
4213 6423
6941 6505
2608 1682
33 5622
101 5019
1568 498
5534 3676
6131 7399
1418 5564
1972 3639
5669 440
3189 5095
7004 1445
2213 3156
2882 4511
4749 2496
5203 887
2754 5213
4966 4522
23 3386
6933 6065
5460 2423
3463 4766
2478 3996
5163 3680
7378 4594
5720 899
3688 4998
1498 4719
7236 6004
3302 6816
1675 3950
4118 6765
393 7000
1291 5666
5266 3462
6836 2166
2128 6237
2108 3440
6015 18
3856 3782
2671 4294
1317 6822
2210 659
7373 1531
4780 7568
5947 2470
692 6850
4565 635
5347 3845
4160 5944
6183 4673
2 7156
4509 2421
2513 5975
3425 206
7624 5806
4472 3303
6381 192
6829 3206
3320 5365
1627 2655
7159 1328
1989 3657
6509 4745
3163 360
907 6268
26 5241
6423 1454
6505 5463
1682 3806
5622 4573
5019 790
498 6546
3676 300
7399 992
5564 4111
3639 2161
440 4828
5095 3752
1445 5597
3156 1415
4511 1305
2496 1239
887 1981
5213 1766
4522 665
3386 3274
6065 1399
2423 3445
4766 2777
3996 642
3680 7470
4594 2000
899 4898
4998 920
4719 5852
6004 1779
6816 1644
3950 4349
6765 3717
7000 6777
5666 6163
3462 2436
2166 3532
6237 800
3440 1581
18 483
3782 1323
4294 6934
6822 66
659 5261
1531 5192
7568 5539
2470 4656
6850 4130
635 6150
3845 5723
5944 7650
4673 5413
7156 5161
2421 7394
5975 787
206 2480
5806 3648
3303 4499
192 4657
3206 6094
5365 311
2655 2733
1328 395
3657 6153
4745 1340
360 1212
6268 858
5241 7431
1454 6671
5463 274
3806 5284
4573 670
790 3815
6546 1557
300 5199
992 7621
4111 2362
2161 6757
4828 3099
3752 2183
5597 7569
1415 1585
1305 3160
1239 35
1981 4550
1766 5269
665 238
3274 6579
1399 6353
3445 4023
2777 5681
642 2512
7470 7286
2000 1216
4898 6136
920 1393
5852 5536
1779 146
1644 6989
4349 1944
3717 6054
6777 689
6163 6523
2436 1318
3532 6424
800 4356
1581 6271
483 6899
1323 5507
6934 968
66 7278
5261 4426
5192 7280
5539 62
4656 2737
4130 5863
6150 4475
5723 7534
7650 3706
5413 118
5161 3285
7394 5549
787 2505
2480 1969
3648 1761
4499 2398
4657 451
6094 6662
311 1278
2733 5981
395 6533
6153 2573
1340 2578
1212 1733
858 6486
7431 2660
6671 3103
274 1289
5284 4391
670 7616
3815 3552
1557 6464
5199 2564
7621 5444
2362 3380
6757 5158
3099 3804
2183 1061
7569 4738
1585 7445
3160 2192
35 6269
4550 2682
5269 5656
238 6457
6579 5942
6353 2705
4023 4592
5681 2661
2512 960
7286 1705
1216 2902
6136 3582
1393 2798
5536 7405
146 6600
6989 6289
1944 1738
6054 2363
689 1064
6523 2675
1318 4469
6424 6793
4356 140
6271 4444
6899 3659
5507 3512
968 3014
7278 3855
4426 6179
7280 5724
62 4871
2737 1679
5863 4988
4475 2095
7534 4992
3706 5002
118 1850
3285 1624
5549 4185
2505 5529
1969 4120
1761 7054
2398 6519
451 5478
6662 6524
1278 824
5981 2414
6533 5992
2573 2402
2578 5497
1733 2207
6486 6373
2660 4074
3103 336
1289 884
4391 6244
7616 5032
3552 6096
6464 6983
2564 5594
5444 3474
3380 5926
5158 6346
3804 7057
1061 6926
4738 936
7445 1479
2192 1503
6269 6863
2682 1364
5656 3783
6457 6998
5942 5988
2705 7027
4592 5845
2661 743
960 3526
1705 3142
2902 5637
3582 6142
2798 5542
7405 3493
6600 4660
6289 7179
1738 4190
2363 2680
1064 3501
2675 2343
4469 4184
6793 4796
140 2589
4444 4937
3659 4712
3512 3546
3014 2029
3855 5626
6179 4650
5724 3961
4871 5041
1679 6406
4988 561
2095 4252
4992 6658
5002 5596
1850 2796
1624 1238
4185 4045
5529 7564
4120 2565
7054 6531
6519 3786
5478 2477
6524 728
824 6151
2414 964
5992 2604
2402 3290
5497 6219
2207 576
6373 2453
4074 6613
336 6896
884 4447
6244 7308
5032 5577
6096 2346
6983 2925
5594 282
3474 4989
5926 332
6346 7011
7057 1861
6926 7430
936 6325
1479 2844
1503 2757
6863 6712
1364 937
3783 775
6998 3322
5988 6612
7027 2468
5845 6980
743 4762
3526 1718
3142 3317
5637 1282
6142 1375
5542 2749
3493 5448
4660 2165
7179 2152
4190 7393
2680 7550
3501 4390
2343 6095
4184 1352
4796 3369
2589 3235
4937 694
4712 1012
3546 1829
2029 1284
5626 2205
4650 4319
3961 1351
5041 1492
6406 5010
561 2316
4252 1879
6658 210
5596 4241
2796 1949
1238 4134
4045 1938
7564 4361
2565 1858
6531 1769
3786 1639
2477 893
728 3352
6151 5828
964 7527
2604 5611
3290 4518
6219 193
576 3580
2453 1520
6613 1162
6896 5508
4447 1973
7308 865
5577 1677
2346 2980
2925 108
282 4194
4989 7185
332 7637
7011 2741
1861 6595
7430 676
6325 6828
2844 3530
2757 1119
6712 2845
937 7322
775 2252
3322 5256
6612 3683
2468 257
6980 1712
4762 7068
1718 7116
3317 205
1282 988
1375 6813
2749 4890
5448 6068
2165 7352
2152 3349
7393 7262
7550 2610
4390 6728
6095 4110
1352 186
3369 1292
3235 5152
694 4814
1012 1811
1829 3555
1284 1227
2205 5725
4319 1532
1351 2654
1492 751
5010 1034
2316 6559
1879 2859
210 5335
4241 5889
1949 2692
4134 6538
1938 2781
4361 6428
1858 2148
1769 5718
1639 4583
893 3506
3352 3675
5828 5100
7527 6281
5611 137
4518 645
193 5798
3580 5159
1520 6444
1162 5170
5508 5660
1973 401
865 4496
1677 4092
2980 6055
108 4138
4194 254
7185 3568
7637 6452
2741 2040
6595 1594
676 2972
6828 6648
3530 7083
1119 4306
2845 1007
7322 3437
2252 3916
5256 5500
3683 4765
257 3911
1712 7471
7068 3075
7116 6172
205 7647
988 6520
6813 3168
4890 4791
6068 6036
7352 6120
3349 1190
7262 7313
2610 2400
6728 3564
4110 7401
186 7207
1292 1734
5152 7433
4814 7387
1811 7358
3555 1862
1227 2032
5725 4683
1532 7087
2654 2836
751 6985
1034 3045
6559 1907
2859 1674
5335 1337
5889 185
2692 3023
6538 3719
2781 7041
6428 1052
2148 1596
5718 3252
4583 4513
3506 1998
3675 5227
5100 5667
6281 3753
137 5616
645 1978
5798 3798
5159 1831
6444 5881
5170 6487
5660 6618
401 7575
4496 1958
4092 3496
6055 4175
4138 5172
254 2588
3568 2301
6452 4782
2040 6318
1594 4795
2972 1356
6648 1063
7083 5647
4306 2053
1007 5062
3437 1797
3916 926
5500 5714
4765 4096
3911 5607
7471 4951
3075 1388
6172 3157
7647 2509
6520 7346
3168 3132
4791 5855
6036 1299
6120 1207
1190 2360
7313 1820
2400 4298
3564 1921
7401 4440
7207 7418
1734 996
7433 7524
7387 2904
7358 592
1862 7051
2032 4679
4683 3841
7087 5333
2836 7282
6985 4853
3045 4994
1907 5103
1674 3097
1337 1546
185 4901
3023 4862
3719 4063
7041 7183
1052 770
1596 5018
3252 1783
4513 2487
1998 7233
5227 6551
5667 826
3753 7595
5616 4723
1978 6895
3798 6442
1831 5778
5881 388
6487 533
6618 4584
7575 5052
1958 4352
3496 7193
4175 2884
5172 1577
2588 606
2301 1048
4782 4079
6318 4878
4795 6114
1356 1174
1063 1300
5647 6731
2053 4032
5062 3309
1797 2001
926 4524
5714 3001
4096 6831
5607 5489
4951 2868
1388 5023
3157 3886
2509 5523
7346 584
3132 1297
5855 1690
1299 3214
1207 2639
2360 2870
1820 1985
4298 1459
1921 2238
4440 7270
7418 1840
996 2401
7524 2101
2904 1702
592 1036
7051 2760
4679 5164
3841 1165
5333 2198
7282 133
4853 298
4994 1028
5103 2243
3097 3507
1546 5569
4901 7473
4862 6239
4063 5524
7183 430
770 3165
5018 4924
1783 4248
2487 6686
7233 5072
6551 7107
826 1273
7595 4210
4723 3868
6895 3469
6442 699
5778 4168
388 444
533 2405
4584 1477
5052 5690
4352 3765
7193 2317
2884 1377
1577 125
606 5480
1048 923
4079 19
4878 5292
6114 764
1174 5655
1300 6064
6731 2674
4032 7303
3309 3104
2001 5747
4524 6059
3001 3409
6831 6747
5489 5106
2868 3895
5023 1625
3886 6996
5523 1930
584 423
1297 4129
1690 5537
3214 2329
2639 1254
2870 7260
1985 7651
1459 558
2238 1737
7270 3198
1840 6474
2401 6969
2101 1987
1702 5952
1036 4122
2760 912
5164 3359
1165 93
2198 3781
133 850
298 1097
1028 3666
2243 3511
3507 3015
5569 3394
7473 5604
6239 3908
5524 1171
430 2214
3165 5368
4924 3028
4248 1456
6686 7166
5072 6735
7107 3126
1273 5661
4210 5543
3868 1652
3469 844
699 5054
4168 3563
444 5834
2405 4698
1477 4559
5690 6193
3765 5412
2317 175
1377 6957
125 3153
5480 5665
923 4505
19 471
5292 4102
764 2769
5655 2989
6064 6921
2674 1160
7303 1313
3104 947
5747 6644
6059 3277
3409 37
6747 5280
5106 3270
3895 1563
1625 5588
6996 5738
1930 6526
423 1247
4129 4571
5537 1350
2329 4512
1254 4155
7260 4896
7651 5598
558 4253
1737 6320
3198 1494
6474 85
6969 2691
1987 1560
5952 7427
4122 4318
912 6256
3359 5735
93 1534
3781 1877
850 2560
1097 1105
3666 7314
3511 637
3015 5990
3394 2019
5604 6147
3908 6280
1171 109
2214 2866
5368 4869
3028 4514
1456 6835
7166 1275
6735 6186
3126 1493
5661 7487
5543 5919
1652 3489
844 3419
5054 535
3563 5498
5834 288
4698 473
4559 1047
6193 671
5412 880
175 6803
6957 2336
3153 6427
5665 4911
4505 148
471 2840
4102 840
2769 6299
2989 402
6921 1129
1160 1316
1313 317
947 6774
6644 3102
3277 5784
37 1248
5280 7130
3270 769
1563 830
5588 6852
5738 3773
6526 5608
1247 3646
4571 930
1350 4697
4512 47
4155 4314
4896 2906
5598 1902
4253 6693
6320 3793
1494 1467
85 1252
2691 2492
1560 1980
7427 3621
4318 7091
6256 1794
5735 4963
1534 1892
1877 1906
2560 5366
1105 4084
7314 3606
637 5580
5990 5565
2019 2355
6147 4996
6280 2931
109 3225
2866 5514
4869 2331
4514 2305
6835 1962
1275 876
6186 2959
1493 7102
7487 2374
5919 2517
3489 5957
3419 6189
535 174
5498 1462
288 5653
473 1824
1047 7005
671 419
880 3913
6803 277
2336 3376
6427 6431
4911 6715
148 4542
2840 4850
840 4339
6299 1430
402 6939
1129 3854
1316 5238
317 6807
6774 2728
3102 7384
5784 6702
1248 1966
7130 6663
769 6804
830 4735
6852 799
3773 2648
5608 1881
3646 5512
930 1194
4697 6092
47 6886
4314 78
2906 6582
1902 1834
6693 3066
3793 1390
1467 2151
1252 7307
2492 6651
1980 5453
3621 2875
7091 4632
1794 4692
4963 815
1892 3707
1906 5462
5366 4407
4084 4710
3606 5384
5580 6200
5565 845
2355 6386
4996 487
2931 1678
3225 4978
5514 6218
2331 6937
2305 5605
1962 1915
876 4823
2959 2024
7102 3431
2374 731
2517 4159
5957 2649
6189 5715
174 4849
1462 620
5653 1395
1824 4384
7005 6881
419 3565
3913 1510
277 4157
3376 6674
6431 3180
6715 2973
4542 2020
4850 994
4339 5402
1430 6341
6939 3653
3854 4002
5238 6729
6807 3343
2728 2464
7384 347
6702 2273
1966 744
6663 7217
6804 1875
4735 7100
799 614
2648 1554
1881 4816
5512 970
1194 4329
6092 4348
6886 4188
78 3691
6582 1322
1834 5659
3066 1180
1390 3085
2151 6763
7307 6436
6651 3893
5453 3179
2875 1959
4632 4205
4692 7521
815 1225
3707 1564
5462 5920
4407 1185
4710 6144
5384 6718
6200 1886
845 2333
6386 467
487 1220
1678 7143
4978 1327
6218 291
6937 6100
5605 6602
1915 3122
4823 7589
2024 3656
3431 1996
731 1476
4159 1763
2649 2762
5715 1813
4849 7142
620 245
1395 2591
4384 4200
6881 2851
3565 4117
1510 2063
4157 551
6674 3953
3180 6799
2973 5578
2020 550
994 1439
5402 5941
6341 2102
3653 4236
4002 4474
6729 3251
3343 1378
2464 6333
347 2903
2273 1709
744 6231
7217 485
1875 1757
7100 5133
614 946
1554 5346
4816 3115
970 5802
4329 1255
4348 7229
4188 6081
3691 6146
1322 6196
5659 5884
1180 798
3085 6870
6763 3869
6436 4859
3893 627
3179 2234
1959 737
4205 2711
7521 3190
1225 4556
1564 2175
5920 5929
1185 3183
6144 6421
6718 2912
1886 4116
2333 7187
467 7237
1220 5171
7143 7026
1327 5797
291 7062
6100 2027
6602 2699
3122 5048
7589 1672
3656 2684
1996 4836
1476 5907
1763 896
2762 1561
1813 5308
7142 6104
245 2002
2591 905
4200 6111
2851 4423
4117 5684
2063 4139
551 6668
3953 251
6799 2303
5578 5753
550 5551
1439 7131
5941 1037
2102 2396
4236 3046
4474 6630
3251 828
1378 7006
6333 6003
2903 3713
1709 4533
6231 1647
485 641
1757 1002
5133 3671
946 4355
5346 578
3115 7636
5802 7302
1255 333
7229 1904
6081 5034
6146 1261
6196 6441
5884 15
798 781
6870 448
3869 1099
4859 7635
627 1315
2234 2988
737 4523
2711 7304
3190 1574
4556 163
2175 5642
5929 7609
3183 4223
6421 122
2912 3088
4116 1478
7187 7639
7237 2488
5171 2203
7026 6528
5797 6002
7062 6721
2027 6936
2699 2254
5048 3860
1672 2465
2684 7617
4836 4839
5907 7444
896 2461
1561 4402
5308 5086
6104 4047
2002 919
905 2629
6111 5722
4423 1719
5684 5985
4139 5885
6668 1084
251 7581
2303 6397
5753 1806
5551 6221
7131 5325
1037 4928
2396 7483
3046 7014
6630 6953
828 6741
7006 3460
6003 5431
3713 6383
4533 2039
1647 5271
641 268
1002 7283
3671 81
4355 2999
578 4750
7636 5731
7302 3444
333 2105
1904 3465
5034 6109
1261 5999
6441 938
15 1521
781 4027
448 5923
1099 7533
7635 1274
1315 4725
2988 70
4523 7064
7304 1111
1574 4530
163 1955
5642 2618
7609 6701
4223 7460
122 1117
3088 2524
1478 1767
7639 2226
2488 4137
2203 3363
6528 4465
6002 6771
6721 4622
6936 4840
2254 3415
3860 2518
2465 4287
7617 7511
4839 2947
7444 6956
2461 6363
4402 7147
5086 2490
4047 7252
919 2177
2629 5193
5722 191
1719 5263
5985 7097
5885 2065
1084 322
7581 4261
6397 547
1806 7642
6221 1868
5325 5545
4928 4425
7483 1623
7014 3842
6953 1649
6741 421
3460 7174
5431 6893
6383 6991
2039 3784
5271 4488
268 6716
7283 3561
81 7195
2999 7305
4750 5233
5731 4380
3444 4531
2105 1716
3465 519
6109 1242
5999 1325
938 4950
1521 2290
4027 94
5923 4553
7533 5033
1274 761
4725 7452
70 4299
7064 4326
1111 7137
4530 465
1955 2013
2618 4177
6701 6812
7460 6529
1117 3673
2524 3040
1767 5467
2226 5293
4137 677
3363 131
4465 1151
6771 861
4622 6160
4840 249
3415 3327
2518 6697
4287 3605
7511 3478
2947 1172
6956 1847
6363 1911
7147 3581
2490 6190
7252 3038
2177 834
5193 6091
191 4158
5263 5971
7097 3047
2065 883
322 7506
4261 7371
547 4654
7642 3674
1868 2308
5545 3292
4425 939
1623 2651
3842 4336
1649 2060
421 6883
7174 87
6893 2062
6991 3959
3784 3182
4488 6733
6716 2568
3561 7532
7195 5683
7305 646
5233 4501
4380 2451
4531 5344
1716 1005
519 6265
1242 56
1325 1142
4950 6897
2290 1947
94 6370
4553 414
5033 4701
761 3796
7452 7277
4299 5198
4326 6631
7137 4209
465 1657
2013 1897
4177 6391
6812 759
6529 2813
3673 1046
3040 6108
5467 6801
5293 13
677 3412
131 3482
1151 5240
861 4265
6160 2086
249 7254
3327 6185
6697 4180
3605 4325
3478 4020
1172 5909
1847 5579
1911 2264
3581 5009
6190 5730
3038 7417
834 3967
6091 789
4158 6228
5971 1360
3047 7223
883 5319
7506 1071
7371 5871
4654 409
3674 3316
2308 6292
3292 6472
939 6751
2651 7594
4336 3068
2060 5428
6883 4131
87 2123
2062 556
3959 5305
3182 7440
6733 3696
2568 6872
7532 2251
5683 102
646 2896
4501 1065
2451 786
5344 5984
1005 6714
6265 745
56 5296
1142 6236
6897 4835
1947 2933
6370 1940
414 5522
4701 4153
3796 5775
7277 5232
5198 5846
6631 4976
4209 2409
1657 892
1897 221
6391 3458
759 1683
2813 680
1046 252
6108 6407
6801 5765
13 7429
3412 416
3482 6212
5240 736
4265 687
2086 2010
7254 5185
6185 2550
4180 2791
4325 6446
4020 6871
5909 5590
5579 4925
2264 4279
5009 1116
5730 6960
7417 6050
3967 2788
789 6755
6228 862
1360 5101
7223 3318
5319 2616
1071 6251
5871 6306
409 3286
3316 6752
6292 1394
6472 4224
6751 239
7594 5383
3068 3215
5428 150
4131 3562
2123 1747
556 4461
5305 6838
7440 2033
3696 4609
6872 2983
2251 3505
102 831
2896 1120
1065 6295
786 6335
5984 1033
6714 1586
745 6696
5296 116
6236 1865
4835 3434
2933 475
1940 5379
5522 5982
4153 541
5775 661
5232 6913
5846 7454
4976 4335
2409 4860
892 5839
221 1630
3458 154
1683 6005
680 3128
252 2745
6407 3127
5765 4090
7429 4753
416 591
6212 4868
736 1281
687 629
2010 3331
5185 1258
2550 2998
2791 720
6446 3571
6871 3019
5590 4439
4925 1830
4279 4409
1116 3737
6960 1905
6050 4854
2788 3874
6755 1615
862 3193
5101 2626
3318 4022
2616 1121
6251 3772
6306 888
3286 3776
6752 3521
1394 3663
4224 1363
239 3371
5383 1555
3215 2035
150 3814
3562 823
1747 457
4461 6098
6838 4944
2033 2532
4609 4396
2983 422
3505 1961
831 611
1120 6395
6295 1081
6335 6514
1033 2932
1586 4166
6696 3818
116 4894
1865 7512
3434 4450
475 3915
5379 2178
5982 5818
541 126
661 1844
6913 3943
7454 2164
4335 668
4860 7661
5839 5057
1630 4331
154 966
6005 4288
3128 2719
2745 6607
3127 3695
4090 1535
4753 3201
591 7350
4868 3986
1281 1691
629 6645
3331 2672
1258 3875
2998 5532
720 3960
3571 2411
3019 5081
4439 1405
1830 654
4409 2153
3737 1795
1905 4784
4854 5000
3874 2288
1615 2328
3193 7428
2626 3667
4022 940
1121 1853
3772 5061
888 2009
3776 1166
3521 1423
3663 3537
1363 6026
3371 6252
1555 2230
2035 715
3814 4088
823 4273
457 1807
6098 7432
4944 820
2532 2581
4396 1869
422 6873
1961 2011
611 4831
6395 6264
1081 3709
6514 3220
2932 3487
4166 1077
3818 1339
4894 6779
7512 1306
4450 860
3915 325
2178 4341
5818 2886
126 5729
1844 2571
3943 5245
2164 6891
668 7128
7661 4178
5057 3591
4331 6148
966 5102
4288 4431
2719 4410
6607 477
3695 3082
1535 5236
3201 7600
7350 6362
3986 5436
1691 5645
6645 91
2672 2890
3875 5359
5532 5823
3960 1894
2411 6621
5081 1870
1405 6302
654 3643
2153 6489
1795 3188
4784 1453
5000 6704
2288 3877
2328 4824
7428 4443
3667 6267
940 3925
1853 434
5061 2187
2009 3533
1166 3271
1423 7649
3537 4527
6026 25
6252 4774
2230 6512
715 6766
4088 4420
4273 5382
1807 3339
7432 2766
820 664
2581 7409
1869 6356
6873 1517
2011 5351
4831 1946
6264 5071
3709 4566
3220 1841
3487 7298
1077 4156
1339 5374
6779 6974
1306 598
860 6141
325 2787
4341 5781
2886 1909
5729 5705
2571 6554
5245 2977
6891 6447
7128 3424
4178 657
3591 3528
6148 7411
5102 4471
4431 2696
4410 6999
477 1387
3082 7281
5236 6578
7600 5516
6362 3778
5436 4958
5645 5187
91 6940
2890 5426
5359 6521
5823 5556
1894 6501
6621 3263
1870 2446
6302 7279
3643 7426
6489 859
3188 3693
1453 1910
6704 4881
3877 1507
4824 7210
4443 3970
6267 4456
3925 5789
434 1613
2187 4087
3533 219
3271 1219
7649 7119
4527 3934
25 4943
4774 3947
6512 516
6766 2293
4420 6019
5382 3832
3339 2740
2766 2784
664 4560
7409 2834
6356 1013
1517 4186
5351 7213
1946 4866
5071 6954
4566 538
1841 2628
7298 3173
4156 1759
5374 593
6974 3633
598 5657
6141 2012
2787 5525
5781 4977
1909 6841
5705 1053
6554 4197
2977 2892
6447 1199
3424 1287
657 5202
3528 6689
7411 7243
4471 7412
2696 829
6999 6532
1387 660
7281 40
6578 3851
5516 4785
3778 5910
4958 5234
5187 3010
6940 1827
5426 989
6521 4568
5556 1539
6501 7349
3263 5394
2446 1177
7279 6994
7426 5360
859 7065
3693 7397
1910 1580
4881 7332
1507 3200
7210 1792
3970 3360
4456 3344
5789 2450
1613 3728
4087 4321
219 429
1219 915
7119 3346
3934 5930
4943 4119
3947 1901
516 353
2293 1948
6019 5139
3832 1601
2740 4136
2784 3641
4560 1153
2834 4633
1013 3375
4186 1195
7213 374
4866 4275
6954 2231
538 1045
2628 2823
3173 3971
1759 3261
593 746
3633 41
5657 2917
2012 7215
5525 3051
4977 431
6841 7576
1053 1041
4197 5025
2892 2129
1199 908
1287 5865
5202 6594
6689 4801
7243 6624
7412 2707
829 6623
6532 5709
660 396
40 3335
3851 2114
4785 2312
5910 3334
5234 688
3010 6425
1827 4607
989 608
4568 6986
1539 758
7349 5702
5394 5782
1177 6450
6994 7388
5360 6782
7065 3716
7397 835
1580 1067
7332 5329
3200 1610
1792 5687
3360 5932
3344 5197
2450 819
3728 3495
4321 2735
429 1089
915 3979
3346 2272
5930 6152
4119 597
1901 2529
353 2005
1948 3026
5139 3241
1601 24
4136 3544
3641 2736
1153 3477
4633 4740
3375 2168
1195 911
374 5517
4275 4613
2231 5633
1045 3044
2823 1687
3971 7357
3261 3383
746 7608
41 3882
2917 6040
7215 4624
3051 263
431 3358
7576 673
1041 7385
5025 6031
2129 7144
908 5672
5865 1264
6594 1314
4801 5302
6624 554
2707 2883
6623 3004
5709 3852
396 6368
3335 6769
2114 1149
2312 6961
3334 6625
688 7368
6425 3076
4607 7318
608 3340
6986 6105
758 4678
5702 2923
5782 2821
6450 5695
7388 6589
6782 4558
3716 2307
835 1109
1067 55
5329 5469
1610 5963
5687 5746
5932 6165
5197 3958
819 3414
3495 3611
2735 5540
1089 6679
3979 4115
2272 490
6152 3109
597 5418
2529 1782
2005 4819
3026 1481
3241 5208
24 1441
3544 2607
2736 5127
3477 5387
4740 1502
2168 6860
911 6588
5517 3738
4613 2786
5633 1926
3044 270
1687 4286
7357 3405
3383 1810
7608 1864
3882 4000
6040 5395
4624 3223
263 4985
3358 5638
673 2195
7385 2694
6031 4904
7144 956
5672 3456
1264 7634
1314 848
5302 3729
554 5264
2883 2623
3004 1952
3852 5340
6368 2282
6769 5977
1149 3063
6961 389
6625 7192
7368 3336
3076 4161
7318 679
3340 1739
6105 4690
4678 3368
2923 6119
2821 75
5695 1245
6589 1218
4558 4612
2307 5824
1109 7172
55 4281
5469 2829
5963 5678
5746 2267
6165 6285
3958 2713
3414 4259
3611 6388
5540 610
6679 2176
4115 6070
490 7012
3109 3398
5418 6296
1782 3184
4819 3016
1481 1358
5208 5024
1441 3650
2607 6037
5127 5087
5387 5230
1502 7112
6860 3032
6588 3819
3738 127
2786 1899
1926 3472
270 3593
4286 768
3405 4644
1810 5399
1864 2869
4000 1857
5395 2554
3223 4297
4985 5613
5638 3812
2195 683
2694 2268
4904 2014
956 2079
3456 6809
7634 2620
848 2135
3729 3036
5264 6024
2623 5125
1952 1825
5340 4403
2282 7403
5977 3956
3063 4148
389 6859
7192 979
3336 605
4161 3258
679 2535
1739 4957
4690 6331
3368 2173
6119 3774
75 1558
1245 5250
1218 4851
4612 4591
5824 5434
7172 3740
4281 6257
2829 2625
5678 2045
2267 2378
6285 7089
2713 2256
4259 2197
6388 6426
610 6968
2176 909
6070 7076
7012 7658
3398 6837
6296 162
3184 4053
3016 120
1358 4078
5024 4068
3650 2594
6037 2322
5087 6759
5230 6660
7112 2698
3032 6012
3819 3199
127 3922
1899 3485
3472 3813
3593 7455
768 2614
4644 3901
5399 1992
2869 2395
1857 6995
2554 7662
4297 7178
5613 1015
3812 6166
683 3651
2268 1735
2014 199
2079 6497
6809 7468
2620 983
2135 5849
3036 97
6024 2285
5125 1925
1825 6736
4403 4956
7403 6815
3956 6642
4148 2861
6859 869
979 1785
605 5169
3258 1789
2535 3672
4957 4611
6331 7138
2173 67
3774 1732
1558 856
5250 3652
4851 3780
4591 2731
5434 6385
3740 246
6257 6469
2625 3826
2045 5552
2378 6548
7089 6375
2256 515
2197 3702
6426 5936
6968 5084
909 6245
7076 5277
7658 4127
6837 3997
162 5482
4053 4626
120 4921
4078 5186
4068 3059
2594 5290
2322 2391
6759 5014
6660 1385
2698 7347
6012 4220
3199 2302
3922 1662
3485 1609
3813 4877
7455 607
2614 4540
3901 7601
1992 5225
2395 2953
6995 4546
7662 5265
7178 5303
1015 891
6166 7439
3651 2899
1735 2909
199 399
6497 394
7468 2067
983 6692
5849 2503
97 2371
2285 3557
1925 6678
6736 4967
4956 7643
6815 7420
6642 2188
2861 417
869 3715
1785 2992
5169 2528
1789 4708
3672 4846
4611 7453
7138 5721
67 84
1732 7029
856 3876
3652 1391
3780 4278
2731 2326
6385 5437
246 2935
6469 1491
3826 4520
5552 1381
6548 3540
6375 2615
515 647
3702 643
5936 7482
5084 5078
6245 5860
5277 5204
4127 4686
3997 5840
5482 2874
4626 4187
4921 5875
5186 2918
3059 2454
5290 2622
2391 5618
5014 3535
1385 1903
7347 6965
4220 3597
2302 3111
1662 5181
1609 334
4877 280
607 7023
4540 5712
7601 1410
5225 3531
2953 3226
4546 4008
5265 5584
5303 2929
891 371
7439 984
2899 1188
2909 2444
399 4529
394 2759
2067 2296
6692 4775
2503 1019
2371 1770
3557 5943
6678 82
4967 2428
7643 810
7420 7181
2188 2744
417 4671
3715 1253
2992 5697
2528 6796
4708 505
4846 3101
7453 5853
5721 4103
84 1852
7029 2948
3876 644
1391 2425
4278 821
2326 2944
5437 4544
2935 4581
1491 7045
4520 3542
1381 1223
3540 3002
2615 6438
647 1241
643 555
7482 6259
5078 4242
5860 5091
5204 6458
4686 4429
5840 44
2874 2017
4187 4809
5875 2938
2918 4453
2454 6449
2622 3767
5618 6113
3535 1192
1903 3974
6965 5541
3597 3906
3111 6571
5181 7121
334 4201
280 5096
7023 3470
5712 1335
1410 3377
3531 1056
3226 3301
4008 6314
5584 5538
2929 1213
371 1642
984 6409
1188 6781
2444 2323
4529 1078
2759 4929
2296 1995
4775 5099
1019 2136
1770 6029
5943 6030
82 4132
2428 7198
810 1361
7181 5430
2744 5304
4671 2225
1253 2969
5697 5654
6796 7001
505 5859
3101 5433
5853 2006
4103 1754
1852 6770
2948 7170
644 3748
2425 7632
821 1819
2944 482
4544 999
4581 4746
7045 7291
3542 7419
1223 6107
3002 502
6438 3242
1241 6028
555 7379
6259 7396
4242 7331
5091 7079
6458 4637
4429 4636
44 4508
2017 4930
4809 4781
2938 6565
4453 1885
6449 3553
3767 2184
6113 4700
1192 173
3974 3910
5541 4227
3906 284
6571 410
7121 7227
4201 3055
5096 4292
3470 3333
1335 2770
3377 2349
1056 4608
3301 6408
6314 5777
5538 1471
1213 6553
1642 690
6409 6638
6781 5749
2323 2046
1078 7414
4929 6905
1995 4769
5099 2441
2136 1778
6029 4974
6030 1311
4132 7168
7198 5809
1361 187
5430 7556
5304 7548
2225 6032
2969 3983
5654 4086
7001 5691
5859 7247
5433 5408
2006 2404
1754 3733
6770 4342
7170 4873
3748 7598
7632 2652
1819 4468
482 7095
999 5506
4746 3096
7291 5093
7419 3365
6107 161
502 7256
3242 1196
6028 1994
7379 6352
7396 1589
7331 560
7079 1175
4637 5350
4636 4083
4508 6709
4930 4641
4781 2646
6565 6656
1885 6787
3553 1416
2184 5358
4700 3951
173 710
3910 2880
4227 5148
284 3124
410 3196
7227 2485
3055 6567
4292 6839
3333 3609
2770 189
2349 693
4608 5979
6408 752
5777 2519
1471 5028
6553 4347
690 7244
6638 7535
5749 6922
2046 2097
7414 4013
6905 3937
4769 1842
2441 7085
1778 4243
4974 6287
1311 4107
7168 4268
5809 121
187 7485
7556 5751
7548 2297
6032 5913
3983 565
4086 7463
5691 7033
7247 6414
5408 5842
2404 5779
3733 3279
4342 5386
4873 1713
7598 3654
2652 4661
4468 1262
7095 1583
5506 6279
3096 6008
5093 7490
3365 3525
161 5073
7256 6659
1196 6919
1994 3106
6352 941
1589 3091
560 1362
1175 6495
5350 6667
4083 3891
6709 7464
4641 5070
2646 3645
6656 6649
6787 3158
1416 1918
5358 1573
3951 4030
710 7199
2880 5283
5148 1621
3124 3955
3196 4416
2485 3326
6567 6462
6839 7591
3609 5154
189 2452
693 4266
5979 484
752 6227
2519 6549
5028 12
4347 5600
7244 2606
7535 2294
6922 6740
2097 1801
4013 372
3937 2133
1842 1780
7085 969
4243 5388
6287 6661
4107 3799
4268 112
121 3269
7485 5513
5751 3964
2297 4968
5913 6955
565 5817
7463 2635
7033 7301
6414 411
5842 3824
5779 2963
3279 5438
5386 2145
1713 3013
3654 7109
4661 1924
1262 4234
1583 552
6279 5393
6008 4525
7490 2579
3525 2920
5073 1030
6659 5369
6919 2088
3106 6339
941 1729
3091 2347
1362 1404
6495 499
6667 2544
3891 774
7464 7513
5070 3248
3645 5973
6649 2521
3158 1187
1918 4614
1573 1570
4030 4071
7199 2149
5283 73
1621 5847
3955 1200
4416 6214
3326 749
6462 2375
7591 5144
5154 3741
2452 2502
4266 2930
484 5189
6227 1845
6549 49
12 6492
5600 2717
2606 7553
2294 5422
6740 4643
1801 4942
372 2047
2133 3050
1780 6650
969 1527
5388 5348
6661 2382
3799 5007
112 6284
3269 7566
5513 6443
3964 4806
4968 6775
6955 7481
5817 3779
2635 2232
7301 6433
411 3516
3824 3178
2963 1603
5438 5400
2145 1303
3013 2245
7109 20
1924 2919
4234 2545
552 1814
5393 2342
4525 6053
2579 5717
2920 3549
1030 2170
5369 1432
2088 3221
6339 382
1729 7276
2347 6230
1404 2247
499 1878
2544 2239
774 2569
7513 6503
3248 716
5973 3575
2521 4365
1187 6093
4614 7139
1570 3304
4071 4910
2149 1144
73 2827
5847 2994
1200 4856
6214 7074
749 6149
2375 1266
5144 6067
3741 7571
2502 1183
2930 6902
5189 4422
1845 2026
49 3570
6492 3931
2717 1588
7553 4256
5422 3366
4643 1158
4942 5527
2047 3750
3050 1496
6650 3844
1527 408
5348 217
2382 6274
5007 1382
6284 4625
7566 3348
6443 6143
4806 3944
6775 7343
7481 750
3779 6552
2232 890
6433 4489
3516 1497
3178 5079
1603 7422
5400 3732
1303 4484
2245 2406
20 2843
2919 6710
2545 2990
1814 4393
2342 2910
6053 6550
5717 2617
3549 4284
2170 1620
1432 6399
3221 572
382 4280
7276 6358
6230 6173
2247 3018
1878 7492
2239 7176
2569 5833
6503 346
716 3141
3575 1154
4365 4551
6093 3295
7139 3808
3304 1619
4910 1519
1144 5810
2827 3578
2994 7563
4856 4479
7074 1934
6149 748
1266 3299
6067 2091
7571 6840
1183 5288
6902 6330
4422 2261
2026 5487
3570 3060
3931 6215
1588 3739
4256 7153
3366 3863
1158 7017
5527 589
3750 5627
1496 700
3844 5795
408 625
217 1640
6274 4470
1382 6389
4625 2072
3348 6907
6143 2543
3944 170
7343 1984
750 1740
6552 4070
890 2327
4489 5011
1497 6355
5079 7604
7422 4555
3732 7561
4484 5455
2406 2472
2843 7580
6710 6082
2990 1942
4393 2221
2910 2967
6550 3169
2617 2632
4284 3500
1620 4367
6399 1244
572 6853
4280 4229
6358 7510
6173 5955
3018 406
7492 6700
7176 3668
5833 3638
346 5700
3141 2943
1154 4876
4551 1451
3295 235
3808 1599
1619 3560
1519 7341
5810 7070
3578 536
7563 6785
4479 4454
1934 6273
748 4906
3299 5693
2091 1118
6840 517
5288 5338
6330 5162
2261 3338
5487 1743
3060 6323
6215 1651
3739 3081
7153 6795
3863 1556
7017 3770
589 1548
5627 1717
700 7344
5795 6117
625 6254
1640 1096
4470 811
6389 3351
2072 1257
6907 167
2543 747
170 4362
1984 359
1740 4838
4070 4128
2327 3140
5011 6635
6355 4577
7604 5381
4555 7220
7561 1235
5455 1182
2472 6118
7580 7071
6082 2426
1942 3133
2221 1931
2967 1480
3169 7461
2632 283
3500 6039
4367 7202
1244 2865
6853 275
4229 1298
7510 3283
5955 2598
406 3572
6700 1710
3668 2483
3638 3768
5700 5520
2943 3583
4876 931
1451 7081
235 2479
1599 6585
3560 3072
7341 2817
7070 6973
536 1576
6785 4105
4454 4089
6273 6182
4906 4757
5693 4272
1118 7547
517 7577
5338 6690
5162 6557
3338 4015
1743 5740
6323 3240
1651 7055
3081 4742
6795 5004
1556 5557
3770 7628
1548 6202
1717 6665
7344 6253
6117 3167
6254 6217
1096 7448
811 7274
3351 2897
1257 5058
167 439
747 4225
4362 299
359 4931
4838 5327
4128 3835
3140 6060
6635 2526
4577 4494
5381 6466
7220 2432
1235 6695
1182 2858
6118 5108
7071 3920
2426 765
3133 1372
1931 2155
1480 4886
7461 5309
283 276
6039 6220
7202 1953
2865 4965
275 5956
1298 2071
3283 5445
2598 738
3572 3625
1710 814
2483 2723
3768 7572
5520 4371
3583 4999
931 5342
7081 3736
2479 6238
6585 5813
3072 3862
2817 6310
6973 816
1576 6518
4105 3256
4089 2782
6182 1449
4757 4617
4272 7169
7547 5519
7577 3174
6690 4604
6557 3319
4015 1722
5740 4031
3240 1437
7055 6560
4742 1900
5004 4804
5557 7037
7628 6511
6202 6206
6665 2673
6253 7472
3167 4595
6217 3441
7448 5501
7274 3689
2897 2066
5058 5632
439 7086
4225 3726
299 2131
4931 1211
5327 155
3835 7135
6060 6911
2526 4173
4494 851
6466 6724
2432 1590
6695 4283
2858 587
5108 2220
3920 4934
765 2100
1372 653
2155 2248
4886 3362
5309 7090
276 6485
6220 3030
1953 5020
4965 1270
5956 802
2071 3219
5445 6877
738 4100
3625 1145
814 3830
2723 2179
7572 2640
4371 3800
4999 4302
5342 4182
3736 543
6238 7164
5813 4164
3862 4737
6310 5488
816 3632
6518 6561
3256 4783
2782 6851
1449 7060
4617 309
7169 5850
5519 2826
3174 2995
4604 7456
3319 4303
1722 4441
4031 1495
1437 1398
6560 7133
1900 6675
4804 1684
7037 3939
6511 1917
6206 5407
2673 5671
7472 6099
4595 261
3441 117
5501 4768
3689 5576
2066 6198
5632 1939
7086 3345
3726 3973
2131 2724
1211 5961
155 4827
7135 1706
6911 7194
4173 3446
851 6608
6724 4490
1590 7007
4283 3518
587 3679
2220 1805
4934 1102
2100 1413
653 2530
2248 2567
3362 1392
7090 4360
6485 2815
3030 900
5020 6705
1270 6369
802 403
3219 367
6877 1999
4100 2936
1145 6392
3830 6498
2179 1461
2640 4387
3800 4337
4302 6962
4182 7627
543 4486
7164 6328
4164 5022
4737 1744
5488 2621
3632 4372
6561 1933
4783 2592
6851 580
7060 6832
309 7565
5850 903
2826 7638
2995 5273
7456 5143
4303 2863
4441 4741
1495 243
1398 2792
7133 105
6675 5641
1684 2368
3939 4526
1917 4291
5407 3402
5671 253
6099 5771
261 3384
117 2806
4768 722
5576 6139
6198 1882
1939 3766
3345 4984
3973 3224
2724 503
5961 328
4827 3061
1706 7025
7194 817
3446 767
6608 4231
4490 2397
7007 5699
3518 5311
3679 3509
1805 3145
1102 3247
1413 5755
2530 1148
2567 955
1392 4351
4360 4039
2815 4354
900 2761
6705 6606
6369 522
403 2763
367 3181
1999 5976
2936 3239
6392 2109
6498 1139
1461 314
4387 1259
4337 995
6962 1693
7627 1772
4486 7191
6328 4680
5022 632
1744 6539
2621 6833
4372 1457
1933 6865
2592 5754
580 4669
6832 1990
7565 701
903 1714
7638 136
5273 1703
5143 3522
2863 1027
4741 3626
243 1975
2792 2857
105 3208
5641 7491
2368 523
4526 5182
4291 2458
3402 3237
253 2348
5771 51
3384 7269
2806 2447
722 1191
6139 2115
1882 1562
3766 7167
4984 2670
3224 5563
503 7505
328 7296
3061 4593
7025 3837
817 1648
767 5630
4231 267
2397 376
5699 168
5311 6653
3509 7497
3145 604
3247 4055
5755 6670
1148 3660
955 2266
4351 5951
4039 2832
4354 5760
2761 6465
6606 3227
522 2495
2763 7125
3181 2265
5976 5772
3239 6435
2109 2455
1139 3209
314 7082
1259 7625
995 6062
1693 5175
1772 6162
7191 2893
4680 6967
632 585
6539 1332
6833 3499
1457 4997
6865 2271
5754 2334
4669 1854
1990 2838
701 4892
1714 1848
136 2376
1703 6329
3522 574
1027 4907
3626 1723
1975 7327
2857 6110
3208 5495
7491 6090
523 3490
5182 7231
2458 4599
3237 3134
2348 4170
51 1912
7269 3479
2447 1072
1191 6130
2115 5116
1562 6615
7167 5768
2670 6699
5563 5457
7505 7618
7296 7022
4593 7599
3837 5807
1648 4716
5630 2412
267 1304
376 5461
168 3217
6653 1945
7497 7549
604 6429
4055 6734
6670 7324
3660 1607
2266 1720
5951 2439
2832 60
5760 4867
6465 902
3227 784
2495 172
7125 2418
2265 4218
5772 2773
6435 6944
2455 1272
3209 1201
7082 6688
7625 3231
6062 240
5175 1470
6162 5135
2893 7103
6967 5441
585 3205
1332 5634
3499 5864
4997 262
2271 1936
2334 4343
1854 5195
2838 6987
4892 7310
1848 1997
2376 3932
6329 5190
574 524
4907 2964
1723 6432
7327 159
6110 182
5495 3935
6090 5260
3490 1127
7231 2353
4599 3378
3134 6562
4170 3985
1912 7056
3479 6820
1072 6042
6130 783
5116 7145
6615 3087
5768 3008
6699 3357
5457 3524
7618 5188
7022 2031
7599 4400
5807 5816
4716 5948
2412 4972
1304 456
5461 2462
3217 6476
1945 5673
7549 5801
6429 4879
6734 1026
7324 3483
1607 3690
1720 6703
2439 1421
60 6517
4867 3714
902 4844
784 1463
172 2830
2418 5974
4218 3062
2773 2695
6944 2785
1272 4639
1201 2246
6688 3399
3231 6894
240 3391
1470 493
5135 7421
7103 7377
5441 2054
3205 6556
5634 3417
5864 7319
262 5060
1936 7315
4343 6641
5195 3011
6987 2262
7310 2280
1997 7293
3932 6116
5190 1895
524 7646
2964 678
6432 2878
159 997
182 4557
3935 3324
5260 5353
1127 5147
2353 4645
3378 2801
6562 1694
3985 596
7056 2191
6820 1851
6042 7361
783 729
7145 7263
3087 2658
3008 1855
3357 1699
3524 2077
5188 7038
2031 5742
4400 825
5816 5485
5948 398
4972 4548
456 6417
2462 2392
6476 3993
5673 5925
5801 392
4879 2337
1026 2356
3483 363
3690 3234
6703 1161
1421 2814
6517 575
3714 5635
4844 3898
1463 1101
2830 4482
5974 3670
3062 7092
2695 415
2785 5998
4639 3788
2246 1646
3399 4332
6894 4893
3391 1514
493 7587
7421 4219
7377 5894
2054 978
6556 5571
3417 6394
7319 5593
5060 321
7315 6078
6641 4389
3011 5825
2262 1898
2280 7073
7293 6226
6116 6599
1895 4370
7646 5876
678 6767
2878 510
997 3187
4557 5257
3324 4017
5353 7342
5147 6038
4645 1982
2801 5503
1694 4812
596 6746
2191 176
1851 6992
7361 5239
729 6604
7263 2083
2658 6762
1855 3364
1699 6713
2077 177
7038 1209
5742 2637
825 4143
5485 4658
398 1320
4548 6970
6417 1347
2392 602
3993 2577
5925 1822
392 7365
2337 357
2356 3325
363 4532
3234 6676
1161 1417
2814 7240
575 696
5635 6654
3898 213
1101 663
4482 4724
3670 4982
7092 1569
415 5113
5998 837
3788 3146
1646 45
4332 6513
4893 2907
1514 6475
7587 1342
4219 3438
5894 5228
978 6199
5571 6255
6394 3722
5593 5899
321 1511
6078 4830
4389 5820
5825 1458
1898 2141
7073 7072
6226 64
6599 6906
4370 7019
5876 6366
6767 5077
510 5970
3187 2092
5257 345
4017 5177
7342 5145
6038 2872
1982 6927
5503 1537
4812 5483
6746 7607
176 5357
6992 2664
5239 2911
6604 3077
2083 3596
6762 2553
3364 6102
6713 7523
177 2794
1209 7032
2637 5326
4143 201
4658 3615
1320 1758
6970 2556
1347 7129
602 530
2577 2209
1822 5317
7365 5201
357 3888
3325 3534
4532 5838
6676 2643
1417 3361
7240 3987
696 577
6654 6490
213 4927
663 3538
4724 6410
4982 1506
1569 234
5113 5134
837 1731
3146 5276
45 4001
6513 1751
2907 3594
6475 1859
1342 950
3438 5788
5228 974
6199 2174
6255 3486
3722 2259
5899 5964
1511 4800
4830 4392
5820 7075
1458 1773
2141 5466
7072 5950
64 6372
6906 7611
7019 1490
6366 3321
5077 5893
5970 6843
2092 539
345 424
5177 3923
5145 993
2872 5509
6927 882
1537 5490
5483 1294
7607 864
5357 7486
2664 1126
2911 2638
3077 877
3596 5120
2553 1836
6102 6951
7523 5042
2794 365
7032 5862
5326 1108
201 30
3615 3022
1758 5043
2556 3614
7129 370
530 3794
2209 7329
5317 4237
5201 3834
3888 1622
3534 4065
5838 4487
2643 6854
3361 4969
3987 1965
577 1884
6490 4043
4927 5769
3538 3545
6410 6632
1506 2958
234 5867
5134 3498
1731 4289
5276 2442
4001 6156
1751 4327
3594 4417
1859 6912
950 1442
5788 6106
974 4821
2174 4313
3486 6901
2259 5235
5964 436
4800 3718
4392 4917
7075 6687
1773 6573
5466 4788
5950 2746
6372 6655
7611 3272
1490 5892
3321 1986
5893 7266
6843 2951
539 5128
424 4922
3923 34
993 4411
5509 17
882 1971
5490 2383
1294 1664
864 4582
7486 5196
1126 2514
2638 6288
877 3803
5120 2204
1836 4705
6951 256
5042 3861
365 2429
5862 2523
1108 4516
30 6925
3022 5310
5043 4296
3614 4363
370 227
3794 672
7329 1038
4237 5504
3834 2073
1622 6525
4065 3601
4487 4485
6854 7328
4969 7020
1965 454
1884 4357
4043 1598
5769 5334
3545 4813
6632 702
2958 2089
5867 5759
3498 5474
4289 4295
2442 3990
6156 196
4327 6945
4417 1031
6912 1976
1442 4587
6106 273
4821 5486
4313 6225
6901 3978
5235 2776
436 4214
3718 5354
4917 442
6687 7148
6573 5861
4788 3520
2746 2536
6655 5812
3272 3114
5892 4751
1986 509
7266 1849
2951 2837
5128 16
4922 933
34 1786
4411 1937
17 5174
1971 1146
2383 462
1664 6754
4582 1448
5196 3829
2514 5603
6288 6000
3803 6791
2204 5226
4705 6916
256 2283
3861 7287
2429 1587
2523 2804
4516 6580
6925 5479
5310 3994
4296 4048
4363 5983
227 3090
672 5432
1038 4863
5504 2167
2073 691
6525 3311
3601 2292
4485 2663
7328 5770
7020 6249
454 771
4357 2345
1598 3669
5334 1970
4813 6827
702 1631
2089 1280
5759 4435
5474 1755
4295 22
3990 7334
196 2257
6945 651
1031 3021
1976 6749
4587 5858
273 2563
5486 5392
6225 1277
3978 3873
2776 4025
4214 4521
5354 7299
442 5088
7148 5130
5861 6084
3520 6400
2536 1236
5812 2945
3114 3129
4751 6622
509 2134
1849 4971
2837 4135
16 119
933 772
1786 4883
1937 6790
5174 726
1146 4192
462 6086
6754 1698
1448 3278
3829 1796
5603 2056
6000 2306
6791 6023
5226 1431
6916 6367
2283 4652
7287 5796
1587 929
2804 948
6580 3211
5479 5888
3994 3074
4048 5244
5983 5307
3090 2828
5432 5206
4863 5404
2167 4755
691 4818
3311 4761
2292 1473
2663 4212
5770 1104
6249 2351
771 586
2345 6374
3669 4133
1970 5566
6827 7211
1631 3468
1280 613
4435 5629
1755 3746
22 3250
7334 3769
2257 2126
651 1221
3021 6321
6749 5370
5858 4926
2563 4492
5392 1525
1277 250
3873 6577
4025 2144
4521 3065
7299 4778
5088 6327
5130 2211
6084 7235
6400 3744
1236 3789
2945 4760
3129 6233
6622 3048
2134 2034
4971 2193
4135 3977
119 2463
772 4073
4883 5443
6790 6601
726 2061
4192 4398
6086 723
1698 6776
3278 3264
1796 6900
2056 3049
2306 6349
6023 3461
1431 2582
6367 740
4652 1957
5796 331
929 4481
948 269
3211 3517
5888 4562
3074 1983
5244 5411
5307 4198
2828 5530
5206 32
5404 4563
4755 6619
4818 1923
4761 5332
1473 5223
4212 2410
1104 2537
2351 6591
586 5207
6374 3558
4133 4436
5566 103
7211 7222
3468 2915
613 6101
5629 5790
3746 4401
3250 1205
3769 542
2126 3757
1221 1956
6321 3664
5370 2937
4926 5363
4492 6545
1525 3475
250 1243
6577 2408
2144 1010
3065 7552
4778 603
6327 2686
2211 5112
7235 3968
3744 3494
3789 6597
4760 588
6233 1113
3048 3662
2034 3833
2193 2527
3977 2961
2463 7374
4073 4916
5443 4249
6601 4773
2061 5572
4398 5880
723 6849
6776 5901
3264 5114
6900 4726
3049 7212
6349 384
3461 6261
2582 6868
740 3176
1957 5051
331 4476
4481 3116
269 3513
3517 2022
4562 5515
1983 4007
5411 5902
4198 583
5530 1775
32 4181
4563 2043
6619 2808
1923 4195
5332 5262
5223 6942
2410 1168
2537 6205
6591 5587
5207 1123
3558 2706
4436 6480
103 6488
7222 7321
2915 4589
6101 3397
5790 6876
4401 1344
1205 801
542 3805
3757 5361
1956 6034
3664 2218
2937 6479
5363 6566
6545 318
3475 1055
1243 1891
2408 4081
1010 6158
7552 6634
603 3871
2686 5960
5112 7190
3968 2154
3494 2687
6597 7519
588 5696
1113 1086
3662 6930
3833 935
2527 2064
2961 7160
7374 980
4916 4732
4249 281
4773 4663
5572 6178
5880 6045
6849 932
5901 1132
5114 7602
4726 733
7212 7402
384 2357
6261 6121
6868 5883
3176 3617
5051 2755
4476 7149
3116 4598
3513 5675
2022 6044
5515 4552
4007 5945
5902 3802
583 4752
1775 1963
4181 1536
2043 1141
2808 386
4195 5670
5262 609
6942 21
1168 6869
6205 3107
5587 5780
1123 1582
2706 6938
6480 1087
6488 6857
7321 6874
4589 3554
3397 6732
6876 791
1344 4375
801 5253
3805 4714
5361 590
6034 4902
2218 895
6479 6917
6566 7516
318 3825
1055 648
1891 2764
4081 6009
6158 5030
6634 2508
3871 3310
5960 2738
7190 2595
2154 99
2687 2991
7519 5792
5696 6210
1086 7224
6930 5573
935 2898
2064 4029
7160 6722
980 3822
4732 1788
281 2438
4663 432
6178 1088
6045 2431
932 793
1132 5531
7602 1368
733 1856
7402 5609
2357 1543
6121 1152
5883 6706
3617 7040
2755 1632
7149 4460
4598 4046
5675 2533
6044 2473
4552 6448
5945 1530
3802 6878
4752 5553
1963 7250
1536 1373
1141 5391
386 1125
5670 3878
609 29
21 4438
6869 5456
3107 1090
5780 7
1582 7381
6938 5636
1087 7499
6857 3785
6874 6354
3554 849
6732 712
791 1100
4375 1653
5253 548
4714 5574
590 335
4902 1051
895 973
6917 1686
7516 6345
3825 1552
648 7425
2764 3265
6009 315
5030 6727
2508 4037
3310 5832
2738 4939
2595 5562
99 4616
2991 5107
5792 3848
6210 184
7224 4743
5573 58
2898 1636
4029 7338
6722 1069
3822 5994
1788 6459
2438 7151
432 5837
1088 1021
2431 3903
793 6943
5531 259
1368 3298
1856 151
5609 293
1543 4845
1152 3839
6706 3210
7040 1283
1632 6946
4460 7619
4046 215
2533 425
2473 4903
6448 520
1530 4689
6878 4946
5553 7525
7250 3998
1373 3260
5391 4330
1125 495
3878 2413
29 7173
4438 2703
5456 1110
1090 913
7 305
7381 5119
5636 3281
7499 2765
3785 1
6354 5719
849 3566
712 5843
1100 567
1653 612
548 1670
5574 6324
335 1082
1051 2208
973 5991
1686 4183
6345 2955
1552 5349
7425 3914
3265 1591
315 435
6727 1566
4037 2657
5832 1060
4939 1210
5562 115
4616 5935
5107 7364
3848 124
184 6266
4743 4445
58 5331
1636 4093
7338 5677
1069 7459
5994 6223
6459 5511
7151 3135
5837 3867
1021 2420
3903 506
6943 4124
259 6887
3298 4799
151 5098
293 3634
4845 4003
3839 6342
3210 4126
1283 5787
6946 5209
7619 6468
215 4718
425 3547
4903 474
520 7518
4689 1384
4946 4948
7525 2725
3998 5561
3260 5429
4330 7583
495 225
2413 3254
7173 4837
2703 6603
1110 3658
913 863
305 1054
5119 6304
3281 339
2765 5315
1 2555
5719 1095
3566 3999
5843 3039
567 1656
612 2541
1670 7537
6324 7239
1082 3306
2208 4715
5991 1798
4183 616
2955 6115
5349 1542
3914 1135
1591 2650
435 3640
1566 5286
2657 987
1060 5785
1210 2434
115 3954
5935 7175
7364 88
124 2158
6266 3328
4445 6914
5331 4935
4093 494
5677 7458
7459 6343
6223 2156
5511 3073
3135 1812
3867 5421
2420 6581
506 4820
4124 4101
6887 4684
4799 472
5098 2850
3634 6783
4003 3426
6342 7522
4126 2219
5787 5341
5209 6180
6468 3095
4718 6725
3547 1396
474 2576
7518 28
1384 3323
4948 813
2725 1793
5561 963
5429 2743
7583 2130
225 7162
3254 202
4837 857
6603 7300
3658 6224
863 4123
1054 2552
6304 4381
339 5793
5315 3508
2555 763
1095 1791
3999 3029
3039 3918
1656 188
2541 5401
7537 639
7239 1774
3306 6904
4715 7141
1798 2689
616 6336
6115 5118
1542 7163
1135 404
2650 7111
3640 2094
5286 338
987 1427
5785 5493
2434 489
3954 2369
7175 4621
88 6988
2158 5063
3328 5343
6914 2921
4935 3078
494 5716
7458 1331
6343 2117
2156 6535
3073 5786
1812 7261
5421 1256
6581 2216
4820 2593
4101 1169
4684 5978
472 2934
2850 4480
6783 224
3426 2139
7522 4811
2219 2716
5341 5312
6180 2913
3095 7297
6725 4825
1396 5405
2576 1348
28 6569
3323 204
813 6826
1793 1338
963 998
2743 4358
2130 2561
7162 4267
202 6344
857 7035
7300 2023
6224 7337
4123 1167
2552 4202
4381 4018
5793 5142
3508 512
763 1815
1791 4713
3029 5841
3918 3492
188 3755
5401 3280
639 5908
1774 3697
6904 5345
7141 7257
2689 4620
6336 4246
5118 4448
7163 6977
404 2599
7111 5442
2094 730
338 1355
1427 5651
5493 1296
489 5409
2369 4653
4621 5064
6988 4865
5063 4230
5343 2138
2921 1658
3078 2160
5716 1800
1331 7363
2117 7367
6535 5911
5786 3503
7261 2300
1256 232
2216 5021
2593 337
1169 6277
5978 2310
2934 7538
4480 2819
224 832
2139 3559
4811 4141
2716 6972
5312 4687
2913 340
7297 6683
4825 2190
5405 6195
1348 4545
6569 5819
204 6975
6826 3342
1338 5355
998 1237
4358 6583
2561 1701
4267 211
6344 3942
7035 7559
2023 3069
7337 7610
1167 6778
4202 7531
4018 5559
5142 5364
512 5165
1815 3907
4713 1293
5841 540
3492 6879
3755 1482
3280 7289
5908 1319
3697 6313
5345 4085
7257 3035
4620 4670
4246 2800
4448 6698
6977 3708
2599 5155
5442 218
730 2120
1355 1818
5651 5704
1296 111
5409 570
4653 707
5064 2515
4865 1389
4230 3353
2138 581
1658 351
2160 3400
1800 3527
7363 4080
7367 1929
5911 143
3503 2957
2300 7203
232 1637
5021 3569
337 6066
6277 7123
2310 5896
7538 2281
2819 5640
832 4397
3559 3759
4141 222
6972 255
4687 5995
340 6422
6683 358
2190 129
6195 5378
4545 3577
5819 1366
6975 985
3342 5451
5355 4500
1237 1608
6583 1232
1701 207
211 6022
3942 2778
7559 3139
3069 2081
7610 418
6778 1979
7531 1098
5559 5168
5364 231
5165 1708
3907 380
1293 1746
540 4503
6879 139
1482 1799
7289 5141
1319 7053
6313 4052
4085 2970
3035 1977
4670 1728
2800 4763
6698 2690
3708 4094
5155 1528
218 6616
2120 886
1818 6617
5704 3100
111 3677
570 2974
707 113
2515 5450
1389 1302
3353 4897
581 6673
351 785
3400 4980
3527 7246
4080 6760
1929 3403
143 2212
2957 4316
7203 5905
1637 445
3569 5986
6066 4005
7123 453
5896 4736
2281 7047
5640 686
4397 2609
3759 1114
222 378
255 3305
5995 4805
6422 3631
358 4150
129 2448
5378 7630
3577 2718
1366 1645
985 2997
5451 7356
4500 4217
1608 4964
1232 2407
207 6963
6022 1068
2778 1202
3139 7316
2081 5502
418 3894
1979 5927
1098 5854
5168 98
231 1025
1708 3952
380 5774
1746 5065
4503 4539
139 6928
1799 5877
5141 7003
7053 38
4052 5447
2970 3043
1977 3627
1728 5650
4763 3308
2690 4507
4094 464
1528 1260
6616 3033
886 4667
6617 3946
3100 3972
3677 2460
2974 3644
113 3123
5450 2597
1302 2163
4897 2227
6673 4983
785 7359
4980 3502
7246 1301
6760 569
3403 3647
2212 11
4316 795
5905 2506
445 2602
5986 3879
4005 6167
453 4588
4736 130
7047 4346
686 2140
2609 5698
1114 5254
378 4580
3305 4010
4805 2871
3631 3086
4150 7416
2448 5105
7630 571
2718 5652
1645 1692
2997 4228
7356 4
4217 4206
4964 6536
2407 413
6963 1765
1068 1147
1202 2289
7316 7633
5502 5140
3894 441
5927 4970
5854 1091
98 2274
1025 4042
3952 2729
5774 6647
5065 433
4539 4515
6928 7336
5877 2590
7003 7018
38 7597
5447 897
3043 626
3627 4662
5650 6889
3308 2790
4507 2901
464 7234
1260 3370
3033 7529
4667 546
3946 4638
3972 6204
2460 5237
3644 5031
3123 7436
2597 6112
2163 3212
2227 1960
4983 6203
7359 717
3502 2424
1301 812
569 2377
3647 6278
11 5646
795 4764
2506 5016
2602 1059
3879 6491
6167 3747
4588 5150
130 2180
4346 7578
2140 5026
5698 310
5254 3138
4580 4887
4010 1685
2871 5218
3086 4428
7416 248
5105 807
571 2772
5652 5980
1692 3147
4228 5750
4 7517
4206 1913
6536 1559
413 1488
1765 4167
1147 6283
2289 2812
7633 871
5140 6126
441 2276
4970 2976
1091 5912
2274 6051
4042 5868
2729 3635
6647 4829
433 2143
4515 5558
7336 1635
2590 2873
7018 76
7597 7447
897 5800
626 709
4662 5126
6889 7049
2790 2215
2901 1742
7234 4793
3370 6209
7529 316
546 4554
4638 7015
6204 4634
5237 6800
5031 1009
7436 6931
6112 2299
3212 1887
1960 6768
6203 1654
717 2332
2424 2822
812 7221
2377 2978
6278 497
5646 739
4764 157
5016 1764
1059 1540
6491 2824
3747 3936
5150 5827
2180 544
7578 1049
5026 7306
310 2722
3138 631
4887 1214
1685 2734
5218 5109
4428 7659
248 5046
807 6924
2772 5476
5980 934
3147 4077
5750 36
7517 6947
1913 5743
1559 5544
1488 289
4167 3588
6283 7050
2812 7165
871 2700
6126 5599
2276 3089
2976 553
5912 7333
6051 1122
5868 5649
3635 2940
4829 304
2143 721
5558 2891
1635 54
2873 705
76 3603
7447 4874
5800 3864
709 5067
5126 3185
7049 4051
2215 3228
1742 1008
4793 513
6209 7541
316 6629
4554 6818
7015 6087
4634 1629
6800 3372
1009 3510
6931 420
2299 4789
1887 2942
6768 3725
1654 4276
2332 3233
2822 4629
7221 5620
2978 209
497 6745
739 6017
157 4385
1764 6639
1540 3435
2824 1730
3936 5321
5827 3590
544 1075
1049 847
7306 5055
2722 2895
631 5815
1214 92
2734 7216
5109 1567
7659 4960
5046 5851
6924 2704
5476 2419
934 7435
4077 6326
36 582
6947 3831
5743 2752
5544 4408
289 1290
3588 3887
7050 228
7165 2224
2700 2388
5599 3975
3089 3150
553 1386
7333 818
1122 1756
5649 6191
2940 2960
304 674
721 7106
2891 2669
54 3151
705 6035
3603 4688
4874 3866
3864 2080
5067 6134
3185 836
4051 6990
3228 7508
1008 4151
513 2277
7541 5229
6629 6626
6818 1641
6087 3238
1629 601
3372 3354
3510 6792
420 5219
4789 6598
2942 1193
3725 6155
4276 5748
3233 3745
4629 1163
5620 1346
209 4733
6745 1745
6017 7592
4385 879
6639 1474
3435 5662
1730 57
5321 1003
3590 5882
1075 5928
847 1330
5055 2811
2895 5217
5815 4914
92 5997
7216 5389
1567 2295
4960 4899
5851 2385
2704 6317
2419 6888
7435 7209
6326 7275
582 7660
3831 2157
2752 4095
4408 5298
1290 6611
3887 5066
228 5166
2224 5589
2388 6471
3975 4895
3150 5870
1386 7407
818 5856
1756 3504
6191 468
2960 1428
674 2481
7106 6640
2669 6508
3151 7392
6035 669
4688 3404
3866 1469
2080 90
6134 166
836 2475
6990 6300
7508 624
4151 65
2277 6482
5229 5251
6626 7117
1641 319
3238 4044
601 3612
3354 762
6792 7272
5219 5711
6598 6311
1193 2809
6155 450
5748 6290
3745 4885
1163 5212
1346 260
4733 6270
1745 6379
7592 5887
879 7058
1474 2181
5662 6138
57 6646
1003 4257
5882 6544
5928 4578
1330 595
2811 1526
5217 4016
4914 753
5997 5628
5389 2499
2295 5808
4899 6234
2385 5129
6317 1916
6888 4233
7209 5012
7275 2941
7660 6159
2157 7545
4095 2642
5298 6935
6611 1826
5066 3259
5166 5686
5589 71
6471 4383
4895 5306
5870 2113
7407 2894
5856 214
3504 3447
468 1312
1428 6918
2481 842
6640 2147
6508 7066
7392 7155
669 7495
3404 7404
1469 5323
90 557
166 6680
2475 2242
6300 5762
624 5958
65 1665
6482 3827
5251 6334
7117 1704
319 149
4044 1383
3612 3731
762 5733
7272 901
5711 3598
6311 312
2809 2551
450 3423
6290 4345
4885 7284
5212 3422
260 4338
6270 4756
6379 7108
5887 356
7058 952
2181 1914
6138 5680
6646 7255
4257 5583
6544 5
4578 6161
595 6364
1526 2137
4016 5554
753 3443
5628 5420
2499 1329
5808 7230
6234 4311
5129 4855
1916 264
4233 5664
5012 1509
2941 2237
6159 6866
7545 3584
2642 4112
6935 265
1826 6885
3259 5623
5686 3900
71 4575
4383 6684
5306 1696
2113 3275
2894 5898
214 6419
3447 5570
1312 1804
6918 2627
842 4938
2147 3514
7066 220
7155 942
7495 5397
7404 5160
5323 1228
557 5214
6680 7434
2242 4069
5762 658
5958 6614
1665 3857
3827 4395
6334 7560
1704 1726
149 521
1383 400
3731 203
5733 1341
901 3113
3598 5468
312 4368
2551 6018
3423 3175
4345 5136
7284 5857
3422 3904
4338 3387
4756 7449
7108 3413
356 2390
952 5546
1914 6298
5680 4919
7255 2683
5583 2525
5 4207
6161 4610
6364 1032
2137 3080
5554 3791
3443 3595
5420 4404
1329 6439
7230 7551
4311 3711
4855 1249
264 5242
5664 4211
1509 5799
2237 1203
6866 5582
3584 6456
4112 4413
265 1076
6885 7188
5623 377
3900 5756
4575 6750
6684 1131
1696 2015
3275 3628
5898 3007
6419 5211
5570 2889
1804 7656
2627 6043
4938 889
3514 4601
220 5767
942 3355
5397 2497
5160 1406
1228 2116
5214 341
7434 600
4069 3291
658 3427
6614 1919
3857 5906
4395 3948
7560 1403
1726 2055
521 1133
400 354
203 1455
1341 6079
3113 1802
5468 3379
4368 7290
6018 6633
3175 3838
5136 1265
5857 5465
3904 2082
3387 760
7449 7502
3413 4694
2390 1809
5546 226
6298 5692
4919 4006
2683 1419
2525 7232
4207 1950
4610 4576
1032 1638
3080 237
3791 2876
3595 3314
4404 2771
6439 5425
7551 7477
3711 1042
1249 2950
5242 806
4211 2263
5799 6761
1203 7493
5582 1611
6456 7558
4413 4615
1076 6312
7188 5668
377 5385
5756 135
6750 756
1131 5967
2015 2021
3628 1094
3007 1484
5211 5328
2889 3083
7656 5017
6043 77
889 545
4601 5518
5767 4255
3355 5285
2497 6643
1406 470
2116 867
341 4642
600 3966
3291 5424
3427 4058
1919 3957
5906 5606
3948 7124
1403 7383
2055 918
1133 6477
354 290
1455 621
6079 734
1802 3883
3379 3865
7290 2459
6633 5533
3838 4310
1265 7030
5465 5415
2082 1614
760 5149
7502 2634
4694 6338
1809 320
226 5811
5692 3885
4006 2028
1419 4172
7232 3195
1950 4091
4576 7271
1638 5591
237 5644
2876 2269
3314 5567
2771 5452
5425 1750
7477 4676
1042 2474
2950 4528
806 5146
2263 6384
6761 348
7493 7127
1611 537
7558 3539
4615 3980
6312 6282
5668 7067
5385 2774
135 1565
756 3742
5967 1426
2021 6719
1094 2522
1484 6176
5328 4394
3083 5581
5017 1600
77 1336
545 5499
5518 6786
4255 6864
5285 1189
6643 4882
470 7206
867 1155
4642 5008
3966 675
5424 1768
4058 708
3957 2059
5606 7288
7124 1251
7383 5993
918 6784
6477 4962
290 2783
621 6966
734 6303
3883 5396
3865 2603
2459 6527
5533 914
4310 1489
7030 1058
5415 303
1614 1538
5149 4815
2634 962
6338 3992
320 4933
5811 2042
3885 6404
2028 6187
4172 4491
3195 223
4091 4024
7271 2574
5591 4597
5644 4651
2269 6542
5567 6819
5452 2641
1750 7408
4676 6730
2474 4646
4528 7476
5146 1231
6384 2025
348 5224
7127 3350
537 6460
3539 7248
3980 4457
6282 5075
7067 2284
2774 904
1565 326
3742 6360
1426 4574
6719 6340
2522 61
6176 4797
4394 3057
5581 5053
1600 5003
1336 2449
5499 6903
6786 4770
6864 7104
1189 2996
4882 1784
7206 684
1155 6570
5008 4888
675 2466
1768 6574
708 3642
2059 7042
7288 5953
1251 3034
5993 4315
6784 7201
4962 6396
2783 7016
6966 5548
6303 711
5396 5674
2603 3610
6527 1039
914 2275
1489 3177
1058 3976
303 6393
1538 3121
4815 4707
962 1043
3992 6169
4933 562
2042 2987
6404 2416
6187 1828
4491 5805
223 387
4024 809
2574 5848
4597 1359
4651 732
6542 7134
6819 7478
2641 6049
7408 6088
6730 945
4646 4034
7476 3216
1231 4245
2025 4561
5224 7467
3350 796
6460 7530
7248 3268
4457 4193
5075 6664
2284 4900
904 3385
326 1523
6360 4059
4574 6739
6340 5685
61 1500
4797 5473
3057 141
5053 1762
5003 3457
2449 5157
6903 492
4770 3586
7104 622
2996 459
1784 5931
684 5688
6570 2003
4888 373
2466 123
6574 3902
3642 1276
7042 286
5953 5094
3034 5281
4315 5916
7201 6723
6396 2780
7016 719
5548 2124
711 4251
5674 3607
3610 2132
1039 7028
2275 330
3177 7161
3976 4247
6393 5763
3121 2044
4707 6365
1043 1374
6169 549
562 4954
2987 4618
2416 5138
1828 5679
5805 3573
387 2799
809 3373
5848 1446
1359 6892
732 7503
7134 6140
7478 4630
6049 6500
6088 2756
945 2926
4034 1941
3216 1066
4245 3152
4561 6216
7467 4307
796 2667
7530 4995
3268 1044
4193 666
6664 6052
4900 5085
3385 5773
1523 6964
4059 2350
6739 1671
5685 6979
1500 212
5473 5648
141 2202
1762 6046
3457 7002
5157 4655
492 2445
3586 4322
622 5122
459 7640
5931 3451
5688 619
2003 1888
373 5080
123 4711
3902 649
1276 2093
286 7369
5094 4334
5281 2052
5916 1993
6723 3550
2780 3790
719 4945
2124 788
4251 4419
3607 1485
2132 3027
7028 2189
330 4014
7161 1935
4247 4975
5763 6275
2044 1444
6365 4340
1374 713
549 6516
4954 5560
4618 6534
5138 1592
5679 4430
3573 6135
2799 1029
3373 841
1446 3064
6892 3622
7503 1508
6140 7380
4630 4841
6500 3687
2756 4875
2926 5045
1941 725
1066 803
3152 2688
6216 287
4307 6558
2667 839
4995 2287
1044 7489
666 2888
6052 4467
5085 986
5773 1676
6964 2720
2350 2076
1671 4772
6979 6797
212 2613
5648 6682
2202 1880
6046 1179
7002 7400
4655 1863
2445 7061
4322 2721
5122 4353
7640 7259
3451 695
619 4262
1888 3392
5080 4309
4711 3890
649 6823
2093 4986
7369 6737
4334 3629
2052 953
1993 4041
3550 4282
3790 198
4945 1908
788 2358
4419 6402
1485 1321
3027 1501
2189 3255
4014 7386
1935 5639
4975 2847
6275 179
1444 4320
4340 4786
713 2049
6516 2520
5560 5831
6534 6073
1592 1974
4430 7078
6135 4152
1029 3519
841 3723
3064 5423
3622 397
1508 4543
7380 6993
4841 5082
3687 2340
4875 7590
5045 4932
725 2119
803 3963
2688 5726
287 1808
6558 2709
839 5294
2287 1575
7489 1697
2888 438
4467 2831
986 6467
1676 63
2720 178
2076 1707
4772 2985
6797 1597
2613 6194
6682 481
1880 2887
1179 4405
7400 4647
1863 6717
7061 5494
2721 4376
4353 59
7259 838
695 1420
4262 3870
3392 755
4309 3367
3890 6685
6823 3529
4986 142
6737 1486
3629 4189
953 194
4041 7182
4282 878
198 4776
1908 4204
2358 1832
6402 3257
1321 3236
1501 3159
3255 1680
7386 7528
5639 4433
2847 4802
179 7543
4320 6814
4786 7631
2049 132
2520 4668
5831 381
6073 4936
1974 5180
7078 4675
4152 3253
3519 2962
3723 4270
5423 6021
397 846
4543 623
6993 804
5082 1752
2340 4909
7590 7088
4932 5844
2119 3602
3963 2004
5726 2619
1808 2914
2709 7593
5294 532
1575 2482
1697 6157
438 6802
2831 3698
6467 2236
63 6958
178 350
1707 949
2985 2952
1597 2570
6194 4012
481 327
2887 5318
4405 1024
4647 144
6717 152
5494 4973
4376 500
59 3933
838 2742
1420 4462
3870 4304
755 3678
3367 5131
6685 1771
3529 1310
142 1922
1486 1927
4189 2548
194 511
7182 3341
878 6540
4776 4721
4204 2645
1832 2314
3257 4434
3236 4564
3159 2753
1680 7219
7528 5736
4433 2793
4802 3859
7543 2732
6814 5915
7631 5924
132 6586
4668 6319
381 1230
4936 3761
5180 2842
4675 2182
3253 5459
2962 874
4270 258
6021 7484
846 6677
623 3120
804 2596
1752 6058
4909 3186
7088 2860
5844 4373
3602 4728
2004 6294
2619 5547
2914 2575
7593 3701
532 4263
2482 3556
6157 3777
6802 7424
3698 7606
2236 4808
6958 183
350 1821
949 5295
2952 6484
2570 1138
4012 2797
327 5521
5318 5492
1024 2171
144 529
152 2730
4973 3734
500 1839
3933 4449
2742 1333
4462 3005
4304 5710
3678 7335
5131 1334
1771 2476
1310 6884
1922 4891
1927 7093
2548 4912
511 5416
3341 7251
6540 4399
4721 6014
2645 573
2314 5367
4434 2279
4564 4478
2753 3941
7219 7451
5736 5794
2793 7573
3859 2074
2732 72
5915 68
5924 52
6586 2557
6319 6817
1230 4060
3761 7586
2842 7077
2182 2516
5459 2656
874 2319
258 5278
7484 7241
6677 3466
3120 7474
2596 1628
6058 5917
3186 1438
2860 2291
4373 875
4728 3897
6294 3872
5547 1932
2575 6780
3701 2315
4263 4672
3556 4717
3777 6949
7424 2321
7606 741
4808 3192
183 630
1821 4033
5295 4666
6484 1572
1138 4623
2797 6742
5521 4455
5492 6222
2171 6978
529 449
2730 7043
3734 4386
1839 7258
4449 3000
1333 4702
3005 4064
5710 2344
7335 2309
1334 4847
2476 6041
6884 7009
4891 1893
7093 6025
4912 2235
5416 3630
7251 972
4399 2394
6014 7391
573 48
5367 5090
2279 5454
4478 2393
3941 361
7451 4703
5794 6882
7573 3094
2074 7654
72 6076
68 5703
52 7469
2557 4549
6817 2118
4060 2701
7586 959
7077 3613
2516 4834
2656 2057
2319 4777
5278 6013
7241 4328
3466 7570
7474 6950
1628 1107
5917 5728
1438 6596
2291 3821
875 2993
3897 6789
3872 3938
1932 6242
6780 2971
2315 5194
4672 5874
4717 4704
6949 957
2321 5830
741 1516
3192 2653
630 1006
4033 1593
4666 2104
1572 1871
4623 2352
6742 469
4455 1725
6222 1307
6978 3929
449 2270
7043 3921
4386 1367
7258 5601
3000 1460
4702 4109
4064 2580
2344 5083
2309 2748
4847 5643
6041 1595
7009 7562
1893 7395
6025 3450
2235 1429
3630 5617
972 6258
2394 1626
7391 650
48 2816
5090 618
5454 2968
2393 1173
361 6350
4703 4191
6882 2201
3094 7504
7654 7253
6076 2852
5703 1837
7469 7084
4549 6756
2118 7501
2701 4693
959 5663
3613 4359
4834 4504
2057 297
4777 1411
6013 4199
4328 526
7570 7370
6950 5137
1107 46
5728 4377
6596 2630
3821 6248
2993 1781
6789 6923
3938 43
6242 3919
2971 1889
5194 195
5874 7641
4704 5178
957 3395
5830 6075
1516 4432
2653 4226
1006 241
1593 3396
2104 2587
1871 4640
2352 4579
469 4466
1725 4317
1307 7010
3929 3881
2270 5092
3921 6707
1367 4374
5601 3579
1460 1700
4109 822
2580 6247
5083 1465
2748 437
5643 3194
1595 6071
7562 2612
7395 2572
3450 4239
1429 6593
5617 158
6258 4277
1626 4739
650 7657
2816 5183
618 6628
2968 6229
1173 6481
6350 2795
4191 5068
2201 5210
7504 4810
7253 2440
2852 5274
1837 2380
7084 685
6756 3009
7501 407
4693 3172
5663 2456
4359 2491
4504 7140
297 74
1411 982
4199 2775
526 2750
7370 4382
5137 2768
46 2493
4377 4163
2630 1483
6248 5440
1781 3787
6923 6541
43 1571
3919 2546
1889 1876
195 868
7641 3754
5178 3751
3395 4414
6075 7013
4432 2685
4226 718
241 6672
3396 7052
2587 5934
4640 181
4579 2229
4466 230
4317 1271
7010 3536
3881 5040
5092 5470
6707 6959
4374 323
3579 5035
1700 703
822 2676
6247 1073
1465 5701
437 6502
3194 7585
6071 2433
2612 342
2572 5959
4239 5449
6593 6359
158 104
4277 7584
4739 3703
7657 1040
5183 4106
6628 5121
6229 4004
6481 2846
2795 881
5068 3452
5210 2199
4810 1673
2440 7036
5274 6515
2380 656
685 5783
3009 7498
407 1408
3172 4590
2456 5427
2491 7225
7140 7295
74 6011
982 364
2775 5001
2750 1349
4382 6862
2768 3105
2493 4603
4163 6027
1483 5104
5440 3599
3787 3480
6541 2457
1571 7228
2546 110
1876 4427
868 2313
3754 2484
3751 6909
4414 3962
7013 7152
2685 4905
718 2539
6672 2631
7052 1233
5934 3730
181 1159
2229 4852
230 6263
1271 3454
3536 180
5040 2600
5470 3497
6959 3407
323 5689
5035 5727
703 958
2676 1020
1073 7292
5701 5996
6502 1186
7585 3276
2433 566
342 5267
5959 5621
5449 4104
6359 6463
104 6811
7584 1400
3703 4054
1040 2222
4106 6537
5121 6033
4004 638
2846 3162
881 965
3452 7150
2199 1604
1673 479
7036 2041
6515 6470
656 518
5783 6830
7498 2381
1408 3892
4590 1170
5427 2644
7225 5873
7295 2946
6011 1343
364 4727
5001 2984
1349 3721
6862 2547
3105 3981
4603 6824
6027 6315
5104 766
3599 5706
3480 4635
2457 3130
7228 6637
110 2534
4427 5156
2313 2048
2484 2422
6909 563
3962 4121
7152 344
4905 3699
2539 7457
2631 1062
1233 2341
3730 7008
1159 4918
4852 6847
6263 7462
3454 6403
180 2471
2600 7196
3497 5555
3407 1250
5689 4709
5727 5375
958 278
1020 6772
7292 991
5996 2708
1186 2839
3276 3619
566 3401
5267 6984
5621 1606
4104 667
6463 4627
6811 4941
1400 5619
4054 5477
2222 3467
6537 5826
6033 165
638 5989
3162 4388
965 6898
7150 6057
1604 7398
479 7214
2041 1447
6470 1204
518 352
6830 6010
2381 3847
3892 3356
1170 2802
2644 1115
5873 5872
2946 1268
1343 4872
4727 1422
2984 5380
3721 2196
2547 2098
3981 1669
6824 3433
6315 7465
766 3420
5706 6286
4635 6440
3130 5879
6637 2078
2534 6652
5156 308
2048 329
2422 5417
563 7345
4121 3940
344 7285
3699 6576
7457 3389
1062 5625
2341 5173
7008 153
4918 7652
6847 4149
7462 216
6403 4947
2471 106
7196 7539
5555 6499
1250 5631
4709 568
5375 3836
278 2820
6772 5526
991 3448
2708 6430
2839 4493
3619 5496
3401 3592
6984 5903
1606 4254
667 2121
4627 640
4941 7353
5619 301
5477 6276
3467 4145
5826 3924
165 1371
5989 4062
4388 6127
6898 6347
6057 6420
7398 4506
7214 6543
1447 981
1204 6691
352 3684
6010 808
3847 1402
3356 4649
2802 6605
1115 1285
5872 5352
1268 1466
4872 4285
1422 6133
5380 4290
2196 2366
2098 5938
1669 366
3433 5076
7465 7574
3420 2825
6286 5481
6440 3067
5879 6788
2078 1309
6652 7450
308 6390
329 3041
5417 6061
7345 5123
3940 7366
7285 5167
6576 504
3389 2249
5625 5268
5173 7339
153 2924
7652 7648
4149 917
216 4463
4947 4510
106 5752
7539 5221
6499 7059
5631 1667
568 1354
3836 197
2820 2864
5526 2159
3448 2807
6430 5291
4493 4009
5496 5255
3592 4990
5903 1014
4254 3267
2121 6123
640 375
7353 6007
301 6929
6276 2112
4145 2779
3924 1838
1371 4695
4062 3012
6127 4324
6347 975
6420 2500
4506 1425
6543 6412
981 4258
6691 5949
3684 5829
808 6132
1402 794
4649 7226
6605 1150
1285 3410
5352 5937
1466 1529
4285 698
6133 7320
4290 3161
2366 1605
5938 5491
366 147
5076 6846
7574 2386
2825 3406
5481 6627
3067 1874
6788 4691
1309 1178
7450 3991
6390 3244
3041 6137
6061 4826
5123 5895
7366 1787
5167 2900
504 1616
2249 3792
5268 4497
7339 100
2924 3273
7648 5184
917 2885
4463 6371
4510 2504
5752 3600
5221 6575
7059 7620
1667 3442
1354 6920
197 7218
2864 1435
2159 2338
2807 4952
5291 5732
4009 4803
5255 3289
4990 5585
1014 1860
3267 7480
6123 6377
375 5324
6007 7644
6929 3665
2112 898
2779 4664
1838 4451
4695 6666
3012 4056
4324 3054
975 1634
2500 1721
1425 3155
6412 7443
4258 6184
5949 697
5829 4162
6132 5336
794 2486
7226 706
1150 6170
3410 6455
5937 2601
1529 2099
698 4677
7320 2758
3161 2636
1605 2803
5491 6080
147 4920
6846 4026
2386 272
3406 2854
6627 6272
1874 4955
4691 7355
1178 2389
3991 1376
3244 3266
6137 5535
4826 2531
5895 961
1787 4011
2900 4567
1616 6510
3792 2240
4497 2879
100 1753
3273 3743
5184 31
2885 6981
6371 1890
2504 128
3600 7354
6575 6758
7620 1883
3442 6932
6920 5339
7218 1553
1435 6764
2338 53
4952 1584
5732 3249
4803 3551
3289 2399
5585 3775
1860 633
7480 1873
6377 3945
5324 266
7644 446
3665 7208
898 4114
4664 5252
4451 95
6666 6564
4056 5377
3054 5708
1634 1727
1721 3488
3155 4169
7443 615
6184 7389
697 3712
4162 1022
5336 1689
2486 2751
706 7264
6170 1365
6455 7475
2601 3764
2099 2311
4677 2583
2758 1226
2636 2324
2803 5132
6080 7177
4920 3136
4026 6378
272 2928
2854 3762
6272 200
4955 2443
7355 496
2389 2833
1376 2702
3266 5124
5535 885
2531 8
961 1379
4011 4798
4567 6348
6510 5027
2240 3969
2879 1370
1753 3589
3743 1843
31 2562
6981 2103
1890 3312
128 1896
7354 4452
6758 6213
1883 1545
6932 4502
5339 4260
1553 79
6764 6726
53 2966
1584 5822
3249 2693
3551 2848
2399 6413
3775 6208
633 5744
1873 4730
3945 3243
266 2954
446 2038
7208 2540
4114 6890
5252 2867
95 4498
6564 910
5377 5914
5708 5918
1727 4019
3488 1308
4169 3927
615 5776
7389 7268
3712 1951
1022 7406
1689 379
2751 4681
7264 5006
1365 5737
7475 2228
3764 6657
2311 4659
2583 2979
1226 1134
2324 1234
5132 2320
7177 2841
3136 3031
6378 4987
2928 7437
3762 3884
200 4483
2443 6971
496 4665
2833 156
2702 2494
5124 7494
885 6609
8 1741
1379 925
4798 5406
6348 2747
5027 4174
3969 7186
1370 6910
3589 7500
1843 7526
2562 5410
2103 2162
3312 1345
1896 6305
4452 507
6213 2370
1545 4807
4502 7507
4260 160
79 1943
6726 3164
2966 7242
5822 2339
2693 466
2848 5435
6413 368
6208 6572
5744 3771
4730 4842
3243 7048
2954 6794
2038 2647
2540 2194
6890 7110
2867 1070
4498 655
910 6361
5914 5814
5918 6301
4019 5289
1308 5707
3927 6308
5776 2403
7268 6382
1951 3170
7406 5248
379 990
4681 833
5006 531
5737 5475
2228 1475
6657 4040
4659 3995
2979 412
1134 1736
1234 7488
2320 727
2841 7362
3031 7189
4987 385
7437 3429
3884 5745
4483 7126
6971 7520
4665 7415
156 3287
2494 349
7494 1524
6609 4981
1741 3037
925 5300
5406 6587
2747 7588
4174 1424
7186 4848
6910 1011
7500 6154
7526 427
5410 7069
2162 1288
1345 6821
6305 2585
507 922
2370 7603
4807 1724
7507 7184
160 1353
1943 3125
3164 906
7242 3390
2339 3846
466 7294
5435 5446
368 5615
6572 4406
3771 2986
4842 2469
7048 6047
6794 4759
2647 5886
2194 3432
7110 4097
1070 3092
655 6097
6361 5966
5814 6568
6301 724
5289 7273
5707 2169
6308 866
2403 1452
6382 2150
3170 6494
5248 3117
990 2586
833 870
531 2767
5475 1666
1475 5791
4040 3108
3995 4758
412 6
1736 2726
7488 780
727 6867
7362 3515
7189 4208
385 10
3429 7351
5745 3207
7126 3119
7520 4731
7415 428
3287 3053
349 5968
1524 3337
4981 6711
3037 1124
5300 4534
6587 1541
7588 6387
1424 3828
4848 7132
1011 3624
6154 1208
427 5089
7069 4794
1288 4125
6821 3623
2585 5322
922 4535
7603 244
1724 1198
7184 7340
1353 7613
3125 7245
906 5176
3390 4915
3846 463
7294 2379
5446 3110
