3204
2708 2333
2708 787
2708 1696
2333 1436
2333 260
2333 3186
2333 2665
787 1112
787 620
1696 64
1696 542
1696 1785
1696 2873
1436 1653
1436 1887
260 803
3186 1617
3186 2281
3186 337
3186 1645
2665 789
2665 2462
2665 2840
1112 649
1112 2498
620 2383
64 3034
64 2193
64 751
542 2122
542 3154
1785 1623
2873 1139
2873 2385
1653 1330
1653 1821
1653 1771
1887 742
803 551
803 905
803 823
1617 1529
1617 549
1617 1416
2281 770
2281 286
337 2752
337 972
1645 970
1645 490
1645 2309
1645 2104
789 3101
789 2355
2462 580
2840 1804
2840 2059
2840 1989
649 1612
649 2661
649 652
649 1226
2498 1354
2498 562
2498 2879
2383 3
2383 2265
2383 2282
2383 3177
3034 2233
3034 211
2193 1062
2193 3112
2193 35
751 2057
751 28
751 2512
2122 3148
2122 1114
2122 1633
3154 2987
3154 2134
3154 1945
1623 1376
1623 2805
1623 2123
1623 3195
1139 2160
1139 176
1139 2920
2385 1361
1330 2744
1330 2529
1330 868
1821 89
1821 1095
1821 2623
1771 1341
742 1530
551 903
551 3135
551 759
551 1444
905 299
905 2276
905 300
823 1065
823 2256
1529 835
1529 380
549 1598
1416 2788
1416 219
770 629
770 1974
770 2794
770 2033
286 978
286 3108
286 2338
286 442
2752 1745
2752 418
972 1726
970 545
970 1606
970 2287
490 172
2309 1299
2309 2015
2309 860
2104 887
2104 436
2104 1995
2104 1990
3101 2628
3101 1751
3101 2037
2355 865
2355 2944
2355 541
580 166
580 1936
580 820
1804 372
1804 2394
1804 97
2059 377
2059 586
2059 1269
1989 1182
1989 2699
1989 1507
1612 2068
1612 660
1612 2786
2661 1669
2661 1643
652 2590
652 891
1226 1604
1354 1582
1354 1627
1354 2046
562 3126
562 2039
2879 1295
2879 2533
2879 990
3 2363
3 1477
3 1929
2265 2914
2282 2164
3177 2881
2233 3116
211 18
211 3182
1062 463
3112 1186
35 257
2057 2507
28 2907
28 2085
2512 2343
2512 2454
3148 1716
3148 1577
1114 3188
1114 1252
1633 2900
2987 486
2134 3192
1945 405
1376 1162
1376 2017
2805 2475
2123 2101
3195 1805
2160 1962
2160 1728
176 70
2920 895
1361 2519
2744 2209
2744 2523
2529 804
2529 714
868 2776
89 2493
89 82
1095 3131
1095 6
2623 216
1341 1378
1341 3027
1530 55
1530 2220
903 1302
3135 534
759 873
1444 1631
1444 2346
299 1448
2276 3054
300 1474
1065 235
2256 1668
835 2854
380 360
1598 1969
2788 331
219 258
629 529
1974 1932
2794 53
2033 2691
978 861
3108 1040
2338 1020
442 2911
1745 1883
418 2627
1726 1488
545 2974
1606 814
2287 1360
172 3109
1299 2210
2015 882
860 1390
887 758
436 1301
1995 1553
1990 1243
2628 1740
1751 1202
2037 1334
865 2693
2944 1098
541 3066
166 364
1936 877
820 1260
372 2694
2394 2795
97 2554
377 2647
586 2891
1269 1516
1182 1879
2699 1176
1507 2317
2068 2886
660 703
2786 622
1669 637
1643 841
2590 1609
891 1817
1604 56
1582 641
1627 1109
2046 229
3126 2546
2039 1892
1295 498
2533 1168
990 2259
2363 732
1477 2195
1929 2648
2914 30
2164 2284
2881 2306
3116 3056
18 3042
3182 2848
463 2653
1186 1475
257 2310
2507 2278
2907 801
2085 965
2343 1268
2454 674
1716 2971
1577 2372
3188 1329
1252 120
2900 1228
486 1844
3192 733
405 1003
1162 298
2017 1278
2475 3190
2101 734
1805 1073
1962 1039
1728 589
70 2052
895 47
2519 657
2209 1693
2523 1455
804 996
714 274
2776 2990
2493 1248
82 1905
3131 2909
6 488
216 2267
1378 226
3027 3029
55 2809
2220 1795
1302 1424
534 1657
873 2748
1631 2184
2346 881
1448 2676
3054 2202
1474 1056
235 482
1668 45
2854 982
360 244
1969 130
331 557
258 2124
529 2401
1932 1432
53 2956
2691 662
861 1917
1040 2621
1020 1987
2911 103
1883 170
2627 3155
1488 522
2974 763
814 203
1360 1629
3109 973
2210 2845
882 2090
1390 1287
758 2511
1301 677
1553 2801
1243 374
1740 411
1202 1255
1334 3172
2693 1335
1098 1871
3066 501
364 1924
877 644
1260 165
2694 510
2795 1277
2554 353
2647 1174
2891 1928
1516 718
1879 2587
1176 3120
2317 3164
2886 1125
703 1984
622 2207
637 1456
841 544
1609 2292
1817 2253
56 1752
641 2743
1109 931
229 890
2546 1289
1892 2395
498 1545
1168 2896
2259 282
732 2273
2195 2820
2648 3085
30 264
2284 915
2306 61
3056 917
3042 708
2848 1552
2653 1709
1475 1897
2310 1970
2278 2762
801 2804
965 1754
1268 188
674 603
2971 1994
2372 68
1329 81
120 2884
1228 1115
1844 2238
733 1227
1003 1739
298 2806
1278 687
3190 39
734 51
1073 2747
1039 2690
589 2759
2052 1053
47 27
657 954
1693 1750
1455 3077
996 2883
274 1496
2990 1193
1248 752
1905 3047
2909 2169
488 2887
2267 1608
226 3197
3029 927
2809 502
1795 2679
1424 785
1657 1198
2748 3141
2184 2931
881 85
2676 1556
2202 1130
1056 407
482 1544
45 898
982 2949
244 2221
130 122
557 2539
2124 445
2401 1397
1432 384
2956 540
662 1648
1917 472
2621 173
1987 2642
103 961
170 41
3155 2541
522 2567
763 2217
203 845
1629 3138
973 3152
2845 689
2090 1911
1287 753
2511 241
677 2530
2801 2757
374 2945
411 71
1255 1270
3172 2143
1335 3114
1871 2630
501 2458
1924 49
644 1538
165 3125
510 775
1277 1531
353 3044
1174 8
1928 1690
718 3163
2587 494
3120 1719
3164 3147
1125 343
1984 2252
2207 2700
1456 2280
544 2922
2292 320
2253 2521
1752 2849
2743 2419
931 632
890 1735
1289 3153
2395 36
1545 1428
2896 2279
282 1781
2273 1342
2820 2219
3085 1568
264 2389
915 2916
61 1594
917 2843
708 1420
1552 186
1709 1624
1897 187
1970 2903
2762 3118
2804 168
1754 1191
188 1902
603 2973
1994 2962
68 2452
81 3174
2884 1954
1115 1351
2238 1659
1227 2617
1739 297
2806 2023
687 943
39 424
51 2041
2747 833
2690 2779
2759 1431
1053 459
27 2616
954 947
1750 2204
3077 1895
2883 308
1496 2701
1193 1240
752 2657
3047 2448
2169 2376
2887 2817
1608 2216
3197 2601
927 1146
502 1893
2679 2356
785 539
1198 601
3141 1346
2931 2704
85 2260
1556 2212
1130 1796
407 2571
1544 1926
898 2211
2949 984
2221 1856
122 2917
2539 2772
445 191
1397 668
384 2937
540 1939
1648 2499
472 1358
173 1588
2642 3001
961 184
41 2830
2541 690
2567 404
2217 289
845 1490
3138 1815
3152 648
689 2522
1911 619
753 1015
241 878
2530 2366
2757 1288
2945 396
71 566
1270 115
2143 267
3114 2007
2630 2479
2458 3193
49 322
1538 1685
3125 2277
775 2714
1531 383
3044 2855
8 1766
1690 1122
3163 817
494 680
1719 2442
3147 1141
343 2636
2252 1775
2700 1418
2280 2562
2922 1912
320 1518
2521 621
2849 2989
2419 1842
632 2742
1735 406
3153 1384
36 2717
1428 2663
2279 387
1781 2631
1342 1649
2219 1786
1568 1096
2389 1043
2916 533
1594 1523
2843 9
1420 2796
186 1373
1624 455
187 2237
2903 1347
3118 2789
168 96
1191 1663
1902 3061
2973 2504
2962 362
2452 2319
3174 818
1954 1406
1351 2785
1659 3016
2617 2728
297 1647
2023 464
943 886
424 1263
2041 1957
833 922
2779 1601
1431 2407
459 2457
2616 340
947 2186
2204 702
1895 1971
308 746
2701 1854
1240 2145
2657 2933
2448 3099
2376 319
2817 111
2216 1853
2601 636
1146 2234
1893 555
2356 3194
539 3178
601 3053
1346 3119
2704 2705
2260 1521
2212 2456
1796 1673
2571 143
1926 1061
2211 1138
984 1964
1856 1225
2917 2000
2772 2214
191 2245
668 2337
2937 506
1939 2432
2499 1501
1358 2249
1588 1469
3001 328
184 3083
2830 475
690 2711
404 1485
289 739
1490 1701
1815 561
648 2664
2522 707
619 699
1015 994
878 1316
2366 2505
1288 2399
396 2435
566 1838
115 266
267 2528
2007 953
2479 749
3193 1284
322 975
1685 1229
2277 148
2714 1185
383 952
2855 99
1766 1590
1122 175
817 3113
680 812
2442 1175
1141 1714
2636 1801
1775 1768
1418 94
2562 1951
1912 2929
1518 3078
621 342
2989 2501
1842 447
2742 2822
406 1076
1384 2365
2717 204
2663 2938
387 344
2631 762
1649 2044
1786 106
1096 3156
1043 2874
533 543
1523 2174
9 1305
2796 1993
1373 1148
455 939
2237 3191
1347 1364
2789 2334
96 1694
1663 312
3061 2941
2504 1294
362 2992
2319 3017
818 230
1406 178
2785 826
3016 2379
2728 1190
1647 3107
464 1339
886 171
1263 1435
1957 1489
922 940
1601 2969
2407 2496
2457 129
340 250
2186 946
702 1286
1971 2192
746 2460
1854 839
2145 2784
2933 336
3099 2968
319 2682
111 1665
1853 388
636 1586
2234 2713
555 414
3194 483
3178 159
3053 723
3119 180
2705 520
1521 2443
2456 910
1673 2170
143 1767
1061 395
1138 2453
1964 3003
1225 909
2000 338
2214 1267
2245 2515
2337 3181
506 2388
2432 579
1501 2367
2249 1486
1469 1338
328 1820
3083 2861
475 1873
2711 575
1485 685
739 2117
1701 1963
561 2487
2664 2585
707 3130
699 2283
994 423
1316 2729
2505 507
2399 419
2435 499
1838 2235
266 2091
2528 1637
953 196
749 1212
1284 1756
975 1666
1229 2955
148 93
1185 1791
952 1921
99 1250
1590 2526
175 1059
3113 1656
812 792
1175 2872
1714 43
1801 2545
1768 1610
94 2709
1951 2120
2929 2223
3078 2313
342 1890
2501 453
447 138
2822 1047
1076 78
2365 2975
204 1920
2938 1154
344 1938
762 182
2044 2695
106 1988
3156 655
2874 497
543 1422
2174 1543
1305 595
1993 1870
1148 2898
939 1137
3191 1401
1364 2035
2334 2010
1694 1049
312 912
2941 608
1294 2439
2992 1595
3017 1363
230 1885
178 2148
826 1494
2379 2813
1190 2543
3107 2466
1339 1941
171 2050
1435 850
1489 1585
940 780
2969 1675
2496 747
129 843
250 516
946 872
1286 74
2192 594
2460 2589
839 3067
2784 596
336 1833
2968 2295
2682 2150
1665 725
388 2404
1586 433
2713 857
414 1639
483 755
159 2548
723 633
180 2350
520 597
2443 1891
910 800
2170 2341
1767 748
395 3006
2453 2299
3003 2536
909 2930
338 1730
1267 1687
2515 914
3181 3171
2388 2991
579 2482
2367 2500
1486 378
1338 1352
1820 1366
2861 900
1873 709
575 399
685 2718
2117 1640
1963 2599
2487 768
2585 1259
3130 1219
2283 301
423 760
2729 2308
507 1733
419 1527
499 359
2235 1022
2091 1814
1637 3187
196 2812
1212 1419
1756 1385
1666 2340
2955 432
93 3151
1791 2611
1921 2198
1250 1215
2526 2393
1059 461
1656 1082
792 473
2872 465
43 1832
2545 1333
1610 22
2709 2069
2120 1258
2223 2517
2313 805
1890 1925
453 1789
138 1542
1047 981
78 2218
2975 2004
1920 1
1154 1460
1938 678
182 1978
2695 1515
1988 2294
655 1079
497 3200
1422 2421
1543 2703
595 1143
1870 454
2898 2089
1137 2986
1401 682
2035 930
2010 665
1049 1638
912 3062
608 944
2439 2999
1595 3159
1363 1312
1885 1281
2148 1261
1494 2537
2813 1495
2543 440
2466 467
1941 144
2050 1773
850 1487
1585 254
780 147
1675 1950
747 67
843 778
516 1592
872 3068
74 3201
594 255
2589 754
3067 1540
596 2172
1833 3039
2295 59
2150 293
725 2844
2404 548
433 1158
857 1403
1639 2173
755 1948
2548 2305
633 1746
2350 2002
597 1078
1891 1380
800 1429
2341 1089
748 1051
3006 2026
2299 181
2536 2183
2930 1758
1730 1852
1687 2176
914 252
3171 1748
2991 928
2482 2618
2500 1823
378 2977
1352 2856
1366 1036
900 569
709 2248
399 2766
2718 2348
1640 647
2599 1535
768 1839
1259 998
1219 3026
301 605
760 2301
2308 848
1733 1411
1527 1254
359 2687
1022 231
1814 1514
3187 790
2812 2108
1419 730
1385 1614
2340 1173
432 104
3151 2290
2611 1084
2198 1189
1215 1684
2393 574
461 2960
1082 248
473 1855
465 609
1832 3106
1333 592
22 150
2069 1247
1258 2544
2517 888
805 422
1925 2797
1789 1123
1542 2336
981 246
2218 477
2004 1620
1 2384
1460 2031
678 1324
1978 1110
1515 704
2294 281
1079 2939
3200 1818
2421 2614
2703 251
1143 1106
454 2180
2089 879
2986 1813
682 2924
930 2271
665 416
1638 228
3062 1417
944 327
2999 1505
3159 2352
1312 2021
1281 92
1261 1672
2537 2741
1495 310
440 1581
467 2603
144 1379
1773 2079
1487 2392
254 796
147 1072
1950 350
67 1560
778 1860
1592 693
3068 2070
3201 370
255 1069
754 774
1540 1386
2172 505
3039 2745
59 1713
293 2799
2844 2518
548 2671
1158 1721
1403 1510
2173 1018
1948 2275
2305 80
1746 2412
2002 1660
1078 1253
1380 2472
1429 571
1089 2833
1051 876
2026 1511
181 2826
2183 2486
1758 1845
1852 158
2176 1520
252 307
1748 2020
928 537
2618 1314
1823 2483
2977 1830
2856 2371
1036 428
569 2858
2248 2814
2766 2410
2348 355
647 1408
1535 602
1839 403
998 1094
3026 1792
605 2003
2301 1201
848 618
1411 976
1254 321
2687 2288
231 391
1514 19
790 1002
2108 2494
730 1931
1614 371
1173 268
104 2892
2290 318
1084 1593
1189 1667
1684 2639
574 737
2960 1147
248 1153
1855 1090
609 1859
3106 2262
592 195
150 1209
1247 2322
2544 1290
888 560
422 451
2797 1023
1123 2769
2336 2767
246 3104
477 2624
1620 1635
2384 688
2031 2465
1324 869
1110 1619
704 2681
281 858
2939 126
1818 2555
2614 1388
251 2564
1106 964
2180 2424
879 1591
1813 1304
2924 2189
2271 2364
416 189
228 993
1417 354
327 2698
1505 450
2352 3055
2021 1091
92 781
1672 2836
2741 2746
310 1459
1581 577
2603 2559
1379 1738
2079 570
2392 1081
796 980
1072 26
350 587
1560 819
1860 2982
693 791
2070 2063
370 2569
1069 262
774 197
1386 2988
505 3063
2745 86
1713 864
2799 2476
2518 2524
2671 2060
1721 1691
1510 1343
1018 1463
2275 3189
80 1828
2412 1682
1660 963
1253 2637
2472 908
571 1264
2833 2254
876 2431
1511 311
2826 233
2486 862
1845 2514
158 3057
1520 1982
307 329
2020 3203
537 2652
1314 2605
2483 2066
1830 2423
2371 1165
428 3139
2858 2731
2814 1872
2410 427
355 2158
1408 3110
602 2318
403 697
1094 2032
1792 1725
2003 2116
1201 2942
618 73
976 590
321 356
2288 109
391 304
19 1863
1002 813
2494 639
1931 3046
371 2411
268 1972
2892 3024
318 1847
1593 1641
1667 179
2639 1161
737 958
1147 410
1153 2146
1090 2866
1859 23
2262 2966
195 485
1209 935
2322 3048
1290 3132
560 2889
451 3198
1023 2087
2769 413
2767 40
3104 1321
2624 2878
1635 1910
688 2893
2465 2913
869 102
1619 2099
2681 2416
858 2932
126 1451
2555 694
1388 802
2564 1508
964 1234
2424 2339
1591 844
1304 261
2189 1784
2364 209
189 2266
993 1450
354 525
2698 1425
450 100
3055 799
1091 1057
781 213
2836 3071
2746 1389
1459 1331
577 967
2559 12
1738 1555
570 2445
1081 904
980 1006
26 479
587 2793
819 3143
2982 1482
791 2297
2063 358
2569 3065
262 716
197 3111
2988 108
3063 1224
86 598
864 974
2476 1509
2524 1888
2060 503
1691 1118
1343 3100
1463 638
3189 2314
1828 2246
1682 2689
963 1729
2637 2226
908 1000
1264 1152
2254 3002
2431 1393
311 728
233 1904
862 3019
2514 190
3057 2484
1982 1027
329 2178
3203 1723
2652 2311
2605 448
2066 185
2423 1157
1165 1221
3139 313
2731 2009
1872 98
427 1655
2158 3064
3110 476
2318 554
697 1537
2032 1882
1725 2131
2116 1849
2942 460
73 2730
590 1167
356 134
109 2051
304 782
1863 225
813 1915
639 1763
3046 664
2411 1159
1972 3117
3024 76
1847 735
1641 1199
179 2607
1161 1841
958 1164
410 2438
2146 1345
2866 701
23 29
2966 1563
485 1337
935 2167
3048 2842
3132 2165
2889 925
3198 2863
2087 2644
413 2921
40 1466
1321 2586
2878 656
1910 2697
2893 2449
2913 661
102 2782
2099 1024
2416 118
2932 2720
1451 3098
694 265
802 2463
1508 3052
1234 2835
2339 1999
844 2474
261 1180
1784 2142
209 1727
2266 1443
1450 1803
525 2199
1425 2633
100 2058
799 2976
1057 842
213 2390
3071 2753
1389 1861
1331 766
967 149
12 2136
1555 2538
2445 2441
904 136
1006 269
479 2156
2793 2831
3143 615
1482 1580
2297 1124
358 673
3065 2126
716 1922
3111 658
108 536
1224 2551
598 2560
974 3000
1509 2910
1888 347
503 1955
1118 1423
3100 2612
638 1578
2314 2251
2246 1473
2689 1133
1729 640
2226 2040
1000 1618
1152 2491
3002 239
1393 528
728 563
1904 1587
3019 493
190 121
2484 1827
1027 1996
2178 2707
1723 3008
2311 1889
448 316
185 153
1157 1621
1221 1327
313 2417
2009 1025
98 1500
1655 2908
3064 711
476 991
554 1197
1537 2357
1882 2765
2131 899
1849 3137
460 1048
2730 2043
1167 2012
134 10
2051 7
782 1075
225 11
1915 1381
1763 2951
664 2227
1159 1546
3117 2609
76 386
735 48
1199 1757
2607 1541
1841 1930
1164 2225
2438 1865
1345 278
701 969
29 2565
1563 330
1337 1172
2167 1953
2842 2823
2165 1011
925 2791
2863 2268
2644 610
2921 3074
1466 205
2586 1484
656 335
2697 1992
2449 672
661 514
2782 721
1024 62
118 2161
2720 3144
3098 3018
265 1692
2463 363
3052 1092
2835 2640
1999 1986
2474 1207
1180 1470
2142 2867
1727 435
1443 1851
1803 2819
2199 1204
2633 822
2058 1968
2976 50
842 114
2390 1350
2753 896
1861 2078
766 2098
149 1886
2136 1280
2538 1654
2441 949
136 2825
269 986
2156 1835
2831 2425
615 2194
1580 127
1124 295
673 2028
2126 1150
1922 983
658 2347
536 2770
2551 713
2560 851
3000 2563
2910 3092
347 663
1955 2735
1423 2324
2612 1136
1578 2185
2251 1794
1473 1712
1133 1927
640 1183
2040 247
1618 288
2491 60
239 2230
528 2649
563 2998
1587 1134
493 1104
121 1054
1827 1572
1996 1218
2707 1449
3008 1370
1889 2075
316 784
153 859
1621 1210
1327 84
2417 2272
1025 194
1500 478
2908 1991
711 941
991 2876
1197 2440
2357 305
2765 1806
899 1583
3137 2727
1048 1297
2043 2798
2012 2957
10 2477
7 2961
1075 2326
11 2527
1381 2771
2951 491
2227 2064
1546 253
2609 1550
386 1603
48 2685
1757 1357
1541 1367
1930 1741
2225 2860
1865 2852
278 275
969 2725
2565 1166
330 997
1172 863
1953 2502
2823 1966
1011 1561
2791 2329
2268 368
610 2954
3074 1101
205 1262
1484 1283
335 2330
1992 2380
672 1981
514 2678
721 1909
62 1558
2161 1177
3144 2055
3018 3030
1692 462
363 2943
1092 1445
2640 2386
1986 217
1207 1410
1470 2231
2867 2662
435 1549
1851 1382
2819 323
1204 1457
822 2981
1968 276
50 3072
114 2673
1350 924
896 2615
2078 1163
2098 692
1886 582
1280 500
1654 1447
949 646
2825 962
986 1108
1835 606
2425 1700
2194 21
127 956
295 46
2028 1016
1150 2490
983 1866
2347 1383
2770 2935
713 426
851 2984
2563 2732
3092 1819
663 2980
2735 245
2324 2201
1136 381
2185 1787
1794 2918
1712 1414
1927 945
1183 105
247 836
288 15
60 348
2230 279
2649 1569
2998 530
1134 3025
1104 345
1054 1116
1572 3010
1218 1597
1449 2042
1370 2792
2075 2163
784 743
859 1285
1210 3199
84 1117
2272 272
194 1715
478 3103
1991 1923
941 2646
2876 162
2440 2781
305 306
1806 1679
1583 154
2727 809
1297 2378
2798 2436
2957 1502
2477 578
2961 2144
2326 654
2527 3041
2771 1439
491 3058
2064 2868
253 1940
1550 1662
1603 827
2685 919
1357 1017
1367 2497
1741 218
2860 798
2852 243
275 650
2725 885
1166 1793
997 830
863 1753
2502 816
1966 906
1561 468
2329 1196
368 3129
2954 729
1101 2513
1262 535
1283 1777
2330 1907
2380 2304
1981 3090
2678 1430
1909 1874
1558 417
1177 642
2055 2179
3030 2370
462 2754
2943 140
1445 2243
2386 3014
217 457
1410 484
2231 1513
2662 1217
1549 2461
1382 13
323 1440
1457 385
2981 1705
276 1336
3072 3073
2673 2408
924 1126
2615 3038
1163 874
692 3093
582 3028
500 3196
1447 1142
646 1046
962 2342
1108 2600
606 794
1700 1575
21 1615
956 91
46 1241
1016 786
2490 2224
1866 631
1383 2783
2935 1318
426 614
2984 2391
2732 2489
1819 2864
2980 2375
245 564
2201 3183
381 296
1787 558
2918 1919
1414 1809
945 773
105 1356
836 3060
15 676
348 1208
279 458
1569 1308
530 3037
3025 1825
345 824
1116 131
3010 889
1597 400
2042 2190
2792 2790
2163 2369
743 1246
1285 1772
3199 2572
1117 2651
272 1205
1715 139
3103 2674
1923 1412
2646 1737
162 2680
2781 2133
306 2568
1679 538
154 1858
809 141
2378 1798
2436 635
1502 1780
578 2128
2144 38
654 1567
3041 2077
1439 1671
3058 738
2868 2925
1940 2862
1662 2018
827 1650
919 1127
1017 2024
2497 3088
218 1634
798 3146
243 2353
650 600
885 237
1793 1831
830 2428
1753 1001
816 2127
906 1434
468 369
1196 2582
3129 397
729 17
2513 334
535 2702
1777 2049
1907 1998
2304 989
3090 2011
1430 3097
1874 112
417 2263
642 2038
2179 1658
2370 2264
2754 1005
140 294
2243 2140
3014 531
457 199
484 509
1513 1960
1217 1273
2461 2200
13 1415
1440 3140
385 2197
1705 2118
1336 2103
3073 593
2408 1421
1126 1826
3038 1480
874 2298
3093 1088
3028 2080
3196 2137
1142 1257
1046 2152
2342 2761
2600 52
794 1313
1575 1731
1615 2162
91 1206
1241 2196
786 277
2224 2171
631 1761
2783 2550
1318 1503
614 3128
2391 1348
2489 2240
2864 504
2375 1959
564 1077
3183 1651
296 174
558 524
1919 2967
1809 367
773 167
1356 553
3060 2965
676 1742
1208 1216
458 1670
1308 3050
3037 2654
1825 1145
824 1596
131 263
889 1391
400 1195
2190 2054
2790 366
2369 1244
1246 2751
1772 2846
2572 2427
2651 1087
1205 645
139 2890
2674 527
1412 75
1737 1245
2680 2289
2133 1695
2568 884
538 517
1858 1935
141 2721
1798 119
635 1409
1780 856
2128 1144
38 1132
1567 2897
2077 1708
1671 2107
738 3011
2925 2983
2862 2406
2018 1774
1650 722
1127 1732
2024 2013
3088 1325
1634 2659
3146 1800
2353 425
600 2885
237 487
1831 1256
2428 1743
1001 2257
2127 317
1434 2113
369 2829
2582 568
397 1426
17 1630
334 2807
2702 2580
2049 1179
1998 2668
989 1770
2011 2362
3097 1058
112 284
2263 1031
2038 1291
1658 1788
2264 2635
1005 160
294 470
2140 1880
531 152
199 1188
509 1807
1960 2114
1273 626
2200 452
1415 2596
3140 3127
2197 712
2118 2286
2103 2581
593 1491
1421 2740
1826 2481
1480 1744
2298 2777
1088 2724
2080 1063
2137 2488
1257 821
2152 1717
2761 2396
52 1778
1313 2626
1731 3175
2162 137
1206 2470
2196 222
277 2321
2171 1374
1761 1942
2550 1559
1503 515
3128 2775
1348 2972
2240 745
504 332
1959 456
1077 584
1651 273
174 1371
524 1320
2967 995
367 2139
167 1129
553 2739
2965 431
1742 1404
1216 2328
1670 2552
3050 740
2654 1906
1145 756
1596 866
263 777
1391 3049
1195 1898
2054 2978
366 2610
1244 2566
2751 1869
2846 1293
2427 1711
1087 2250
645 2516
2890 2095
527 1266
75 2111
1245 2429
2289 5
1695 1427
884 3180
517 2773
1935 365
2721 2869
119 901
1409 1843
856 2950
1144 765
1132 691
2897 1300
1708 32
2107 1275
3011 853
2983 764
2406 1584
1774 2073
722 937
1732 2722
2013 2575
1325 437
2659 1602
1800 392
425 1080
2885 2155
487 1070
1256 1438
1743 2643
2257 1947
317 1983
2113 2818
2829 2834
568 1975
1426 2296
1630 1032
2807 1052
2580 625
1179 2904
2668 2655
1770 3012
2362 1642
1058 2048
284 2485
1031 3166
1291 1918
1788 977
2635 783
160 1706
470 1776
1880 2859
152 1303
1188 3162
1807 683
2114 985
626 2351
452 1369
2596 2549
3127 2576
712 2045
2286 2736
2581 1093
1491 811
2740 1908
2481 79
1744 2405
2777 2426
2724 838
1063 376
2488 2029
821 1816
1717 3033
2396 512
1778 1857
2626 679
3175 731
137 1956
2470 2215
222 1400
2321 1525
1374 2121
1942 643
1559 653
515 1029
2775 1944
2972 3167
745 3202
332 394
456 706
584 290
273 1111
1371 971
1320 1862
995 1405
2139 3069
1129 572
2739 3105
431 3089
1404 1041
2328 1279
2552 2837
740 2232
1906 806
756 2468
866 736
777 1170
3049 2447
1898 303
2978 449
2610 918
2566 1900
1869 1764
1293 2159
1711 2014
2250 3032
2516 1934
2095 2402
1266 1589
2111 2154
2429 1875
5 2996
1427 1933
3180 2361
2773 444
365 2532
2869 1292
901 1600
1843 2315
2950 1734
765 1465
691 1570
1300 1274
32 1680
1275 3161
853 1562
764 2022
1584 871
2073 1512
937 2841
2722 2213
2575 2768
437 670
1602 1824
392 3023
1080 3075
2155 2625
1070 2459
1438 1169
2643 1231
1947 2239
1983 2542
2818 2119
2834 382
1975 2824
2296 3149
1032 666
1052 2839
625 58
2904 3086
2655 214
3012 2112
1642 583
2048 3122
2485 2082
3166 1749
1918 164
977 4
783 357
1706 1298
1776 3124
2859 950
1303 1042
3162 1497
683 1055
985 128
2351 177
1369 2247
2549 2093
2576 1239
2045 2005
2736 2175
1093 1946
811 1949
1908 1398
79 1878
2405 333
2426 2373
838 1536
376 54
2029 883
1816 2006
3033 223
512 1573
1857 1008
679 2641
731 72
1956 942
2215 492
1400 1526
1525 1720
2121 2147
643 25
653 1458
1029 1236
1944 434
3167 1548
3202 242
394 588
706 146
290 373
1111 1365
971 1454
1862 2875
1405 3157
3069 1220
572 2755
3105 776
3089 2865
1041 2588
1279 855
2837 710
2232 107
806 2083
2468 1309
736 3165
1170 2553
2447 2303
303 932
449 1315
918 2593
1900 34
1764 3095
2159 1686
2014 2597
3032 466
1934 2084
2402 3160
1589 2850
2154 1021
1875 1237
2996 1472
1933 1881
2361 349
444 2800
2532 1840
1292 20
1600 719
2315 408
1734 2604
1465 788
1570 1467
1274 1328
1680 2851
3161 521
1562 513
2022 1064
871 2598
1512 750
2841 2620
2213 283
2768 1985
670 1607
1824 3082
3023 2520
3075 2151
2625 57
2459 2667
1169 14
1231 2400
2239 2558
2542 2666
2119 2053
382 2478
2824 42
3149 2110
666 2756
2839 1551
58 3179
3086 3096
214 567
2112 2577
583 24
3122 2592
2082 439
1749 1249
164 3081
4 3051
357 1377
1298 1387
3124 2450
950 412
1042 2434
1497 83
1055 2141
128 793
177 1979
2247 3136
2093 117
1239 1646
2005 2923
2175 550
1946 1102
1949 1468
1398 234
1878 110
333 1867
2373 2285
1536 2927
54 1977
883 207
2006 547
223 438
1573 2993
1008 2001
2641 2534
72 430
942 1214
492 156
1526 161
1720 145
2147 1698
25 1834
1458 2092
1236 902
434 1394
1548 2583
242 3133
588 1035
146 2808
373 3087
1365 1626
1454 2650
2875 1722
3157 1790
1220 88
2755 1353
776 556
2865 867
2588 2669
855 1149
710 1355
107 351
2083 3145
1309 474
3165 2634
2553 1066
2303 2953
932 2847
1315 1702
2593 3043
34 1446
3095 1532
1686 2964
2597 2710
466 955
2084 999
3160 1007
2850 2316
1021 2660
1237 717
1472 1566
1881 2129
349 3059
2800 489
1840 1213
20 1613
719 2750
408 1943
2604 2726
788 1704
1467 1980
1328 1799
2851 779
521 1850
513 2901
1064 2737
2598 2153
750 471
2620 852
283 815
1985 772
1607 1599
3082 2688
2520 2810
2151 604
57 581
2667 1524
14 2414
2400 934
2558 1326
2666 727
2053 519
2478 1319
42 1652
2110 287
2756 1718
1551 2320
3179 1973
3096 546
567 2656
2577 2602
24 1282
2592 200
439 1564
1249 1937
3081 1396
3051 2065
1377 2086
1387 1437
2450 1013
412 1014
2434 2135
83 2622
2141 1759
793 2672
1979 2899
3136 1265
117 2946
1646 1372
2923 565
550 393
1102 1760
1468 90
234 634
110 2467
1867 215
2285 1848
2927 1903
1977 2088
207 291
547 2638
438 1528
2993 1033
2001 3173
2534 2368
430 3176
1214 2138
156 1349
161 1368
145 1050
1698 421
1834 155
2092 807
902 1071
1394 210
2583 2802
3133 346
1035 573
2808 2675
3087 1576
1626 933
2650 2437
1722 193
1790 2613
88 2880
1353 2349
556 1896
867 443
2669 285
1149 2325
1355 2535
351 87
3145 212
474 2061
2634 2570
1066 3169
2953 2926
2847 684
1702 1479
3043 123
1446 1676
1532 2760
2964 936
2710 795
955 1402
999 1407
1007 1519
2316 2072
2660 2469
717 3015
1566 2228
2129 44
3059 897
489 2096
1213 698
1613 1464
2750 1837
1943 2696
2726 1755
1704 1074
1980 2076
1799 2030
779 2397
1850 314
2901 2912
2737 1128
2153 1119
471 916
852 2579
815 1769
772 523
1599 1004
2688 2556
2810 1156
604 837
581 870
1524 325
2414 2106
934 1498
1326 1019
727 2241
519 1899
1319 3040
1652 2915
287 907
1718 3020
2320 2345
1973 695
546 700
2656 2382
2602 828
1282 3004
200 1151
1564 1232
1937 198
1396 1517
2065 2509
2086 1836
1437 1976
1013 69
1014 132
2135 1677
2622 1276
1759 375
2672 309
2899 192
1265 2222
2946 1664
1372 659
565 2629
393 968
1760 339
90 1192
634 125
2467 1492
215 854
1848 1625
1903 613
2088 2857
291 2446
2638 1876
1528 1884
1033 2763
3173 2358
2368 1628
3176 1533
2138 2444
1349 834
1368 1317
1050 3031
421 2409
155 1461
807 1452
1071 324
210 771
2802 1622
346 1211
573 1272
2675 2036
1576 3035
933 628
2437 3158
193 2377
2613 183
2880 3005
2349 2712
1896 2591
443 2464
285 1894
2325 1846
2535 1251
87 1296
212 2270
2061 1433
2570 992
3169 2381
2926 1067
684 1242
1479 2415
123 1395
1676 3184
2760 389
936 1044
795 810
1402 2738
1407 518
1519 2258
2072 1340
2469 256
3015 379
2228 2
44 2778
897 2471
2096 1554
698 2997
1464 1178
1837 831
2696 1223
1755 2067
1074 1181
2076 2774
2030 65
2397 2934
314 2936
2912 1442
1128 2019
1119 1060
916 2307
2579 1413
1769 2244
523 1453
1004 705
2556 591
1156 724
837 1965
870 1504
325 894
2106 2816
1498 2508
1019 441
2241 526
1899 220
3040 2877
2915 2670
907 630
3020 2525
2345 3013
695 2905
700 2853
2382 116
828 3115
3004 2360
1151 208
1232 2132
198 2109
1517 2733
2509 1534
1836 2398
1976 1462
69 1547
132 3070
1677 1083
1276 1678
375 2952
309 3204
192 3150
2222 1375
1664 1100
659 2291
2629 2503
968 2008
339 1681
1192 960
125 2734
1492 2764
854 2269
1625 2344
613 3102
2857 911
2446 249
1876 2100
1884 1812
2763 2919
2358 2430
1628 840
1533 2787
2444 757
834 1476
1317 617
3031 315
2409 302
1461 1868
1452 2715
324 2832
771 532
1622 744
1211 2574
1272 1105
2036 1233
3035 767
628 1699
3158 2300
2377 1605
183 1121
3005 988
2712 3123
2591 624
2464 1571
1894 1864
1846 2203
1251 1689
1296 270
2270 1710
1433 77
992 2473
2381 135
1067 696
1242 2803
2415 612
1395 1997
3184 1441
389 2871
1044 1399
810 3007
2738 1632
518 409
2258 1222
1340 1200
256 1916
379 31
2 769
2778 402
2471 2994
1554 1483
2997 2677
1178 1238
831 2606
1223 201
2067 576
1181 847
2774 2995
65 1539
2934 921
2936 1736
1442 926
2019 1810
1060 1802
2307 2619
1413 627
2244 2182
1453 1045
705 2970
591 825
724 2187
1965 686
1504 2205
894 1811
2816 2557
2508 3084
441 2255
526 1707
220 401
2877 880
2670 124
630 2115
2525 2420
3013 1797
2905 1481
2853 1322
116 2815
3115 1026
2360 2323
208 3170
2132 206
2109 2573
2733 2595
1534 157
2398 726
1462 341
1547 2692
3070 429
1083 2206
1678 2081
2952 133
3204 271
3150 37
1375 599
1100 2902
2291 2561
2503 2242
2008 1038
1681 1187
960 1103
2734 1967
2764 446
2269 829
2344 3091
3102 920
911 2584
249 1958
2100 1332
1812 2758
2919 987
2430 667
840 3022
2787 2686
757 2882
1476 681
617 2547
315 1009
302 2838
1868 892
2715 797
2832 1107
532 2422
744 2261
2574 2016
1105 1611
1233 669
767 1230
1699 169
2300 1034
1605 481
1121 2094
988 2480
3123 1085
624 1097
1571 2191
1864 238
2203 2374
1689 552
270 2958
1710 1499
77 2168
2473 2451
135 1235
696 2821
2803 2894
612 1311
1997 2906
1441 832
2871 2062
1399 585
3007 2492
1632 1037
409 3036
1222 1068
1200 480
1916 2074
31 1779
769 66
402 1822
2994 3080
1483 2608
2677 2181
1238 1478
2606 415
201 1913
576 2959
847 2433
2995 1636
1539 1203
921 227
1736 1184
926 2963
1810 1747
1802 508
2619 2888
627 2293
2182 2056
1045 1557
2970 224
825 1661
2187 1522
686 957
2205 761
1811 2928
2557 1765
3084 846
2255 651
1707 1099
401 671
880 1644
124 2716
2115 849
2420 2327
1797 2749
1481 1829
1322 1120
2815 398
1026 1155
2323 3076
3170 2157
206 1471
2573 2506
2595 1113
157 2948
726 2335
341 352
2692 2102
429 1674
2206 202
2081 1703
133 361
271 236
37 2780
599 2229
2902 2723
2561 2578
2242 3134
1038 2828
1187 2683
1103 1194
1967 292
446 1506
829 1030
3091 923
920 966
2584 2097
1958 1574
1332 1307
2758 2510
987 913
667 2027
3022 101
2686 2332
2882 3009
681 2418
2547 326
1009 1140
2838 1344
892 938
797 2413
1107 1359
2422 2312
2261 1961
2016 16
1611 1762
669 2645
1230 2706
169 3121
1034 142
481 2105
2094 2531
2480 2331
1085 2130
1097 240
2191 2811
238 2827
2374 163
552 495
2958 1362
1499 948
2168 979
2451 808
1235 151
2821 720
2894 2025
1311 1392
2906 2540
832 1135
2062 63
585 3094
2492 2208
1037 741
3036 616
1068 2387
480 1688
2074 2149
1779 1010
66 1271
1822 611
3080 1306
2608 1171
2181 2125
1478 1160
415 1901
1913 2495
2959 3021
2433 95
1636 1683
1203 2684
227 3168
1184 1724
2963 3045
1747 1782
508 929
2888 3185
2293 511
2056 875
1557 2947
224 2403
1661 1877
1522 259
957 113
761 893
2928 1783
1765 2354
846 2166
651 2188
1099 2071
671 2594
1644 420
2716 959
849 623
2327 951
2749 607
1829 1131
1120 1028
398 2895
1155 2658
3076 1565
2157 232
1471 2047
2506 559
1113 2274
2948 1808
2335 1323
352 221
2102 3142
1674 2632
202 280
1703 2236
361 715
236 1493
2780 496
2229 1310
2723 3079
2578 2979
3134 1616
2828 2302
2683 1579
1194 1952
292 1914
1506 1697
1030 2870
923 2455
966 390
2097 675
1574 469
1307 2719
2510 1086
913 2985
2027 2940
101 2177
2332 1012
3009 2034
2418 2359
326 33
