3840
2251 2777
2251 2640
2251 1773
2777 3826
2640 1196
1773 3238
3826 1965
3826 1635
3826 1528
3826 3045
1196 1130
3238 215
3238 2389
1965 661
1965 3013
1965 3757
1965 975
1635 2606
1528 1887
1528 3761
1528 1413
1528 210
3045 3026
3045 1727
1130 311
215 3535
215 779
215 3633
215 3634
2389 652
2389 2962
2389 1580
661 3690
3013 3683
3757 3111
3757 998
3757 1269
975 2338
975 2530
975 3670
975 460
2606 3077
1887 947
3761 2399
3761 3340
3761 2496
3761 3837
1413 3642
1413 1541
1413 3172
210 1842
210 3116
3026 969
1727 3721
1727 1778
311 2001
3535 502
779 1948
779 1179
779 207
779 2851
3633 2474
3633 3835
3633 2603
3634 3044
3634 3332
3634 715
3634 1021
652 2099
2962 3558
2962 2015
2962 2395
2962 2995
1580 3349
1580 1637
1580 2657
1580 1086
3690 1910
3683 1793
3683 560
3683 1677
3111 795
998 1175
998 2769
998 691
1269 1686
2338 451
2530 903
2530 3618
2530 2026
3670 3213
3670 2261
3670 1699
460 2444
460 2075
460 1403
460 1709
3077 54
3077 30
3077 2901
3077 2248
947 1669
947 2912
2399 2648
2399 2865
2399 3050
3340 320
3340 2620
3340 2966
3340 2390
2496 1389
3837 1489
3837 361
3837 1361
3837 889
3642 2744
3642 441
3642 2676
1541 3486
3172 3071
3172 3169
3172 3039
3172 2497
1842 3583
1842 551
1842 791
1842 800
3116 3154
3116 2732
3116 1045
3116 1976
969 1649
969 3202
969 3315
969 1310
3721 871
3721 848
3721 3046
1778 2638
2001 3168
502 3656
502 2351
502 3345
502 1394
1948 2288
1948 3807
1948 3379
1948 2250
1179 2081
1179 2413
1179 3328
1179 2907
207 203
207 2325
207 2106
2851 2632
2851 1869
2851 3028
2474 2587
2474 2979
2474 1084
3835 291
3835 3074
3835 3785
3835 2224
2603 2801
2603 145
2603 165
3044 1865
3044 714
3332 2312
3332 3054
3332 6
715 1062
715 3663
715 2807
715 3611
1021 613
1021 421
1021 3591
1021 3791
2099 2452
3558 1398
3558 3632
3558 1188
2015 263
2015 775
2395 1028
2395 2457
2995 2858
2995 1338
3349 1505
1637 2636
1637 1512
2657 2679
2657 967
2657 1655
1086 2306
1910 2767
1910 2806
1793 1600
1793 1544
560 2821
560 322
560 3140
560 3389
1677 1288
795 2004
795 2710
795 39
795 2300
1175 2322
1175 3043
1175 346
2769 469
691 1818
1686 3002
1686 3814
1686 2356
451 571
451 860
451 1974
451 565
903 2
903 157
903 2775
3618 3287
2026 3121
3213 9
3213 2362
3213 2630
3213 3014
2261 1855
2261 130
2261 372
2261 2027
1699 2396
1699 1966
1699 665
2444 3749
2444 2633
2075 1519
2075 2811
2075 1151
1403 765
1403 1926
1709 2668
1709 2853
54 1184
30 413
30 117
30 2826
2901 818
2248 2454
1669 2090
1669 2168
1669 615
2912 171
2648 1331
2648 3267
2865 3496
3050 112
3050 1646
3050 3337
320 314
320 113
2620 1659
2620 821
2966 902
2390 658
2390 997
2390 1878
1389 1896
1389 3577
1489 1107
1489 3275
361 2014
1361 3687
1361 2881
889 3672
889 1336
889 2164
2744 709
441 2193
2676 3199
3486 176
3486 865
3486 1080
3071 671
3071 1591
3169 1399
3039 1789
3039 3543
2497 3173
2497 1663
2497 2619
3583 3798
3583 3205
551 1186
551 3777
551 1588
791 3406
800 127
3154 1922
3154 912
2732 2237
2732 2196
2732 953
1045 3376
1976 2859
1976 2257
1649 990
1649 735
3202 2886
3202 3720
3315 2222
1310 1453
1310 33
871 336
848 630
848 1804
3046 2189
3046 2715
2638 2016
3168 2827
3656 1227
2351 3038
2351 672
3345 3768
1394 3506
1394 1521
2288 1845
2288 2989
3807 3648
3807 836
3379 2199
3379 1949
2250 239
2081 62
2413 2501
3328 367
2907 2708
2907 1603
203 787
2325 1211
2106 803
2106 2961
2632 3838
2632 2958
1869 2333
3028 3313
2587 3526
2587 420
2979 853
1084 1424
1084 1303
291 3709
291 2249
3074 2772
3074 971
3785 101
3785 2176
2224 1473
2224 3703
2801 2570
145 1198
165 754
1865 247
714 3264
2312 986
3054 3622
6 2868
1062 3638
3663 471
2807 3319
3611 1298
613 1936
421 1191
3591 1347
3791 1840
2452 3008
1398 1456
3632 2487
1188 316
263 519
775 641
1028 2935
2457 2119
2858 3766
1338 3052
1505 201
2636 2818
1512 543
2679 3398
967 261
1655 2340
2306 2334
2767 593
2806 1652
1600 2712
1544 2046
2821 3792
322 1025
3140 3273
3389 563
1288 1606
2004 741
2710 3397
39 3282
2300 2665
2322 17
3043 1240
346 827
469 1106
1818 2687
3002 1708
3814 3485
2356 3190
571 638
860 3796
1974 1801
565 1958
2 404
157 2943
2775 1576
3287 2510
3121 2800
9 2317
2362 771
2630 1393
3014 2422
1855 3732
130 3251
372 286
2027 1736
2396 2105
1966 1388
665 727
3749 3394
2633 3800
1519 2254
2811 1772
1151 3655
765 3124
1926 1139
2668 2864
2853 2560
1184 2218
413 227
117 1040
2826 2888
818 3698
2454 3218
2090 1790
2168 955
615 2080
171 3228
1331 524
3267 452
3496 2107
112 1038
1646 2673
3337 2039
314 1112
113 2020
1659 3536
821 640
902 31
658 2758
997 3018
1878 2574
1896 3131
3577 1421
1107 2866
3275 2167
2014 466
3687 2787
2881 2265
3672 3295
1336 745
2164 3502
709 27
2193 3032
3199 332
176 2944
865 1721
1080 1815
671 935
1591 180
1399 2701
1789 3331
3543 823
3173 2065
1663 1171
2619 282
3798 2960
3205 1883
1186 2175
3777 2461
1588 1016
3406 2647
127 3399
1922 71
912 1629
2237 2993
2196 3297
953 60
3376 2905
2859 774
2257 3639
990 1120
735 3231
2886 545
3720 3240
2222 2377
1453 2101
33 1648
336 1613
630 2432
1804 3489
2189 3375
2715 1715
2016 892
2827 2145
1227 505
3038 1970
672 869
3768 1768
3506 87
1521 1623
1845 1425
2989 3453
3648 323
836 1046
2199 1776
1949 1012
239 3225
62 45
2501 879
367 358
2708 3657
1603 1273
787 3731
1211 3006
803 3755
2961 1137
3838 454
2958 187
2333 278
3313 2225
3526 2262
420 2738
853 3091
1424 738
1303 699
3709 2608
2249 111
2772 2473
971 1429
101 1348
2176 847
1473 2092
3703 2215
2570 1380
1198 1283
754 2191
247 1820
3264 780
986 766
3622 1586
2868 150
3638 3087
471 1433
3319 1851
1298 3695
1936 2748
1191 3055
1347 814
1840 3428
3008 1601
1456 939
2487 2008
316 2038
519 2670
641 2264
2935 2089
2119 3294
3766 464
3052 1711
201 164
2818 1666
543 2936
3398 2863
261 2917
2340 3501
2334 1076
593 1244
1652 1739
2712 617
2046 177
3792 776
1025 294
3273 2041
563 3317
1606 1500
741 2535
3397 313
3282 3514
2665 532
17 2148
1240 983
827 3824
1106 599
2687 3704
1708 1977
3485 2841
3190 1362
638 2950
3796 2963
1801 3434
1958 2722
404 1950
2943 3549
1576 1048
2510 1661
2800 2220
2317 2187
771 3146
1393 1355
2422 1177
3732 2329
3251 567
286 2296
1736 2022
2105 1688
1388 3621
727 2010
3394 2697
3800 2700
2254 2848
1772 1618
3655 2485
3124 105
1139 2914
2864 20
2560 1174
2218 1517
227 1783
1040 2569
2888 649
3698 1285
3218 3479
1790 3443
955 2694
2080 2591
3228 2999
524 1647
452 891
2107 191
1038 826
2673 1561
2039 918
1112 2612
2020 1114
3536 606
640 3530
31 3575
2758 3643
3018 2643
2574 1954
3131 3468
1421 3301
2866 2324
2167 1305
466 392
2787 2953
2265 1052
3295 12
745 1526
3502 1595
27 3281
3032 81
332 2842
2944 1849
1721 1127
1815 1882
935 90
180 1003
2701 245
3331 2990
823 1312
2065 757
1171 3364
282 1032
2960 2382
1883 694
2175 968
2461 1501
1016 3326
2647 1454
3399 855
71 3529
1629 874
2993 1004
3297 3278
60 2677
2905 528
774 445
3639 1611
1120 2972
3231 2565
545 1043
3240 1800
2377 1478
2101 2786
1648 3700
1613 3203
2432 3412
3489 2448
3375 3291
1715 3745
892 839
2145 667
505 18
1970 144
869 148
1768 310
87 3563
1623 1491
1425 2516
3453 914
323 1428
1046 1465
1776 3795
1012 3694
3225 2891
45 1075
879 1007
358 1880
3657 2689
1273 29
3731 1798
3006 2568
3755 2649
1137 1257
454 2534
187 2672
278 22
2225 2011
2262 3114
2738 3244
3091 2734
738 1675
699 2227
2608 2547
111 2178
2473 3188
1429 2869
1348 2152
847 2344
2092 2515
2215 2492
1380 188
1283 761
2191 3559
1820 3149
780 3127
766 3733
1586 1439
150 2153
3087 237
1433 1233
1851 514
3695 2969
2748 2661
3055 3003
814 2427
3428 2847
1601 1532
939 863
2008 1993
2038 63
2670 2266
2264 1077
2089 2400
3294 2469
464 2328
1711 1824
164 1225
1666 1023
2936 1499
2863 934
2917 2733
3501 2729
1076 1315
1244 546
1739 1154
617 806
177 1102
776 2463
294 685
2041 2093
3317 2997
1500 3788
2535 991
313 674
3514 3167
532 643
2148 2739
983 1822
3824 960
599 2581
3704 2660
1977 2335
2841 427
1362 3476
2950 3259
2963 1019
3434 2507
2722 3138
1950 1352
3549 225
1048 2435
1661 725
2220 1567
2187 298
3146 470
1355 3245
1177 2622
2329 2830
567 635
2296 2875
2022 2313
1688 3432
3621 1547
2010 3425
2697 55
2700 1323
2848 611
1618 2118
2485 3101
105 1797
2914 354
20 1208
1174 1018
1517 2201
1783 763
2569 1459
649 1201
1285 293
3479 1723
3443 2440
2694 2862
2591 950
2999 2197
1647 729
891 1197
191 2952
826 1155
1561 2374
918 1497
2612 1741
1114 3195
606 810
3530 2286
3575 2812
3643 3396
2643 209
1954 444
3468 1771
3301 1960
2324 377
1305 3081
392 3207
2953 3384
1052 629
12 2280
1526 2757
1595 2503
3281 642
81 2698
2842 389
1849 1416
1127 2921
1882 484
90 2232
1003 1101
245 2270
2990 1158
1312 333
757 232
3364 3148
1032 2929
2382 50
694 804
968 3386
1501 582
3326 3051
1454 1969
855 1979
3529 2938
874 2037
1004 168
3278 3409
2677 1474
528 1460
445 3759
1611 772
2972 231
2565 586
1043 594
1800 2273
1478 2490
2786 2091
3700 3227
3203 833
3412 131
2448 1150
3291 1422
3745 488
839 3624
667 1153
18 3599
144 2144
148 1010
310 2202
3563 719
1491 1805
2516 3347
914 2124
1428 384
1465 2654
3795 2594
3694 1067
2891 329
1075 530
1007 1930
1880 1707
2689 597
29 483
1798 1252
2568 3686
2649 1830
1257 1892
2534 3088
2672 1332
22 2791
2011 3085
3114 1322
3244 2719
2734 2545
1675 2883
2227 573
2547 2326
2178 3499
3188 1510
2869 2319
2152 1247
2344 414
2515 169
2492 513
188 2583
761 2069
3559 369
3149 365
3127 1898
3733 44
1439 1192
2153 1180
237 403
1233 214
514 2577
2969 2352
2661 3366
3003 2009
2427 2239
2847 1992
1532 1962
863 698
1993 2468
63 2674
2266 1533
1077 3369
2400 3
2469 985
2328 3804
1824 118
1225 2731
1023 2823
1499 3098
934 2730
2733 1415
2729 2834
1315 2756
546 1215
1154 1008
806 432
1102 3385
2463 2610
685 3041
2093 3433
2997 1037
3788 3253
991 895
674 662
3167 2576
643 678
2739 1125
1822 2517
960 659
2581 2275
2660 3565
2335 4
427 1807
3476 3713
3259 3436
1019 1282
2507 1110
3138 170
1352 972
225 1857
2435 1744
725 2186
1567 859
298 1296
470 3474
3245 2714
2622 728
2830 442
635 2635
2875 3405
2313 2135
3432 664
1547 3553
3425 3500
55 1259
1323 1673
611 2850
2118 1292
3101 28
1797 1068
354 2226
1208 1848
1018 1164
2201 2466
763 1156
1459 3362
1201 929
293 3321
1723 2822
2440 3813
2862 3403
950 2467
2197 2109
729 1596
1197 3107
2952 140
1155 3346
2374 3668
1497 1100
1741 2835
3195 1698
810 2131
2286 38
2812 1604
3396 2073
209 3480
444 1248
1771 989
1960 1193
377 3539
3081 1894
3207 3415
3384 777
629 1095
2280 584
2757 2114
2503 3053
642 1506
2698 2762
389 2873
1416 916
2921 1944
484 3644
2232 537
1101 2216
2270 175
1158 3803
333 984
232 379
3148 3551
2929 2384
50 3576
804 3100
3386 3241
582 3191
3051 2662
1969 676
1979 1123
2938 883
2037 2076
168 2424
3409 3595
1474 2184
1460 2299
3759 3411
772 2019
231 1758
586 2341
594 718
2273 2240
2490 395
2091 1345
3227 3537
833 79
131 2458
1150 1692
1422 531
488 1697
3624 2829
1153 1170
3599 3142
2144 3754
1010 893
2202 682
719 2617
1805 2355
3347 1026
2124 2910
384 192
2654 1131
2594 3830
1067 750
329 1295
530 2598
1930 199
1707 1602
597 70
483 2138
1252 2709
3686 1070
1830 1947
1892 1590
3088 3760
1332 3110
2791 3600
3085 198
1322 2855
2719 3078
2545 1633
2883 3458
573 2808
2326 529
3499 2125
1510 1817
2319 1802
1247 1829
414 2982
169 2861
513 1054
2583 2877
2069 1353
369 3596
365 3431
1898 1529
44 2946
1192 1220
1180 789
403 88
214 300
2577 2650
2352 2703
3366 1626
2009 2378
2239 2717
1992 577
1962 1449
698 2484
2468 3342
2674 538
1533 2401
3369 3047
3 705
985 3230
3804 1657
118 2605
2731 1065
2823 1168
3098 2087
2730 2165
1415 846
2834 2904
2756 910
1215 3586
1008 3429
432 580
3385 2293
2610 430
3041 1486
3433 359
1037 3495
3253 67
895 3607
662 375
2576 3037
678 2438
1125 480
2517 3128
659 558
2275 2819
3565 1716
4 3452
1807 3724
3713 334
3436 2157
1282 2336
1110 1346
170 2243
972 2343
1857 3470
1744 922
2186 1417
859 1504
1296 3450
3474 581
2714 535
728 1354
442 2500
2635 303
3405 1472
2135 431
664 2433
3553 2593
3500 3222
1259 2856
1673 3805
2850 2233
1292 159
28 3243
1068 1250
2226 2721
1848 980
1164 2876
2466 3542
1156 347
3362 287
929 3440
3321 3548
2822 965
3813 274
3403 3828
2467 1813
2109 2308
1596 654
3107 850
140 341
3346 1169
3668 1204
1100 447
2835 3314
1698 3752
2131 2425
38 3775
1604 1751
2073 3456
3480 35
1248 2195
989 689
1193 383
3539 481
1894 3108
3415 482
777 51
1095 3714
584 2611
2114 3239
3053 355
1506 1082
2762 3723
2873 2544
916 3532
1944 773
3644 3025
537 1668
2216 675
175 3021
3803 1975
984 1245
379 1216
3551 1369
2384 2683
3576 3522
3100 1237
3241 540
3191 2796
2662 428
676 1392
1123 160
883 2540
2076 1546
2424 2281
3595 1087
2184 240
2299 3716
3411 1264
2019 1901
1758 1214
2341 3497
718 426
2240 1222
395 1983
1345 878
3537 1763
79 1839
2458 137
1692 1879
531 2651
1697 1333
2829 1385
1170 412
3142 3120
3754 2192
893 1555
682 3626
2617 134
2355 2149
1026 3829
2910 3000
192 2094
1131 1984
3830 1042
750 3410
1295 10
2598 1034
199 357
1602 3729
70 933
2138 1302
2709 610
1070 2482
1947 1058
1590 1146
3760 34
3110 2663
3600 2185
198 194
2855 1044
3078 927
1633 2387
3458 128
2808 3584
529 1621
2125 1841
1817 2285
1802 2558
1829 2564
2982 2495
2861 3058
1054 179
2877 2760
1353 504
3596 2171
3431 3226
1529 3832
2946 2369
1220 943
789 74
88 2271
300 1868
2650 1578
2703 3119
1626 3660
2378 76
2717 1704
577 3361
1449 2102
2484 508
3342 2637
538 3223
2401 15
3047 2759
705 3493
3230 302
1657 3594
2605 3073
1065 1616
1168 1582
2087 1891
2165 2532
846 637
2904 1079
910 1301
3586 2518
3429 3710
580 1493
2293 2423
430 102
1486 2365
359 2375
3495 2123
67 2977
3607 3418
375 995
3037 2763
2438 2048
480 2986
3128 1451
558 681
2819 1999
1716 3274
3452 3812
3724 1916
334 769
2157 1109
2336 3066
1346 73
2243 3296
2343 562
3470 1030
922 3641
1417 931
1504 1981
3450 2992
581 99
535 936
1354 884
2500 2778
303 2592
1472 143
431 1226
2433 1720
2593 684
3222 704
2856 3249
3805 3667
2233 2529
159 2085
3243 2816
1250 3020
2721 917
980 1404
2876 3113
3542 1187
347 2522
287 1777
3440 1988
3548 1584
965 1908
274 3778
3828 1000
1813 3665
2308 2198
654 496
850 459
341 3201
1169 340
1204 289
447 1945
3314 650
3752 394
2425 3727
3775 612
1751 2555
3456 3189
35 1053
2195 1126
689 1799
383 843
481 1821
3108 3360
482 296
51 1360
3714 506
2611 3544
3239 1837
355 1290
1082 103
3723 2539
2544 3095
3532 3610
773 3463
3025 767
1668 2770
675 3293
3021 2278
1975 2116
1245 687
1216 2441
1369 96
2683 2415
3522 2889
1237 1609
540 1469
2796 3416
428 500
1392 147
160 2061
2540 1873
1546 1374
2281 743
1087 3217
240 3627
3716 246
1264 2221
1901 3414
1214 822
3497 2774
426 64
1222 2031
1983 2418
878 1545
1763 3645
1839 1620
137 3368
1879 1986
2651 3573
1333 3518
1385 1144
412 2095
3120 786
2192 2754
1555 1924
3626 710
134 3137
2149 2133
3829 1572
3000 979
2094 794
1984 465
1042 1017
3410 1391
10 1998
1034 1770
357 2884
3729 32
933 1279
1302 3036
610 3684
2482 86
1058 2833
1146 2514
34 3017
2663 1972
2185 2253
194 1756
1044 600
927 1470
2387 3726
128 2639
3584 2342
1621 3220
1841 2579
2285 1644
2558 849
2564 3797
2495 1306
3058 2596
179 1268
2760 1827
504 1047
2171 799
3226 2951
3832 905
2369 841
943 3467
74 2443
2271 457
1868 476
1578 1955
3119 1412
3660 3370
76 61
1704 832
3361 999
2102 2346
508 3157
2637 526
3223 886
15 733
2759 3601
3493 3750
302 279
3594 269
3073 656
1616 2720
1582 1925
1891 2718
2532 2965
637 2353
1079 228
1301 3139
2518 1780
3710 435
1493 1318
2423 206
102 1195
2365 2269
2375 3815
2123 1946
2977 2519
3418 2933
995 2439
2763 857
2048 3019
2986 3615
1451 3152
681 3103
1999 2349
3274 721
3812 2925
1916 646
769 602
1109 304
3066 2012
73 906
3296 129
562 3810
1030 1725
3641 119
931 701
1981 172
2992 755
99 2489
936 1917
884 1928
2778 616
2592 2645
143 3309
1226 3242
1720 230
684 3725
704 3753
3249 325
3667 2036
2529 2696
2085 211
2816 3250
3020 2747
917 3505
1404 3280
3113 2783
1187 1920
2522 598
1777 2207
1988 2604
1584 2898
1908 3420
3778 1390
1000 1134
3665 1563
2198 2209
496 2359
459 378
3201 3040
340 1520
289 1864
1945 1278
650 1200
394 1795
3727 1005
612 2686
2555 223
3189 1907
1053 501
1126 1964
1799 3070
843 1446
1821 3255
3360 3534
296 2735
1360 423
506 1166
3544 785
1837 356
1290 566
103 3336
2539 2924
3095 409
3610 3512
3463 1498
767 1481
2770 2867
3293 2230
2278 2082
2116 1219
687 1862
2441 3454
96 1104
2415 3024
2889 1324
1609 2332
1469 2499
3416 3092
500 1059
147 2957
2061 3437
1873 16
1374 2244
743 1407
3217 887
3627 1710
246 2627
2221 1921
3414 184
822 1531
2774 3426
64 398
2031 1274
2418 2644
1545 249
3645 2988
1620 3049
3368 386
1986 815
3573 1832
3518 122
1144 864
2095 589
786 625
2754 2113
1924 2552
710 275
3137 3015
2133 1401
1572 2556
979 657
794 876
465 3009
1017 95
1391 2542
1998 396
1770 596
2884 3461
32 3787
1279 3292
3036 557
3684 68
86 3593
2833 268
2514 281
3017 3793
1972 2582
2253 974
1756 739
600 1760
1470 283
3726 673
2639 1400
2342 1628
3220 3741
2579 2494
1644 374
849 3475
3797 2212
1306 2380
2596 2182
1268 350
1827 1089
1047 3664
799 3348
2951 1427
905 2169
841 124
3467 3215
2443 523
457 1810
476 2428
1955 104
1412 2128
3370 1024
61 3419
832 3541
999 222
2346 2541
3157 3827
526 1096
886 778
733 158
3601 1136
3750 493
279 2549
269 280
656 3209
2720 925
1925 2142
2718 722
2965 2160
2353 1987
228 2551
3139 2713
1780 301
435 1297
1318 3653
206 256
1195 360
2269 3834
3815 368
1946 218
2519 2147
2933 2477
2439 489
857 3756
3019 3507
3615 2385
3152 349
3103 3062
2349 3540
721 556
2925 793
646 3823
602 1254
304 292
2012 1942
906 2685
129 663
3810 1272
1725 2130
119 3383
701 2025
172 2998
755 1270
2489 2121
1917 2481
1928 2318
616 1654
2645 450
3309 2426
3242 3333
230 93
3725 3673
3753 3446
325 3679
2036 660
2696 1939
211 1342
3250 3027
2747 1381
3505 3198
3280 1548
2783 388
1920 1877
598 1452
2207 1860
2604 3367
2898 3290
3420 1122
1390 1468
1134 668
1563 3592
2209 3363
2359 1386
378 2810
3040 1693
1520 1685
1864 1617
1278 1726
1200 2476
1795 3455
1005 1430
2686 2229
223 3746
1907 2301
501 1819
1964 3382
3070 3819
1446 3561
3255 477
3534 2524
2735 2667
423 3286
1166 2302
785 3351
356 146
566 1063
3336 3515
2924 3193
409 2666
3512 868
1498 3233
1481 2641
2867 549
2230 3447
2082 3065
1219 407
1862 2838
3454 670
1104 2255
3024 713
1324 1893
2332 1537
2499 592
3092 3718
1059 200
2957 2006
3437 1660
16 1163
2244 75
1407 3779
887 449
1710 1765
2627 2137
1921 2985
184 1695
1531 352
3426 2813
398 932
1274 2890
2644 1280
249 1001
2988 2360
3049 2479
386 2959
815 944
1832 1543
122 2548
864 539
589 1742
625 3707
2113 3115
2552 3266
275 3136
3015 3740
1401 634
2556 2894
657 919
876 700
3009 1461
95 3401
2542 3323
396 1515
596 877
3461 2971
3787 1119
3292 1888
557 2575
68 2601
3593 1300
268 2609
281 1055
3793 1957
2582 351
974 3147
739 141
1760 3492
283 3774
673 1762
1400 2511
1628 1094
3741 3702
2494 25
374 2420
3475 390
2212 697
2380 262
2182 2159
350 1788
1089 550
3664 3155
3348 208
1427 518
2169 882
124 3562
3215 220
523 3320
1810 299
2428 3490
104 720
2128 2272
1024 736
3419 1703
3541 1210
222 2459
2541 1816
3827 178
1096 3306
778 2330
158 1011
1136 1160
493 648
2549 837
280 579
3209 3034
925 3625
2142 1631
722 2150
2160 235
1987 2771
2551 2746
2713 3658
301 2939
1297 3162
3653 1933
256 1419
360 2669
3834 315
368 3118
218 1121
2147 2682
2477 2629
489 692
3756 2408
3507 3587
2385 2702
349 2298
3062 3462
3540 3271
556 2580
793 1243
3823 680
1254 2456
292 193
1942 3519
2685 2194
663 1159
1272 677
2130 2688
3383 920
2025 1985
2998 801
1270 2817
2121 410
2481 3011
2318 2305
1654 2615
450 2100
2426 3165
3333 3265
93 3171
3673 2590
3446 3647
3679 2909
660 2140
1939 1363
1342 666
3027 2932
1381 3533
3198 1642
1548 238
388 1320
1877 3449
1452 243
1860 1190
3367 3392
3290 3524
1122 3237
1468 1728
668 3318
3592 2223
3363 19
1386 3099
2810 1662
1693 1585
1685 3809
1617 3811
1726 1811
2476 1722
3455 3279
1430 2949
2229 3289
3746 2112
2301 1630
1819 2134
3382 2968
3819 2902
3561 373
477 3438
2524 417
2667 2098
3286 2086
2302 2915
3351 2083
146 1284
1063 2072
3515 1592
3193 2690
2666 3232
868 3651
3233 2671
2641 2040
549 3712
3447 2307
3065 1116
407 2437
2838 730
670 867
2255 904
713 624
1893 1615
1537 1913
592 2571
3718 3221
200 254
2006 1674
1660 1971
1163 1634
75 2600
3779 425
449 1514
1765 3380
2137 2832
2985 973
1695 1534
352 1587
2813 455
932 2170
2890 1508
1280 3511
1001 3472
2360 1583
2479 1440
2959 1384
944 2111
1543 1560
2548 2987
539 669
1742 255
3707 391
3115 708
3266 655
3136 1358
3740 626
634 3197
2894 1524
919 781
700 2973
1461 2486
3401 2870
3323 2523
1515 1006
877 2588
2971 1482
1119 3272
1888 1622
2575 151
2601 3546
1300 2205
2609 2488
1055 80
1957 1056
351 1443
3147 2597
141 3123
3492 2162
3774 842
1762 3799
2511 3708
1094 511
3702 1341
25 1022
2420 2566
390 2931
697 1253
262 2183
2159 534
1788 1904
550 2805
3155 1260
208 2051
518 3839
882 1165
3562 3460
220 1029
3320 809
299 161
3490 3525
720 2291
2272 928
736 433
1703 3247
1210 3579
2459 3105
1816 3175
178 1148
3306 2279
2330 2206
1011 3182
1160 2455
648 2554
837 2236
579 2625
3034 1853
3625 3491
1631 1502
2150 1906
235 726
2771 3304
2746 2258
3658 541
2939 1980
3162 26
1933 2023
1419 1782
2669 318
315 3699
3118 1129
1121 3763
2682 42
2629 1745
692 1199
2408 1015
3587 3235
2702 402
2298 1276
3462 3509
3271 307
2580 3580
1243 1903
680 2050
2456 2761
193 1729
3519 436
2194 1656
1159 1775
677 1092
2688 1436
920 862
1985 2154
801 2126
2817 3061
410 3334
3011 1206
2305 1271
2615 1128
2100 1826
3165 244
3265 808
3171 854
2590 2742
3647 330
2909 2879
2140 3739
1363 838
666 2942
2932 1235
3533 963
1642 3630
238 897
1320 1098
3449 3487
243 1687
1190 898
3392 495
3524 2693
3237 1740
1728 3214
3318 97
2223 746
19 1952
3099 712
1662 2062
1585 1961
3809 270
3811 1448
1811 1995
1722 1124
3279 2315
2949 2235
3289 1457
2112 3335
1630 1743
2134 1912
2968 3688
2902 3268
373 866
3438 1051
417 3606
2098 338
2086 3151
2915 2948
2083 3689
1284 1597
2072 3531
1592 2181
2690 1314
3232 7
3651 153
2671 2711
2040 1608
3712 2447
2307 3211
1116 2557
2437 343
730 554
867 273
904 3550
624 2029
1615 1554
1913 1009
2571 2156
3221 276
254 125
1674 2200
1971 490
1634 2785
2600 1794
425 1479
1514 3743
3380 3102
2832 406
973 3187
1534 221
1587 3566
455 527
2170 1289
1508 2419
3511 1162
3472 1774
1583 3772
1440 3109
1384 2079
2111 324
1560 3310
2987 2277
669 2246
255 3097
391 2104
708 1495
655 1680
1358 1825
626 515
3197 1013
1524 1632
781 8
2973 2274
2486 1418
2870 3262
2523 1914
1006 2918
2588 2493
1482 1866
3272 2268
1622 3407
151 212
3546 1221
2205 2538
2488 835
80 485
1056 2814
1443 555
2597 3422
3123 94
2162 690
842 1395
3799 3163
3708 3122
511 3179
1341 521
1022 1307
2566 3204
2931 2642
1253 342
2183 1370
534 2502
1904 2978
2805 2586
1260 3693
2051 1861
3839 142
1165 507
3460 3236
1029 272
809 3373
161 1397
3525 458
2291 308
928 1823
433 2945
3247 443
3579 312
3105 114
3175 1967
1148 1286
2279 3261
2206 2314
3182 574
2455 3701
2554 2363
2236 2781
2625 3682
1853 1566
3491 885
1502 830
1906 510
726 1766
3304 3609
2258 3145
541 348
1980 2431
26 424
2023 2750
1782 509
318 1316
3699 3711
1129 328
3763 2854
42 305
1745 2790
1199 1069
1015 1682
3235 229
402 3705
1276 1991
3509 2624
307 2981
3580 1020
1903 3737
2050 3445
2761 3298
1729 2919
436 2245
1656 627
1775 2388
1092 3308
1436 1653
862 3635
2154 3678
2126 2804
3061 3649
3334 2764
1206 909
1271 1334
1128 472
1826 1522
244 1447
808 2506
854 3717
2742 3555
330 3554
2879 57
3739 2462
838 840
2942 309
1235 1552
963 880
3630 3210
897 2283
1098 3483
3487 798
1687 2276
898 2371
495 439
2693 3007
1740 1959
3214 964
97 2727
746 2068
1952 3299
712 2180
2062 3161
1961 2926
270 3557
1448 100
1995 1183
1124 3252
2315 1406
2235 3767
1457 216
3335 267
1743 1405
1912 3170
3688 3004
3268 1719
866 252
1051 2034
3606 3277
338 59
3151 1713
2948 1982
3689 3730
1597 3176
3531 3808
2181 2260
1314 1538
7 954
153 1956
2711 923
1608 2056
2447 1619
3211 418
2557 3356
343 619
554 2680
273 2678
3550 2707
2029 3581
1554 3075
1009 3722
2156 448
276 747
125 182
2200 5
490 167
2785 1182
1794 1672
1479 285
3743 1239
3102 1989
406 3134
3187 1932
221 553
3566 36
527 3439
1289 3381
2419 651
1162 3528
1774 977
3772 3728
3109 1968
2079 2692
324 3448
3310 2646
2277 1858
2246 2442
3097 1377
2104 957
1495 2585
1680 1441
1825 911
515 1085
1013 1035
1632 2174
8 2103
2274 186
1418 3735
3262 1696
1914 2970
2918 1437
2493 1881
1866 2916
2268 2405
3407 2256
212 3833
1221 2414
2538 3784
835 3459
485 1884
2814 271
555 248
3422 938
94 762
690 2368
1395 3048
3163 1749
3122 2028
3179 533
521 2887
1307 1875
3204 2880
2642 3029
342 3654
1370 110
2502 2937
2978 2110
2586 1340
3693 3393
1861 2120
142 3568
507 3341
3236 2188
272 2723
3373 3578
1397 1941
458 2310
308 2339
1823 2897
2945 3457
443 2788
312 2350
114 3552
1967 2032
1286 1759
3261 3640
2314 1833
574 1241
3701 3325
2363 1494
2781 3469
3682 2792
1566 1445
885 2228
830 1731
510 1255
1766 1387
3609 3365
3145 371
348 2766
2431 2974
424 376
2750 2406
509 2874
1316 941
3711 569
328 982
2854 3374
305 1477
2790 623
1069 1408
1682 1049
229 3423
3705 3516
1991 2837
2624 1234
2981 3471
1020 1414
3737 3613
3445 2366
3298 683
2919 3256
2245 260
627 3477
2388 3064
3308 3327
1653 3623
3635 154
3678 740
2804 723
3649 3354
2764 2044
909 858
1334 3206
472 1031
1522 1803
1447 752
2506 2213
3717 1872
3555 2595
3554 3084
57 139
2462 1911
840 816
309 3742
1552 2323
880 3806
3210 92
2283 1258
3483 56
798 3764
2276 3093
2371 2386
439 58
3007 2691
1959 2132
964 174
2727 2252
2068 3674
3299 3316
2180 970
3161 138
2926 3031
3557 981
100 3067
1183 1319
3252 2033
1406 2561
3767 1712
216 1178
267 3135
1405 2472
3170 570
3004 3357
1719 2941
252 572
2034 1747
3277 2421
59 250
1713 2509
1982 2928
3730 628
3176 3646
3808 3662
2260 411
1538 1570
954 1466
1956 1485
923 1291
2056 3060
1619 851
418 3620
3356 3257
619 1890
2680 52
2678 2376
2707 820
3581 2480
3075 3276
3722 84
448 2843
747 233
182 1923
5 732
167 3069
1182 1934
1672 3181
285 2784
1239 1542
1989 438
3134 2737
1932 382
553 1863
36 2446
3439 605
3381 1676
651 1748
3528 173
977 2115
3728 3617
1968 618
2692 1897
3448 1344
2646 2345
1858 1785
2442 3339
1377 751
957 1223
2585 364
1441 265
911 1266
1085 2297
1035 3186
2174 242
2103 3520
186 2166
3735 1627
1696 845
2970 2465
1437 1527
1881 429
2916 693
2405 2803
2256 1060
3833 2749
2414 2070
3784 3194
3459 3402
1884 2543
271 3582
248 1909
938 2793
762 1767
2368 2127
3048 3719
1749 2724
2028 1262
533 2066
2887 1701
1875 3590
2880 620
3029 2231
3654 2954
110 43
2937 2430
2110 2055
1340 3178
3393 1929
2120 1557
3568 2078
3341 1458
2188 14
2723 2429
3578 2088
1941 11
2310 3706
2339 753
2897 1814
3457 1349
2788 1050
2350 3068
3552 2304
2032 2259
1759 47
3640 3661
1833 1330
1241 1093
3325 1516
1494 1846
3469 1484
2792 1383
1445 782
2228 295
1731 2797
1255 3030
1387 951
3365 1368
371 834
2766 2741
2974 2899
376 1420
2406 3132
2874 993
941 2367
569 1937
982 2753
3374 491
1477 2550
623 2956
1408 797
1049 547
3423 3676
3516 3744
2837 994
1234 731
3471 873
1414 3166
3613 1808
2366 136
683 1141
3256 1350
260 2084
3477 2077
3064 3330
3327 385
3623 3377
154 2528
740 3090
723 3465
3354 2383
2044 1149
858 2214
3206 825
1031 3387
1803 1717
752 1568
2213 1834
1872 706
2595 3677
3084 1229
139 2740
1911 2967
816 121
3742 2498
2323 1919
3806 259
92 2589
1258 2846
56 2520
3764 3094
3093 78
2386 2920
58 3482
2691 578
2132 2410
174 446
2252 1847
3674 3602
3316 3666
970 1326
138 1838
3031 2872
981 126
3067 2309
1319 522
2033 2234
2561 3821
1712 2533
1178 2053
3135 2289
2472 3059
570 2908
3357 2060
2941 2000
572 1078
1747 2398
2421 326
250 552
2509 1275
2928 2984
628 1185
3646 1246
3662 978
411 91
1570 1978
1466 1714
1485 2063
1291 2412
3060 1871
851 2453
3620 1194
3257 1664
1890 387
52 3185
2376 907
820 2828
2480 24
3276 217
84 1202
2843 2057
233 2572
1923 1786
732 1670
3069 1203
1934 1317
3181 1997
2784 2007
1542 716
438 3153
2737 53
382 3822
1863 1779
2446 1889
605 1090
1676 1382
1748 3817
173 2054
2115 966
3617 2573
618 2003
1897 2049
1344 1242
2345 3208
1785 2563
3339 1754
751 2525
1223 1638
364 185
265 1167
1266 2745
2297 604
3186 812
242 1539
3520 2983
2166 1525
1627 3391
845 2047
2465 264
1527 1343
429 2773
693 3588
2803 2030
1060 2725
2749 607
2070 1103
3194 2403
3402 2776
2543 1761
3582 2146
1909 1678
2793 2618
1767 1895
2127 1308
3719 2504
2724 353
1262 2470
2066 2964
1701 2021
3590 2059
620 2394
2231 1145
2954 1852
43 1061
2430 1549
2055 1209
3178 69
1929 1836
1557 817
2078 1232
1458 1375
14 1599
2429 1918
2088 2562
11 1732
3706 813
753 2179
1814 1899
1349 3156
1050 2716
3068 317
2304 913
2259 805
47 1081
3661 3734
1330 319
1093 1746
1516 561
1846 1792
1484 115
1383 608
782 703
295 393
2797 2347
3030 1625
951 1553
1368 3441
834 962
2741 2017
2899 2628
1420 2284
3132 474
993 686
2367 486
1937 2607
2753 1071
491 3260
2550 2013
2956 536
797 3478
547 1325
3676 3473
3744 1321
994 1435
731 2681
873 1410
3166 1066
1808 1218
136 2940
1141 901
1350 290
2084 3786
2077 3783
3330 2417
385 2337
3377 98
2528 3192
3090 811
3465 1483
2383 2018
1149 3802
2214 3083
825 717
3387 503
1717 1431
1568 492
1834 1161
706 1189
3677 3089
1229 2122
2740 2553
2967 473
121 3780
2498 3033
1919 1002
259 3484
2589 1951
2846 894
2520 1057
3094 1265
78 2892
2920 3234
3482 1900
578 1787
2410 881
446 3322
1847 3288
3602 2895
3666 3504
1326 85
1838 3513
2872 3056
126 1614
2309 2584
522 2045
2234 3430
3821 702
2533 156
2053 3424
2289 2893
3059 1111
2908 202
2060 397
2000 3697
1078 2795
2398 1530
326 3789
552 1133
1275 1396
2984 3765
1185 788
1246 542
978 2903
91 3691
1978 3790
1714 1844
2063 3523
2412 3538
1871 1376
2453 2684
1194 2024
1664 2491
387 1238
3185 2512
907 2210
2828 748
24 2464
217 135
1202 1511
2057 1371
2572 2267
1786 1551
1670 764
1203 205
1317 3801
1997 2035
2007 3466
716 3560
3153 1718
53 2626
3822 462
1779 162
1889 1444
1090 1639
1382 1176
3817 595
2054 900
966 1605
2573 3143
2003 284
2049 344
1242 1690
3208 1072
2563 2728
1754 204
2525 3603
1638 3164
185 475
1167 2782
2745 588
604 2483
812 3063
1539 106
2983 2815
1525 2752
3391 2357
2047 1738
264 1476
1343 1757
2773 1874
3588 3782
2030 937
2725 590
607 1423
1103 724
2403 72
2776 1147
1761 976
2146 2840
1678 2393
2618 1480
1895 2704
1308 2064
2504 1650
353 2765
2470 3748
2964 2656
2021 548
2059 1364
2394 2316
1145 1610
1852 2653
1061 1281
1549 258
1209 1598
69 1475
1836 2381
817 1835
1232 1658
1375 915
1599 1027
1918 1569
2562 401
1732 587
813 236
2179 2664
1899 1565
3156 3344
2716 2976
317 959
913 3184
805 1931
1081 3329
3734 1764
319 1207
1746 253
561 1589
1792 123
115 2151
608 2809
703 3133
393 734
2347 3229
1625 3353
1553 1562
3441 2139
962 370
2017 2599
2628 419
2284 3652
474 2190
686 756
486 456
2607 2536
1071 2743
3260 3079
2013 306
536 819
3478 614
1325 3174
3473 3371
1321 1730
1435 3183
2681 1665
1410 1277
1066 2373
1218 116
2940 3570
901 2471
290 1915
3786 1409
3783 2117
2417 1261
2337 3303
98 1689
3192 297
811 2331
1483 695
2018 1118
3802 1367
3083 3023
717 66
503 2217
1431 2203
492 2871
1161 3421
1189 1064
3089 1143
2122 3680
2553 679
473 1750
3780 77
3033 1550
1002 2292
3484 1831
1951 2623
894 3042
1057 996
1265 2042
2892 2930
3234 1224
1900 3417
1787 632
881 363
3322 331
3288 1464
2895 3675
3504 13
85 3636
3513 422
3056 434
1614 133
2584 3567
2045 3395
3430 1309
702 3408
156 1612
3424 1039
2893 3106
1111 2857
202 2508
397 875
3697 337
2795 792
1530 1467
3789 1624
1133 520
1396 1927
3765 3547
788 2927
542 1311
2903 1073
3691 2513
3790 870
1844 3010
3523 956
3538 930
1376 2358
2684 987
2024 3216
2491 2621
1238 2294
2512 2163
2210 3616
748 251
2464 3104
135 2934
1511 1996
1371 3035
2267 2143
1551 3057
764 758
205 498
3801 564
2035 1304
3466 2699
3560 2994
1718 2849
2626 2451
462 744
162 696
1444 1737
1639 2521
1176 3427
595 1556
900 926
1605 2173
3143 2449
284 3005
344 3372
1690 1733
1072 3669
2728 288
204 3117
3603 783
3164 234
475 1867
2782 2320
588 2913
2483 1140
3063 1256
106 226
2815 1228
2752 1488
2357 196
1738 3818
1476 2303
1757 1402
1874 2155
3782 1135
937 2922
590 1373
1423 2311
724 517
72 2798
1147 1432
976 494
2840 2058
2393 468
1480 3130
2704 768
2064 2755
1650 591
2765 790
3748 46
2656 189
548 3758
1364 3556
2316 266
1610 1
2653 1462
1281 2002
258 499
1598 487
1475 2475
2381 3681
1835 2844
1658 408
915 1806
1027 1636
1569 852
401 3597
587 1105
236 888
2664 1036
1565 784
3344 3125
2976 1963
959 1366
3184 921
1931 3001
3329 2780
1764 1132
1207 48
253 1702
1589 688
123 3312
2151 2282
2809 544
3133 1294
734 1575
3229 3177
3353 1667
1562 1643
2139 3820
370 2434
2599 1097
419 2172
3652 163
2190 2354
756 1014
456 1088
2536 1769
2743 321
3079 3692
306 609
819 2789
614 2613
3174 2578
3371 109
1730 3481
3183 940
1665 440
1277 568
2373 89
116 3388
3570 3012
2471 942
1915 3413
1409 1507
2117 1217
1261 3816
3303 1843
1689 2505
297 1205
2331 3150
695 3269
1118 1571
1367 2067
3023 1850
66 525
2217 399
2203 3016
2871 644
3421 362
1064 2559
1143 988
3680 1594
679 3285
1750 1796
77 3248
1550 1735
2292 2404
1831 1212
2623 461
3042 3510
996 2141
2042 639
2930 3302
1224 213
3417 1573
632 3126
363 2980
331 3631
1464 3738
3675 3498
13 647
3636 107
422 2975
434 1973
133 195
3567 1724
3395 890
1309 3685
3408 3082
1612 2074
1039 760
3106 1513
2857 2158
2508 1487
875 899
337 1876
792 2794
1467 1117
1624 3444
520 2706
1927 3671
3547 1994
2927 3200
1311 585
1073 2287
2513 3619
870 2799
3010 2955
956 3451
930 3825
2358 3464
987 829
3216 1870
2621 707
2294 1752
2163 366
3616 3196
251 40
3104 2327
2934 1828
1996 416
3035 856
2143 3158
3057 166
758 3270
498 1251
564 497
1304 49
2699 2096
2994 2751
2849 2911
2451 2779
744 3747
696 224
1737 1496
2521 1812
3427 1784
1556 1450
926 1113
2173 3521
2449 1337
3005 749
3372 3605
1733 1700
3669 1351
288 339
3117 1313
783 958
234 896
1867 807
2320 1293
2913 2348
1140 2616
1256 181
226 3359
1228 1781
1488 711
196 653
3818 415
2303 1938
1402 2802
2155 2460
1135 478
2922 1172
1373 400
2311 149
517 37
2798 2602
1432 2947
494 2409
2058 872
468 2402
3130 770
768 1577
2755 23
591 3598
790 2860
46 1379
189 3571
3758 1411
3556 3086
266 3650
1 2238
1462 2416
2002 3080
499 120
487 3771
2475 2526
3681 3254
2844 1249
408 824
1806 1683
1636 559
852 132
3597 1935
1105 633
888 65
1036 345
784 2923
3125 796
1963 1640
1366 3076
921 3715
3001 108
2780 1157
1132 576
48 2831
1702 844
688 3604
3312 2906
2282 1091
544 908
1294 1115
1575 2450
3177 1041
1667 1328
1643 1365
3820 3836
2434 2825
1097 583
2172 3305
163 3352
2354 2161
1014 1074
1088 1684
1769 2263
321 3517
3692 1641
609 1267
2789 3284
2613 3096
2578 2204
109 241
3481 2436
940 512
440 1099
568 2361
89 828
3388 1471
3012 3776
942 1651
3413 2546
1507 3435
1217 1705
3816 3246
1843 3488
2505 1490
1205 3773
3150 3307
3269 1886
1571 2631
2067 2695
1850 2242
525 2478
399 603
3016 1138
644 1357
362 2241
2559 1593
988 2900
1594 1509
3285 1645
1796 2219
3248 3224
1735 3219
2404 831
1212 1540
461 1442
3510 1434
2141 3794
639 1492
3302 3494
213 1564
1573 3258
3126 1213
2980 2370
3631 3508
3738 3212
3498 949
647 2391
107 1943
2975 2839
1973 183
195 1574
1724 3338
890 2768
3685 948
3082 152
2074 946
760 3629
1513 2996
2158 2991
1487 2052
899 1356
1876 2845
2794 516
1117 2614
3444 1236
2706 1694
3671 1329
1994 2392
3200 2372
585 2659
2287 1523
3619 3141
2799 41
2955 2445
3451 1671
3825 1755
3464 2634
829 2527
1870 3355
707 3378
1752 1940
366 2658
3196 2411
40 645
2327 3129
1828 1378
416 1299
856 479
3158 1581
166 2726
3270 1335
1251 453
497 3585
49 2820
2096 1856
2751 1033
2911 380
2779 3404
3747 1679
224 3608
1496 3112
1812 2108
1784 2071
1450 924
1113 1231
3521 2005
1337 1691
749 1426
3605 1885
1700 3072
1351 2211
339 3564
1313 2567
958 2129
896 381
807 2364
1293 3696
2348 1535
2616 621
181 2896
3359 3350
1781 1083
711 1173
653 3442
415 1359
1938 1438
2802 3751
2460 575
478 1518
1172 992
400 1263
149 2824
37 861
2602 759
2947 2208
2409 1142
872 2655
2402 2537
770 3781
1577 3572
23 277
3598 1990
2860 2836
1379 327
3571 2136
1411 1536
3086 2247
3650 83
2238 3160
2416 3527
3080 3283
120 3400
3771 1607
2526 3311
3254 190
1249 463
824 1230
1683 437
559 1809
132 3263
1935 3569
633 1287
65 1681
345 1327
2923 1455
796 2407
1640 1181
3076 2097
3715 1503
108 3574
1157 3736
576 1953
2831 2177
844 3300
3604 3324
2906 335
1091 1753
908 3831
1115 3612
2450 3358
1041 1463
1328 3840
1365 737
3836 3614
2825 1339
583 2736
3305 2379
3352 155
2161 197
1074 1905
1684 2878
2263 2652
3517 1558
1641 3503
1267 2397
3284 3343
3096 622
2204 601
241 1706
2436 3628
512 21
1099 1372
2361 3545
828 405
1471 631
3776 3159
1651 1859
2546 1559
3435 257
1705 1854
3246 82
3488 945
1490 636
3773 3770
3307 961
1886 3022
2631 3390
2695 2290
2242 3762
2478 2043
603 1152
1138 2675
1357 2882
2241 3659
1593 3769
2900 1902
1509 3144
1645 3589
2219 2852
3224 1791
3219 2295
831 2321
1540 1734
1442 2531
1434 742
3794 1579
1492 952
3494 2705
1564 219
3258 2885
1213 467
2370 1108
3508 802
3212 3637
949 3180
