6988
2327 4687
2327 1233
2327 1106
2327 4866
4687 5114
4687 430
1233 2107
1106 5602
1106 5889
1106 6873
1106 5540
4866 147
4866 2971
4866 2755
5114 5260
430 4217
430 63
430 2792
2107 4912
2107 6644
5602 526
5889 1608
5889 5832
5889 5359
5889 1197
6873 5492
5540 6798
5540 3513
5540 6190
5540 4491
147 5753
147 5192
147 3169
2971 6884
2971 4428
2971 1290
2755 4303
5260 3008
4217 5972
4217 1166
4217 2154
63 2507
63 5285
2792 1617
4912 5125
4912 3219
6644 455
6644 2032
526 1287
1608 4248
5832 4269
5832 577
5359 5155
5359 2155
5359 359
5359 6670
1197 3003
1197 6604
5492 4509
5492 641
6798 6987
6798 3208
6798 3698
3513 6158
3513 4009
6190 3877
6190 1733
6190 2735
4491 4703
4491 1496
5753 5982
5192 1554
5192 6688
5192 5620
3169 6161
6884 77
6884 6511
6884 6674
4428 1471
1290 2495
4303 3238
4303 3346
3008 670
5972 2751
5972 3118
5972 4716
1166 3200
2154 6514
2154 4459
2154 4896
2154 4595
2507 2218
2507 6876
5285 685
5285 2550
1617 2170
1617 3529
5125 4337
3219 3590
3219 6014
455 762
455 677
2032 1820
1287 2043
4248 6028
4248 1527
4248 5032
4248 4301
4269 1813
4269 1749
577 6348
577 2644
577 2880
577 5156
5155 5138
5155 1513
2155 40
2155 460
2155 6756
2155 66
359 875
359 5681
359 4787
6670 1161
6670 4928
3003 5161
3003 4805
3003 6603
3003 6149
6604 1856
6604 1847
4509 3804
641 5594
641 2463
641 3416
6987 5039
6987 1470
6987 5157
3208 4871
3208 3091
3208 852
3698 2730
3698 1110
3698 4570
6158 6195
6158 1138
6158 4930
4009 4419
4009 6638
4009 6650
3877 1576
3877 1495
3877 6139
1733 1994
1733 4238
2735 1265
4703 2723
1496 285
1496 2055
1496 6118
5982 993
5982 1792
1554 2135
6688 2075
5620 961
5620 1751
6161 5280
77 590
6511 818
6511 6734
6674 4747
1471 5797
1471 6474
2495 5332
2495 3690
3238 4011
3238 4862
3346 4658
670 6023
2751 1337
2751 536
3118 1748
3118 892
4716 3425
4716 6839
3200 3475
3200 5102
6514 2853
4459 4743
4459 6904
4896 5025
4595 6982
4595 3798
2218 4304
6876 3807
685 769
685 6752
2550 6462
2550 1419
2170 3167
2170 2736
3529 5574
4337 5058
4337 1414
3590 1673
6014 6775
6014 5963
762 3303
762 561
677 4810
1820 2587
2043 5871
6028 3478
1527 3029
5032 3231
5032 5703
4301 4666
4301 2862
1813 6323
1813 1291
1749 6016
1749 5877
6348 2688
6348 6368
2644 5954
2880 5367
5156 6942
5156 3640
5138 4796
5138 180
1513 5892
40 5511
40 6738
460 830
460 908
6756 4249
6756 6080
66 5886
875 1808
5681 3503
5681 3736
4787 3947
1161 5294
1161 4769
4928 3067
4928 1475
5161 1895
5161 6937
4805 4543
4805 2718
6603 5544
6149 1909
1856 789
1847 2726
3804 6947
5594 6171
5594 2403
2463 5229
3416 1639
3416 1550
5039 5211
1470 4693
5157 1671
4871 493
3091 4379
852 322
2730 4161
1110 4996
4570 597
6195 3170
1138 3987
4930 4363
4419 6079
6638 4315
6650 2530
1576 2523
1495 5023
6139 4385
1994 2226
4238 6704
1265 5435
2723 6000
285 125
2055 5705
6118 5108
993 6329
1792 6759
2135 988
2075 1832
961 3634
1751 5670
5280 4733
590 3081
818 5140
6734 2164
4747 1922
5797 6916
6474 652
5332 6203
3690 1865
4011 4414
4862 550
4658 3504
6023 4518
1337 6914
536 2892
1748 4124
892 1993
3425 4904
6839 521
3475 4860
5102 3432
2853 2796
4743 710
6904 6166
5025 4938
6982 2192
3798 4730
4304 4351
3807 4702
769 6840
6752 2764
6462 2060
1419 1355
3167 5308
2736 4112
5574 541
5058 2414
1414 459
1673 5255
6775 6905
5963 5870
3303 6160
561 3883
4810 3327
2587 1777
5871 2364
3478 506
3029 5089
3231 615
5703 1156
4666 6063
2862 5119
6323 5416
1291 1536
6016 6432
5877 1017
2688 1819
6368 5649
5954 3314
5367 1374
6942 1774
3640 1942
4796 6938
180 2284
5892 3931
5511 6082
6738 2487
830 5827
908 4484
4249 2514
6080 5094
5886 4654
1808 6893
3503 4089
3736 3959
3947 3104
5294 2115
4769 6524
3067 3034
1475 2111
1895 113
6937 5403
4543 6797
2718 2526
5544 4257
1909 2890
789 6076
2726 6147
6947 2466
6171 4740
2403 4118
5229 2268
1639 4696
1550 3502
5211 31
4693 1191
1671 6898
493 653
4379 2052
322 3751
4161 4520
4996 18
597 5565
3170 6013
3987 2661
4363 5907
6079 2840
4315 2937
2530 6501
2523 1858
5023 1057
4385 1549
2226 5884
6704 154
5435 4790
6000 130
125 5550
5705 4952
5108 5197
6329 6788
6759 3890
988 221
1832 4758
3634 3499
5670 6625
4733 838
3081 5045
5140 5919
2164 4440
1922 94
6916 2677
652 3014
6203 1531
1865 2012
4414 4212
550 6844
3504 6645
4518 2939
6914 5456
2892 4405
4124 2078
1993 6122
4904 173
521 5387
4860 2778
3432 3673
2796 6915
710 3417
6166 3180
4938 5042
2192 2934
4730 4067
4351 79
4702 6059
6840 3010
2764 2773
2060 4823
1355 3942
5308 668
4112 565
541 6967
2414 2897
459 4208
5255 2947
6905 4988
5870 2113
6160 4129
3883 397
3327 3207
1777 6750
2364 150
506 3799
5089 5111
615 30
1156 6105
6063 344
5119 3056
5416 1186
1536 2093
6432 3574
1017 1338
1819 1824
5649 6935
3314 3594
1374 5405
1774 5238
1942 2209
6938 2699
2284 5821
3931 454
6082 5179
2487 258
5827 1365
4484 578
2514 575
5094 6702
4654 6468
6893 4533
4089 5517
3959 923
3104 5539
2115 6457
6524 5686
3034 1963
2111 3199
113 6764
5403 4297
6797 503
2526 5570
4257 5767
2890 6741
6076 5618
6147 5993
2466 5168
4740 5228
4118 445
2268 192
4696 6602
3502 2584
31 4506
1191 2889
6898 2208
653 4534
2052 5822
3751 1651
4520 879
18 1778
5565 3665
6013 2611
2661 6854
5907 967
2840 2758
2937 1846
6501 6101
1858 5917
1057 107
1549 3823
5884 4723
154 6545
4790 2185
130 5748
5550 6196
4952 4519
5197 5047
6788 2788
3890 3619
221 1434
4758 2316
3499 4140
6625 3460
838 1851
5045 6097
5919 3958
4440 5390
94 1873
2677 4897
3014 2499
1531 2813
2012 1103
4212 86
6844 6605
6645 4056
2939 6181
5456 4291
4405 6452
2078 124
6122 3420
173 3528
5387 6868
2778 957
3673 2074
6915 5708
3417 2259
3180 3195
5042 3620
2934 6205
4067 1636
79 3516
6059 403
3010 4984
2773 2964
4823 5270
3942 4549
668 5449
565 5656
6967 3720
2897 6652
4208 2966
2947 2553
4988 5151
2113 594
4129 5663
397 6052
3207 658
6750 954
150 362
3799 1105
5111 2806
30 2141
6105 1476
344 5505
3056 4822
1186 1118
2093 1623
3574 4985
1338 129
1824 6346
6935 6711
3594 4884
5405 89
5238 973
2209 342
2699 6728
5821 1514
454 6689
5179 6
258 1092
1365 1497
578 2031
575 6573
6702 1561
6468 5275
4533 5181
5517 2254
923 734
5539 1073
6457 5198
5686 3991
1963 6612
3199 6138
6764 3914
4297 6229
503 4367
5570 2598
5767 2720
6741 2106
5618 4084
5993 6616
5168 2746
5228 3956
445 4973
192 5377
6602 3633
2584 827
4506 2893
2889 2137
2208 4005
4534 4292
5822 6845
1651 5379
879 2719
1778 6304
3665 3646
2611 3494
6854 3824
967 723
2758 5135
1846 1525
6101 6732
5917 6456
107 6264
3823 4593
4723 2804
6545 572
2185 3181
5748 4954
6196 1141
4519 6282
5047 4614
2788 1245
3619 2609
1434 4834
2316 3635
4140 1601
3460 3602
1851 4825
6097 6038
3958 155
5390 1145
1873 6133
4897 4589
2499 6887
2813 2003
1103 6502
86 918
6605 3359
4056 978
6181 5315
4291 4486
6452 2476
124 3112
3420 5183
3528 282
6868 1451
957 194
2074 10
5708 1675
2259 5509
3195 3223
3620 4007
6205 3796
1636 3777
3516 215
403 631
4984 2173
2964 5440
5270 3900
4549 4852
5449 3851
5656 6902
3720 2608
6652 3923
2966 4154
2553 4576
5151 948
594 3080
5663 1388
6052 4264
658 2747
954 3366
362 6377
1105 1207
2806 4575
2141 716
1476 4043
5505 4594
4822 4496
1118 5061
1623 3000
4985 3300
129 4468
6346 4332
6711 3811
4884 6366
89 3853
973 3395
342 5711
6728 2352
1514 5295
6689 962
6 321
1092 6615
1497 4025
2031 3747
6573 224
1561 3115
5275 6823
5181 766
2254 6068
734 3175
1073 6184
5198 3020
3991 4816
6612 255
6138 114
3914 12
6229 3759
4367 6396
2598 5665
2720 5204
2106 3036
4084 2347
6616 1082
2746 6643
3956 5789
4973 1453
5377 4177
3633 2690
827 2882
2893 5775
2137 3762
4005 2599
4292 508
6845 3898
5379 1422
2719 4989
6304 3004
3646 4843
3494 90
3824 525
723 5354
5135 5764
1525 722
6732 5850
6456 131
6264 4388
4593 756
2804 5648
572 4139
3181 4026
4954 5402
1141 6152
6282 3576
4614 4399
1245 96
2609 465
4834 1680
3635 2363
1601 6552
3602 6451
4825 974
6038 4055
155 480
1145 3896
6133 6096
4589 350
6887 6077
2003 4690
6502 5001
918 2517
3359 4215
978 1629
5315 4098
4486 1063
2476 5717
3112 5248
5183 6447
282 3249
1451 374
194 732
10 4097
1675 1657
5509 1499
3223 6568
4007 6411
3796 97
3777 812
215 2380
631 6754
2173 1006
5440 2557
3900 2439
4852 466
3851 2848
6902 407
2608 1458
3923 1377
4154 5791
4576 2163
948 1369
3080 2636
1388 4727
4264 2369
2747 1692
3366 3809
6377 3689
1207 2774
4575 983
716 4548
4043 2044
4594 2972
4496 5000
5061 630
3000 2168
3300 736
4468 2045
4332 1871
3811 6532
6366 378
3853 1616
3395 6943
5711 1297
2352 491
5295 1396
962 4126
321 3240
6615 4735
4025 4584
3747 2627
224 832
3115 299
6823 1754
766 5005
6068 6660
3175 6127
6184 4039
3020 3833
4816 2873
255 6774
114 6622
12 4050
3759 5935
6396 2712
5665 67
5204 3342
3036 2024
2347 3232
1082 4061
6643 6132
5789 3699
1453 5974
4177 2186
2690 3480
2882 6290
5775 3533
3762 6899
2599 2920
508 1833
3898 2491
1422 1096
4989 2667
3004 1249
4843 3197
90 5412
525 3435
5354 4189
5764 330
722 3054
5850 6919
131 3872
4388 2992
756 1797
5648 2695
4139 6058
4026 1267
5402 2086
6152 4749
3576 1428
4399 3666
96 3336
465 1940
1680 4611
2363 4148
6552 316
6451 3850
974 1025
4055 501
480 55
3896 5945
6096 1770
350 6934
6077 1491
4690 4587
5001 6640
2517 2070
4215 3284
1629 482
4098 6027
1063 6662
5717 6680
5248 2575
6447 2390
3249 5835
374 3404
732 1151
4097 6516
1657 5088
1499 400
6568 696
6411 13
97 660
812 3515
2380 3278
6754 1135
1006 5754
2557 1283
2439 3137
466 3992
2848 1417
407 6183
1458 2888
1377 3456
5791 2497
2163 3311
1369 6965
2636 2147
4727 3285
2369 5429
1692 2511
3809 4676
3689 2058
2774 3087
983 4453
4548 2955
2044 4844
2972 4675
5000 5121
630 3168
2168 5415
736 3145
2045 6986
1871 4195
6532 1391
378 6018
1616 6225
6943 6958
1297 3097
491 746
1396 4192
4126 2697
3240 3993
4735 2483
4584 858
2627 6697
832 6022
299 2006
1754 2647
5005 4566
6660 3428
6127 1586
4039 3374
3833 2444
2873 2498
6774 1193
6622 6879
4050 589
5935 4219
2712 6949
67 425
3342 513
2024 6522
3232 1468
4061 2845
6132 3727
3699 6820
5974 6787
2186 6445
3480 4529
6290 6341
3533 1130
6899 667
2920 4969
1833 4000
2491 704
1096 5534
2667 6808
1249 2367
3197 4053
5412 6834
3435 6781
4189 3110
330 2023
3054 3750
6919 6972
3872 6675
2992 2717
1797 3524
2695 3943
6058 4521
1267 6361
2086 5388
4749 2933
1428 3819
3666 4362
3336 929
1940 2092
4611 3121
4148 402
316 4856
3850 343
1025 2914
501 1900
55 1173
5945 5060
1770 5206
6934 5899
1491 5841
4587 6636
6640 5508
2070 174
3284 1782
482 3861
6027 2475
6662 5996
6680 2651
2575 4778
2390 2978
5835 6115
3404 3244
1151 2989
6516 5481
5088 1910
400 3974
696 2605
13 559
660 5916
3515 6479
3278 4099
1135 3070
5754 210
1283 1996
3137 5314
3992 4783
1417 4542
6183 3260
2888 5895
3456 5608
2497 5830
3311 1218
6965 4916
2147 5941
3285 1089
5429 4448
2511 4223
4676 1547
2058 2404
3087 166
4453 3962
2955 3570
4844 17
4675 5466
5121 6896
3168 1101
5415 2884
3145 6072
6986 3479
4195 4745
1391 4454
6018 1117
6225 456
6958 5216
3097 1438
746 2731
4192 368
2697 3291
3993 546
2483 1299
858 5745
6697 2142
6022 1348
2006 1927
2647 5170
4566 3680
3428 2413
1586 3322
3374 5609
2444 2658
2498 5182
1193 4947
6879 3784
589 6288
4219 140
6949 2859
425 5246
513 2129
6522 1731
1468 2581
2845 1252
3727 3031
6820 5758
6787 6141
6445 6882
4529 6978
6341 4237
1130 3610
667 1238
4969 1176
4000 2039
704 1222
5534 763
6808 1185
2367 4020
4053 636
6834 2894
6781 6572
3110 5467
2023 4826
3750 2165
6972 6624
6675 1483
2717 505
3524 6679
3943 2063
4521 4550
6361 3185
5388 2681
2933 5103
3819 3461
4362 518
929 3936
2092 6533
3121 4751
402 3429
4856 4206
343 2596
2914 1880
1900 68
1173 2201
5060 3412
5206 238
5899 4441
5841 5057
6636 3510
5508 3988
174 3298
1782 6193
3861 6367
2475 4145
5996 3538
2651 4458
4778 4907
2978 2059
6115 2189
3244 3422
2989 5516
5481 4244
1910 6007
3974 2457
2605 5043
559 2221
5916 1961
6479 3066
4099 3144
3070 2370
210 6275
1996 4906
5314 2570
4783 3019
4542 6055
3260 5051
5895 5970
5608 6698
5830 3712
1218 2729
4916 899
5941 3899
1089 2116
4448 1216
4223 1104
1547 6696
2404 3096
166 2035
3962 3648
3570 6047
17 2438
5466 4602
6896 1489
1101 1418
2884 4240
6072 1548
3479 643
4745 1956
4454 4296
1117 2922
456 5616
5216 5741
1438 4121
2731 4348
368 3389
3291 5490
546 3908
1299 38
5745 3662
2142 5817
1348 5623
1927 1960
5170 3721
3680 1262
2413 4887
3322 2265
5609 1136
2658 6213
5182 5343
4947 1977
3784 390
6288 4799
140 1133
2859 516
5246 1532
2129 3043
1731 2680
2581 5909
1252 628
3031 2299
5758 3332
6141 1407
6882 6850
6978 1389
4237 1390
3610 1595
1238 3740
1176 6857
2039 5393
1222 3711
763 3564
1185 3005
4020 5896
636 2791
2894 5650
6572 5998
5467 4407
4826 4870
2165 4443
6624 25
1483 4554
505 6227
6679 277
2063 4425
4550 3253
3185 5207
2681 5633
5103 2895
3461 2151
518 6438
3936 3839
6533 4855
4751 3324
3429 1750
4206 5793
2596 4515
1880 3929
68 2537
2201 5933
3412 4527
238 5298
4441 2408
5057 3983
3510 3264
3988 413
3298 4156
6193 1247
6367 452
4145 3075
3538 862
4458 5853
4907 3276
2059 5903
2189 3275
3422 4683
5516 2025
4244 755
6007 2898
2457 3605
5043 6371
2221 976
1961 6039
3066 6224
3144 6347
2370 1050
6275 5116
4906 300
2570 4305
3019 544
6055 2441
5051 2017
5970 1342
6698 3998
3712 5744
2729 2565
899 1932
3899 5612
2116 4903
1216 4530
1104 4356
6696 4540
3096 6334
2035 3674
3648 1344
6047 3649
2438 4752
4602 4910
1489 6384
1418 458
4240 711
1548 5035
643 335
1956 318
4296 1075
2922 4915
5616 5605
5741 994
4121 4340
4348 1555
3389 5622
5490 1286
3908 261
38 6024
3662 990
5817 1097
5623 3293
1960 4287
3721 6659
1262 5203
4887 3147
2265 609
1136 1597
6213 4369
5343 5760
1977 684
390 4293
4799 1411
1133 6026
516 1772
1532 4299
3043 367
2680 3688
5909 3026
628 2915
2299 3255
3332 112
1407 5811
6850 5928
1389 3221
1390 6871
1595 4801
3740 5350
6857 750
5393 1036
3711 4885
3564 5825
3005 2772
5896 1503
2791 3971
5650 353
5998 6818
4407 1524
4870 6049
4443 1688
25 74
4554 2803
6227 2125
277 1078
4425 4795
3253 6740
5207 4035
5633 5586
2895 2502
2151 408
6438 5093
3839 5087
4855 2389
3324 4105
1750 2213
5793 571
4515 2282
3929 5144
2537 2745
5933 5777
4527 2174
5298 4467
2408 4598
3983 1642
3264 267
413 693
4156 3095
1247 2266
452 969
3075 6878
862 1562
5853 5690
3276 777
5903 2235
3275 3457
4683 2482
2025 4444
755 2733
2898 3452
3605 697
6371 1086
976 6948
6039 2146
6224 2355
6347 3206
1050 6867
5116 254
300 4360
4305 3330
544 3780
2441 5253
2017 6165
1342 889
3998 4926
5744 5333
2565 4643
1932 3805
5612 2492
4903 902
4530 547
4356 3376
4540 3814
6334 1372
3674 5836
1344 1307
3649 1492
4752 509
4910 1780
6384 5712
458 2241
711 5828
5035 3337
335 1723
318 3119
1075 1091
4915 3164
5605 877
994 1848
4340 178
1555 5020
5622 1257
1286 346
261 1638
6024 3352
990 2211
1097 1756
3293 6061
4287 5469
6659 3079
5203 3134
3147 3447
609 6888
1597 5606
4369 5319
5760 2949
684 4102
4293 5323
1411 2396
6026 1551
1772 6322
4299 3625
367 2210
3688 1485
3026 6209
2915 794
3255 6286
112 4002
5811 1182
5928 2101
3221 4186
6871 3865
4801 730
5350 2354
750 874
1036 3779
4885 1852
5825 2816
2772 1643
1503 6493
3971 3886
353 504
6818 2563
1524 806
6049 3882
1688 5806
74 4771
2803 5790
2125 2617
1078 3338
4795 2580
6740 2105
4035 434
5586 6316
2502 2331
408 1971
5093 6933
5087 4563
2389 1259
4105 3325
2213 867
571 2716
2282 3277
5144 440
2745 6385
5777 4685
2174 4798
4467 4961
4598 1242
1642 3604
267 6586
693 5263
3095 1843
2266 109
969 6202
6878 3125
1562 1314
5690 5278
777 5185
2235 4275
3457 6164
2482 3151
4444 3849
2733 4697
3452 4493
697 4809
1086 2624
6948 6655
2146 6606
2355 6408
3206 5486
6867 5478
254 2320
4360 3349
3330 1805
3780 4266
5253 972
6165 1911
889 5729
4926 5910
5333 829
4643 6075
3805 5040
2492 3726
902 1676
547 1722
3376 1811
3814 5217
1372 6932
5836 3237
1307 6179
1492 1079
509 2786
1780 2536
5712 3888
2241 5668
5828 284
3337 2675
1723 5635
3119 2640
1091 1742
3164 1264
877 2996
1848 6547
178 6413
5020 804
1257 5600
346 2973
1638 2606
3352 4968
2211 4326
1756 502
6061 207
5469 1137
3079 1983
3134 1323
3447 6001
6888 4345
5606 4288
5319 3667
2949 4568
4102 3669
5323 5987
2396 294
1551 363
6322 945
3625 1558
2210 6658
1485 5707
6209 1918
794 6328
6286 3021
4002 6425
1182 801
2101 235
4186 3086
3865 5026
730 6705
2354 3607
874 5503
3779 1725
1852 5557
2816 5063
1643 4977
6493 2030
3886 610
504 1065
2563 6297
806 364
3882 5113
5806 4365
4771 1031
5790 3437
2617 824
3338 5664
2580 6641
2105 6003
434 5855
6316 576
2331 5421
1971 2430
6933 1454
4563 5101
1259 6035
3325 4422
867 6048
2716 2551
3277 6598
440 6673
6385 3148
4685 176
4798 3917
4961 1315
1242 3229
3604 3294
6586 59
5263 2655
1843 4698
109 2935
6202 4692
3125 651
1314 1860
5278 4117
5185 4475
4275 2132
6164 6073
3151 3149
3849 1789
4697 6959
4493 3857
4809 2081
2624 724
6655 3672
6606 2887
6408 2548
5486 637
5478 604
2320 4180
3349 6294
1805 1253
4266 6418
972 4501
1911 1080
5729 3546
5910 6374
829 405
6075 1544
5040 5770
3726 73
1676 6481
1722 336
1811 1801
5217 6507
6932 5823
3237 673
6179 2436
1079 1200
2786 4851
2536 1970
3888 3354
5668 2754
284 2932
2675 4318
5635 495
2640 5301
1742 4190
1264 4574
2996 6944
6547 2382
6413 4742
804 2176
5600 1907
2973 4557
2606 2100
4968 6478
4326 4199
502 1768
207 3912
1137 1759
1983 3885
1323 1912
6001 4079
4345 477
4288 3902
3667 6523
4568 5132
3669 1669
5987 3426
294 3256
363 6433
945 1346
1558 621
6658 65
5707 1024
1918 3345
6328 3273
3021 4014
6425 5617
801 622
235 3477
3086 269
5026 773
6705 4627
3607 1074
5503 2732
1725 6030
5557 950
5063 6191
4977 512
2030 3033
610 1849
1065 2908
6297 3032
364 6847
5113 4070
4365 1786
1031 1529
3437 3410
824 6444
5664 6376
6641 2671
6003 3982
5855 352
576 3920
5421 3844
2430 1936
1454 6221
5101 1677
6035 6088
4422 3969
6048 1714
2551 2227
6598 4831
6673 6301
3148 1706
176 1631
3917 3539
1315 6766
3229 3830
3294 785
59 1864
2655 4497
4698 6441
2935 4637
4692 50
651 4048
1860 2500
4117 1424
4475 1028
2132 579
6073 3002
3149 5908
1789 2821
6959 3202
3857 3840
2081 5601
724 2799
3672 3440
2887 3222
2548 6439
637 1579
604 4886
4180 1180
6294 4974
1253 156
6418 1244
4501 6307
1080 3722
3546 489
6374 1829
405 4078
1544 4704
5770 1705
73 6648
6481 5054
336 2431
1801 4767
6507 6849
5823 3955
673 6009
2436 4155
1200 3343
4851 1637
1970 2048
3354 6472
2754 2785
2932 6676
4318 248
495 3951
5301 4970
4190 1129
4574 2360
6944 6923
2382 2264
4742 2522
2176 6237
1907 6736
4557 788
2100 745
6478 2399
4199 650
1768 1980
3912 774
1759 5678
3885 3127
1912 412
4079 6124
477 3122
3902 985
6523 3741
5132 5311
1669 6397
3426 4489
3256 2280
6433 315
1346 6069
621 2427
65 2721
1024 3985
3345 5643
3273 3023
4014 4923
5617 3386
622 5351
3477 5189
269 6045
773 3011
4627 661
1074 6714
2732 186
6030 5904
950 251
6191 3584
512 1717
3033 5186
1849 3818
2908 5546
3032 932
6847 3409
4070 58
1786 1835
1529 1399
3410 5139
6444 5819
6376 4224
2671 3867
3982 6260
352 1933
3920 2362
3844 308
1936 2178
6221 2554
1677 2244
6088 5188
3969 329
1714 4994
2227 3655
4831 6349
6301 591
1706 2815
1631 708
3539 1305
6766 2727
3830 1913
785 437
1864 2844
4497 3252
6441 1380
4637 3454
50 1045
4048 3639
2500 3401
1424 3076
1028 2999
579 36
3002 3684
5908 6831
2821 5457
3202 5926
3840 5360
5601 2013
2799 5956
3440 884
3222 4335
6439 5513
1579 992
4886 200
1180 4829
4974 6256
156 741
1244 3554
6307 1014
3722 6390
489 5730
1829 4253
4078 4957
4704 6107
1705 5494
6648 4213
5054 3423
2431 3344
4767 1670
6849 6706
3955 1577
6009 1152
4155 898
3343 3656
1637 6006
2048 4214
6472 393
2785 5771
6676 6066
248 2425
3951 2664
4970 6175
1129 6004
2360 5585
6923 4591
2264 5150
2522 4736
6237 1949
6736 691
788 791
745 3280
2399 4619
650 1195
1980 3963
774 4323
5678 1278
3127 4492
412 4562
6124 5165
3122 1810
985 6120
3741 731
5311 3725
6397 1236
4489 4477
2280 6966
315 4579
6069 3887
2427 2959
2721 1689
3985 3981
5643 2000
3023 4895
4923 3251
3386 1069
5351 6672
5189 2467
6045 5202
3011 1508
661 625
6714 5053
186 2542
5904 4993
251 5845
3584 5567
1717 5176
5186 1188
3818 3466
5546 222
932 1172
3409 4228
58 1773
1835 5906
1399 250
5139 5696
5819 1604
4224 970
3867 2361
6260 5568
1933 5592
2362 3693
308 2829
2178 5898
2554 1142
2244 6848
5188 6029
329 2015
4994 3874
3655 3339
6349 3641
591 1659
2815 1610
708 4135
1305 2312
2727 4559
1913 1665
437 5523
2844 1859
3252 1734
1380 4466
3454 4621
1045 2405
3639 4935
3401 6731
3076 4714
2999 876
36 144
3684 2983
6831 3790
5457 778
5926 5778
5360 6922
2013 2406
5956 6747
884 6206
4335 2612
5513 5201
992 4488
200 1926
4829 4036
6256 2812
741 5805
3554 2865
1014 4819
6390 4660
5730 4677
4253 4060
4957 5726
6107 4638
5494 4366
4213 4760
3423 4547
3344 3126
1670 3925
6706 3859
1577 605
1152 4813
898 3142
3656 4917
6006 1001
4214 4846
393 5433
5771 3847
6066 2197
2425 2891
2664 1889
6175 960
6004 3745
5585 4759
4591 1653
5150 2991
4736 5266
1949 5510
691 5715
791 1758
3280 2528
4619 1823
1195 4561
3963 5978
4323 487
1278 1622
4492 4634
4562 6008
5165 1678
1810 1294
6120 6375
731 1695
3725 980
1236 1126
4477 341
6966 2177
4579 2684
3887 396
2959 6581
1689 2869
3981 1215
2000 6614
4895 1175
3251 1591
1069 2402
6672 6773
2467 5059
5202 754
1508 1687
625 499
5053 3913
2542 1284
4993 6466
5845 2426
5567 1635
5176 5252
1188 1056
3466 4824
222 5231
1172 4848
4228 4008
1773 1359
5906 4808
250 418
5696 3922
1604 5493
970 1164
2361 2988
5568 3025
5592 5501
3693 2545
2829 3368
5898 4839
1142 2184
6848 2610
6029 5372
2015 6121
3874 4715
3339 4406
3641 4953
1659 947
1610 4138
4135 5391
2312 2635
4559 5995
1665 6208
5523 361
1859 6548
1734 4333
4466 6240
4621 286
2405 43
4935 5661
6731 2654
4714 5519
876 5146
144 1954
2983 6104
3790 6955
778 2739
5778 4
6922 3414
2406 2753
6747 4346
6206 4188
2612 5309
5201 4588
4488 4750
1926 6833
4036 3534
2812 2451
5805 1386
2865 2867
4819 6250
4660 3835
4677 1838
4060 823
5726 1924
4638 6494
4366 6230
4760 3622
4547 3876
3126 6865
3925 956
3859 4622
605 6143
4813 1163
3142 5489
4917 3451
1001 3305
4846 197
5433 1477
3847 2929
2197 3562
2891 2251
1889 2763
960 2225
3745 4006
4759 3448
1653 2766
2991 2968
5266 2630
5510 1995
5715 6089
1758 4461
2528 560
1823 4456
4561 6130
5978 805
487 2571
1622 6144
4634 2846
6008 645
1678 2318
1294 3287
6375 4445
1695 5399
980 4695
1126 6186
341 2965
2177 1048
2684 6621
396 4811
6581 6486
2869 926
1215 1484
6614 6037
1175 2625
1591 5378
2402 5049
6773 5468
5059 2998
754 1088
1687 3614
499 6826
3913 331
1284 3764
6466 904
2426 5193
1635 5166
5252 4650
1056 3203
4824 4671
5231 6771
4848 1799
4008 514
1359 2484
4808 2346
418 5593
3922 6683
5493 4830
1164 319
2988 6631
3025 202
5501 3679
2545 3163
3368 4630
4839 2050
2184 5400
2610 1855
5372 4731
6121 5338
4715 1711
4406 759
4953 735
947 6819
4138 494
5391 5471
2635 3037
5995 657
6208 3501
361 5667
6548 1084
4333 431
6240 1685
286 3843
43 218
5661 6247
2654 2011
5519 6794
5146 5604
1954 2760
6104 5230
6955 3292
2739 1620
4 4210
3414 3329
2753 1881
4346 4200
4188 4495
5309 3455
4588 4803
4750 6483
6833 276
3534 1196
2451 861
1386 5306
2867 2206
6250 6954
3835 6783
1838 1957
823 4474
1924 4648
6494 4900
6230 6855
3622 6592
3876 5949
6865 2574
956 5920
4622 3158
6143 1022
1163 6832
5489 707
3451 682
3305 5382
197 4149
1477 2586
2929 4421
3562 2468
2251 4615
2763 6889
2225 6635
4006 4512
3448 1740
2766 4175
2968 5074
2630 2289
1995 132
6089 5646
4461 5073
560 6111
4456 3481
6130 2122
805 5637
2571 2449
6144 3717
2846 2824
645 2568
2318 527
3287 6557
4445 1214
5399 4322
4695 206
6186 6945
2965 2805
1048 137
6621 5459
4811 5498
6486 1582
926 6112
1484 6449
6037 3360
2625 5960
5378 5857
5049 93
5468 1879
2998 2041
1088 914
3614 5215
6826 99
331 4600
3764 3671
904 4858
5193 4788
5166 2800
4650 2854
3203 3775
4671 5279
6771 3178
1799 747
514 1275
2484 3754
2346 6036
5593 4875
6683 5640
4830 325
319 4176
6631 6285
202 1064
3679 3372
3163 3261
4630 4764
2050 6182
5400 6430
1855 4583
4731 2311
5338 2139
1711 4536
759 5848
735 2790
6819 5781
494 278
5471 6136
3037 1931
657 4178
3501 5334
5667 6753
1084 228
431 4507
1685 1114
3843 5142
218 6291
6247 2619
2011 634
6794 4537
5604 6639
2760 6961
5230 2296
3292 2223
1620 307
4210 6253
3329 3035
1881 728
4200 3045
4495 6885
3455 3057
4803 5566
6483 1272
276 3160
1196 5274
861 751
5306 5588
2206 3763
6954 2549
6783 1032
1957 1543
4474 2042
4648 600
4900 1937
6855 2304
6592 5223
5949 5786
2574 919
5920 1350
3158 6776
1022 4334
6832 2976
707 3205
682 6628
5382 6513
4149 5803
2586 92
4421 1385
2468 3924
4615 442
6889 1442
6635 6825
4512 2793
1740 6757
4175 3603
5074 2160
2289 5809
132 599
5646 3153
5073 141
6111 4516
3481 243
2122 5497
5637 2632
2449 5364
3717 2365
2824 3267
2568 1765
527 2997
6557 1666
1214 3941
4322 1225
206 6931
6945 5878
2805 4553
137 6103
5459 4979
5498 845
1582 4260
6112 5434
6449 1457
3360 2337
5960 2053
5857 5808
93 2262
1879 4413
2041 4446
914 3733
5215 3685
99 1053
4600 1928
3671 5304
4858 655
4788 4087
2800 3791
2854 2336
3775 5392
5279 5460
3178 2555
747 786
1275 1223
3754 15
6036 1269
4875 4571
5640 46
325 102
4176 2199
6285 2827
1064 5812
3372 5885
3261 3542
4764 3580
6182 4776
6430 4664
4583 3247
2311 2505
2139 6700
4536 1134
5848 3356
2790 733
5781 3810
278 4235
6136 6571
1931 6785
4178 324
5334 3573
6753 3852
228 6263
4507 2287
1114 5851
5142 4392
6291 3108
2619 26
634 241
4537 6490
6639 2445
6961 4380
2296 2752
2223 2629
307 6559
6253 1062
3035 2120
728 1381
3045 2828
6885 1539
3057 6482
5566 4931
1272 5030
3160 4256
5274 1710
751 1681
5588 2490
3763 6663
2549 2686
1032 288
1543 2643
2042 6589
600 1602
1937 5691
2304 2046
5223 4045
5786 1697
919 5245
1350 2376
6776 5004
4334 834
2976 1335
3205 428
6628 5981
6513 6272
5803 6220
92 5912
1385 3531
3924 391
442 6243
1442 2926
6825 4170
2793 5100
6757 2771
3603 5738
2160 4022
5809 3997
599 5706
3153 2232
141 213
4516 478
243 4538
5497 6296
2632 1760
5364 740
2365 5044
3267 581
1765 2328
2997 3873
1666 4227
3941 4782
1225 2807
6931 1866
5878 3682
4553 5991
6103 4169
4979 6389
845 1588
4260 2204
5434 2257
1457 5629
2337 1783
2053 2097
5808 2591
2262 566
4413 5734
4446 1336
3733 4876
3685 2315
1053 6685
1928 5320
5304 184
655 1034
4087 3074
3791 1528
2336 5190
5392 2944
5460 4001
2555 3970
786 1158
1223 2350
15 2054
1269 6560
4571 1319
46 5477
102 5381
2199 2787
2827 6324
5812 3563
5885 6159
3542 106
3580 2410
4776 2051
4664 6151
3247 3243
2505 6480
6700 3446
1134 6837
3356 943
733 2607
3810 3815
4235 706
6571 6134
6785 1962
324 523
3573 842
3852 1816
6263 3038
2287 5159
5851 4245
4392 1522
3108 170
26 3601
241 5096
6490 3307
2445 3645
4380 5864
2752 6668
2629 6862
6559 1667
1062 6131
2120 358
1381 6142
2828 3629
1539 2702
6482 6469
4931 5424
5030 2465
4256 1929
1710 2435
1681 3910
2490 4890
6663 3820
2686 6497
288 3903
2643 6333
6589 5735
1602 4708
5691 6906
2046 2205
4045 5772
1697 5041
5245 4963
2376 6292
5004 2172
834 532
1335 6279
428 6758
5981 4081
6272 6020
6220 638
5912 6417
3531 1992
391 6336
6243 533
2926 2196
4170 563
5100 4427
2771 1482
5738 263
4022 2527
3997 3556
5706 3470
2232 4201
213 1853
478 6793
4538 5512
6296 3302
1760 3316
740 4417
5044 4100
581 6585
2328 5172
3873 410
4227 5699
4782 555
2807 4572
1866 6527
3682 1279
5991 2090
4169 966
6389 64
1588 5859
2204 2516
2257 1300
5629 5742
1783 5316
2097 4494
2591 75
566 3579
5734 5999
1336 2546
4876 6936
2315 772
6685 5541
5320 1898
184 1030
1034 690
3074 6537
1528 4277
5190 2422
2944 121
4001 4412
3970 4226
1158 5366
2350 306
2054 4942
6560 5922
1319 971
5477 6551
5381 5496
2787 3463
6324 5961
3563 5131
6159 1837
106 3407
2410 3391
2051 5499
6151 3523
3243 1556
6480 6664
3446 3405
6837 1321
943 2901
2607 1972
3815 558
706 3030
6134 2049
1962 928
523 1144
842 6722
1816 3860
3038 3491
5159 4470
4245 6800
1522 760
170 3842
3601 87
5096 3250
3307 266
3645 891
5864 1614
6668 920
6862 438
1667 6406
6131 5966
358 6087
6142 3192
3629 6505
2702 4990
6469 4874
5424 4933
2465 5254
1929 5655
2435 4222
3910 5235
4890 2442
3820 5701
6497 3868
3903 6525
6333 3728
5735 2645
4708 6558
6906 6920
2205 2379
5772 669
5041 6185
4963 4368
6292 687
2172 5676
532 4959
6279 4975
6758 1605
4081 587
6020 6053
638 4779
6417 6822
1992 4092
6336 2561
533 1840
2196 5292
563 1400
4427 209
1482 5322
263 790
2527 2303
3556 4111
3470 2930
4201 4972
1853 6283
6793 2820
5512 3063
3302 158
3316 2638
4417 3309
4100 4655
6585 4881
5172 6817
410 4629
5699 4539
555 4184
4572 4582
6527 4842
1279 2371
2090 3323
966 3257
64 4286
5859 4083
2516 3388
1300 6883
5742 593
5316 2698
4494 5342
75 828
3579 3471
5999 2552
2546 4271
6936 3599
772 6886
5541 6364
1898 5127
1030 4387
690 5720
6537 5858
4277 484
2422 167
121 4185
4412 6733
4226 3609
5366 3048
306 2027
4942 3543
5922 1237
971 4239
6551 1854
5496 5031
3463 5553
5961 3500
5131 6517
1837 3270
3407 187
3391 5330
5499 4922
3523 2334
1556 6953
6664 3387
3405 5973
1321 1023
2901 2005
1972 1753
558 5657
3030 554
2049 4232
928 6894
1144 2659
6722 481
3860 6508
3491 6617
4470 949
6800 2332
760 5339
3842 3065
87 3482
3250 4355
266 4374
891 2121
1614 4471
920 3211
438 6401
6406 871
5966 3384
6087 6169
3192 6846
6505 2525
4990 1150
4874 5175
4933 3310
5254 2391
5655 5936
4222 4941
5235 1015
2442 1441
5701 6419
3868 265
6525 519
3728 28
2645 4681
6558 3090
6920 427
2379 5784
669 5337
6185 6099
4368 4202
687 6912
5676 2421
4959 5985
4975 6093
1605 4748
587 1212
6053 1999
4779 3135
6822 3795
4092 5422
2561 937
1840 808
5292 1327
1400 2588
209 1155
5322 247
790 4435
2303 3069
4111 5374
2930 2589
4972 1083
6283 642
2820 3724
3063 3089
158 5458
2638 2646
3309 2456
4655 5582
4881 909
6817 4107
4629 4800
4539 4962
4184 1313
4582 4438
4842 5097
2371 3591
3323 598
3257 951
4286 5674
4083 3557
3388 447
6883 5268
593 4504
2698 6106
5342 5937
828 5571
3471 2415
2552 4272
4271 2195
3599 5673
6886 3138
6364 6211
5127 196
4387 3765
5720 4265
5858 4247
484 1741
167 2228
4185 1067
6733 5719
3609 968
3048 5774
2027 2866
3543 6060
1237 5236
4239 2203
1854 5299
5031 6952
5553 6528
3500 3210
6517 975
3270 6950
187 6665
5330 6745
4922 825
2334 385
6953 3919
3387 6266
5973 4929
1023 4034
2005 1160
1753 1812
5657 2742
554 2136
4232 3438
6894 6653
2659 6918
481 3989
6508 5801
6617 4998
949 5310
2332 2493
5339 6409
3065 3596
3482 4669
4355 2597
4374 219
2121 4110
4471 5924
3211 4391
6401 6156
871 275
3384 1552
6169 6836
6846 1465
2525 1270
1150 3760
5175 5277
3310 3732
2391 6354
5936 3272
4941 5256
1015 5957
1441 1535
6419 1349
265 1857
519 3198
28 1672
4681 1450
3090 4766
427 3905
5784 3297
5337 618
6099 5611
4202 6236
6912 5021
2421 6553
5985 3848
6093 2309
4748 6717
1212 702
1999 3975
3135 6351
3795 5642
5422 4115
937 1113
808 1699
1327 1093
2588 6541
1155 4068
247 5431
4435 5214
3069 5162
5374 1626
2589 665
1083 5475
642 377
3724 1378
3089 5446
5458 4741
2646 4828
2456 3136
5582 616
909 4732
4107 468
4800 419
4962 4909
1313 1047
4438 2148
5097 1201
3591 2411
598 5994
951 2775
5674 5854
3557 1834
447 4949
5268 4820
4504 1109
6106 6398
5937 1211
5571 2960
2415 2600
4272 6574
2195 4724
5673 1462
3138 5572
6211 4361
196 2474
3765 4243
4265 3930
4247 337
1741 1206
2228 3550
1067 2207
5719 5587
968 5752
5774 1955
2866 3657
6060 2524
5236 5012
2203 4599
5299 317
6952 4525
6528 3995
3210 2851
975 2263
6950 4134
6665 5205
6745 6331
825 3748
385 6970
3919 3709
6266 568
4929 3476
4034 2858
1160 5474
1812 2562
2742 3568
2136 2925
3438 5064
6653 3098
6918 3617
3989 1019
5801 6320
4998 6691
5310 5921
2493 847
6409 2948
3596 721
4669 4321
2597 4728
219 4319
4110 2669
5924 5644
4391 3897
6156 6601
275 2066
1552 6400
6836 3159
1465 386
1270 2073
3760 3220
5277 1052
3732 2749
6354 5441
3272 5445
5256 6580
5957 5873
1535 2543
1349 4936
1857 2089
3198 3464
1672 6399
1450 979
4766 2603
3905 5325
3297 136
618 6504
5611 1966
6236 5740
5021 4761
6553 3548
3848 5300
2309 4302
6717 2001
702 2453
3975 4971
6351 930
5642 726
4115 1148
1113 1644
1699 2909
1093 2212
6541 737
4068 1328
5431 3832
5214 6976
5162 2083
1626 582
665 3044
5475 5052
377 2462
1378 2907
5446 5465
4741 5232
4828 5927
3136 3854
616 3052
4732 1460
468 5335
419 5613
4909 1033
1047 1580
2148 880
1201 4450
2411 5958
5994 1364
2775 6824
5854 6269
1834 1707
4949 41
4820 4546
1109 6011
6398 4617
1211 1459
2960 5365
2600 2652
6574 3537
4724 1596
1462 369
5572 270
4361 1526
2474 3489
4243 2819
3930 2870
337 2088
1206 4225
3550 3436
2207 406
5587 4532
5752 6956
1955 78
3657 4396
2524 4768
5012 6040
4599 3398
317 4845
4525 6273
3995 2455
2851 2794
2263 4662
4134 373
5205 6268
6331 472
3748 606
6970 1298
3709 5867
568 1432
3476 1493
2858 2104
5474 768
2562 6790
3568 6941
2925 6667
5064 6651
3098 1406
3617 2191
1019 1831
6320 964
6691 4015
5921 4833
847 2217
2948 4246
721 2159
4321 6238
4728 6344
4319 1226
2669 4978
5644 3318
3897 83
6601 6380
2066 45
6400 1888
3159 6860
386 2338
2073 1296
3220 1747
1052 4601
2749 3304
5441 3838
5445 5455
6580 4983
5873 5518
2543 1209
4936 1716
2089 5598
3464 4817
6399 1003
979 2833
2603 3007
5325 2233
136 33
6504 3353
1966 2928
5740 4991
4761 5014
3548 1332
5300 915
4302 4670
2001 287
2453 3364
4971 1444
930 2393
726 6255
1148 6091
1644 1807
2909 2961
2212 1394
737 3248
1328 5178
3832 6988
6976 4967
2083 1709
582 5009
3044 2883
5052 6792
2462 1627
2907 6544
5465 5913
5232 6669
5927 6119
3854 3217
3052 179
1460 6903
5335 2860
5613 4863
1033 1311
1580 5950
880 644
4450 2689
5958 692
1364 70
6824 3245
6269 6929
1707 2143
41 5866
4546 6881
6011 595
4617 6410
1459 3651
5365 2969
2652 2539
3537 4814
1596 1324
369 4818
270 44
1526 6265
3489 5728
2819 239
2870 3041
2088 2836
4225 1266
3436 6465
406 2743
4532 366
6956 2879
78 5124
4396 3718
4768 3400
6040 5783
3398 4636
4845 2838
6273 524
2455 1192
2794 6973
4662 6217
373 1693
6268 237
472 3258
606 1775
1298 3433
5867 6791
1432 2706
1493 5463
2104 4781
768 355
6790 3770
6941 6231
6667 1427
6651 2460
1406 2835
2191 153
1831 807
964 5980
4015 5743
4833 4398
2217 387
4246 1655
2159 1607
6238 6593
6344 2437
1226 1632
4978 6543
3318 1902
83 4216
6380 3866
45 1439
1888 3320
6860 5109
2338 2237
1296 3716
1747 602
4601 3306
3304 6858
3838 2215
5455 5976
4983 940
5518 3474
1209 1806
1716 1559
5598 3497
4817 3767
1003 2509
2833 2823
3007 1356
2233 2007
33 2002
3353 2594
2928 2459
4991 809
5014 6086
1332 5813
915 3597
4670 6460
287 6712
3364 6090
1444 5548
2393 6729
6255 3627
6091 4220
1807 995
2961 1280
1394 24
3248 6877
5178 5837
6988 2324
4967 5352
1709 6298
5009 5732
2883 2601
6792 4389
1627 4357
6544 1800
5913 1874
6669 4290
6119 6699
3217 6074
179 3396
6903 3188
2860 5163
4863 3547
1311 6779
5950 2682
644 6313
2689 5984
692 1573
70 3575
3245 467
6929 1656
2143 6343
5866 6373
6881 2123
595 4251
6410 6352
3651 1228
2969 6172
2539 4258
4814 1199
1324 870
4818 380
44 2711
6265 376
5728 4479
239 175
3041 4196
2836 292
1266 6515
6465 1306
2743 56
366 6489
2879 6780
5124 1494
3718 1326
3400 4684
5783 2811
4636 4263
2838 2481
524 2014
1192 4772
6973 2861
6217 6192
1693 4127
237 570
3258 5022
1775 3271
3433 3800
6791 2128
2706 6610
5463 3
4781 6841
355 151
3770 4987
6231 893
1427 6925
2460 372
2835 2547
153 5287
807 500
5980 1281
5743 6726
4398 1624
387 4623
1655 1752
1607 2432
6593 85
2437 6312
1632 6150
6543 2822
1902 4197
4216 3658
3866 6325
1439 1123
3320 2153
5109 5130
2237 4116
3716 3565
602 496
3306 3714
6858 1836
2215 1721
5976 4706
940 4324
3474 5069
1806 177
1559 3042
3497 1943
3767 6287
2509 1712
2823 395
1356 3553
2007 1654
2002 1041
2594 6642
2459 4726
809 6874
6086 5291
5813 3340
3597 1703
6460 999
6712 6518
6090 449
5548 6957
6729 198
3627 3233
4220 3827
995 5495
1280 5515
24 5527
6877 1362
5837 639
2324 122
5352 3577
6298 6302
5732 2986
2601 2938
4389 2708
4357 4606
1800 2288
1874 164
4290 6924
6699 2921
6074 5085
3396 469
3188 6707
5163 608
3547 3973
6779 675
2682 4502
6313 4773
5984 4312
1573 2993
3575 5065
467 1967
1656 3430
6343 334
6373 4616
2123 5627
4251 1861
6352 1343
1228 384
6172 4336
4258 3837
1199 3017
870 3996
380 5918
2711 5346
376 3131
4479 1735
175 1567
4196 569
292 6720
6515 6281
1306 3864
56 5297
6489 417
6780 4123
1494 1301
1326 1986
4684 1260
2811 5528
4263 357
2481 3794
2014 1370
4772 4285
2861 748
6192 1945
4127 5147
570 1507
5022 4158
3271 6363
3800 1295
2128 4688
6610 1452
3 2224
6841 1375
151 2650
4987 1609
893 3708
6925 6666
372 57
2547 3028
5287 11
500 927
1281 6690
6726 5149
1624 4372
4623 3150
1752 855
2432 1309
85 1679
6312 4631
6150 6810
2822 5893
4197 4044
3658 6801
6325 3415
1123 2479
2153 6357
5130 5363
4116 6739
3565 2656
496 1715
3714 6861
1836 6476
1721 3581
4706 5208
4324 912
5069 6359
177 869
3042 6342
1943 3154
6287 4281
1712 705
395 5484
3553 2639
1654 6719
1041 1766
6642 1538
4726 1008
6874 3572
5291 3301
3340 1981
1703 3701
999 3296
6518 4901
449 1730
6957 2814
198 5485
3233 3114
3827 2219
5495 1437
5515 6656
5527 2886
1362 3977
639 1276
122 2187
3577 6983
6302 2256
2986 1893
2938 5749
2708 6337
4606 5688
2288 327
164 60
6924 3559
2921 5464
5085 5258
469 6085
6707 725
608 557
3973 3514
675 2249
4502 664
4773 2613
4312 5104
2993 4791
5065 5327
1967 1100
3430 5695
334 236
4616 3013
5627 3132
1861 2152
1343 1474
384 1410
4336 3569
3837 4162
3017 1594
3996 3373
5918 2641
5346 5897
3131 1203
1735 718
1567 4338
569 3654
6720 6128
6281 614
3864 3093
5297 3637
417 6909
4123 3600
1301 6531
1986 3227
1260 4864
5528 5184
357 5520
3794 1826
1370 905
4285 1198
748 3940
1945 5769
5147 6761
1507 256
4158 5569
6363 4564
1295 289
4688 6512
1452 5361
2224 1046
1375 6872
2650 888
1609 2583
3708 2653
6666 203
57 4639
3028 4094
11 2818
927 4382
6690 6303
5149 3123
4372 5084
3150 3979
855 821
1309 1923
1679 3439
4631 4142
6810 2037
5893 1235
4044 1027
6801 4300
3415 1887
2479 6420
6357 6427
5363 3719
6739 281
2656 6804
1715 1384
6861 5838
6476 6809
3581 5839
5208 5522
912 860
6359 2967
869 5810
6342 689
3154 1682
4281 2761
705 1429
5484 4132
2639 3088
6719 4390
1766 6015
1538 6853
1008 6492
3572 3787
3301 1566
1981 6768
3701 5796
3296 6569
4901 2461
1730 1978
2814 3536
5485 3976
3114 1572
2219 4956
1437 4310
6656 3012
2886 6721
3977 6168
1276 4409
2187 2621
6983 104
2256 5847
1893 3266
5749 4607
6337 3618
5688 4577
327 22
60 1592
3559 6891
5464 4955
5258 1964
6085 906
725 1440
557 1490
3514 1435
2249 1095
664 4898
2613 1170
5104 6742
4791 3341
5327 1516
1100 195
5695 3490
236 3652
3013 5080
3132 713
2152 3623
1474 383
1410 6723
3569 6838
4162 6032
1594 6360
3373 4010
2641 2676
5897 3518
1203 4705
718 5975
4338 2559
3654 2321
6128 6358
614 5436
3093 6033
3637 522
6909 3723
3600 1425
6531 1361
3227 4719
4864 1124
5184 1991
5520 2294
1826 1013
905 3099
1198 2626
3940 5535
5769 841
6761 1058
256 234
5569 3377
4564 1518
289 5394
6512 6332
5361 6744
1046 5281
6872 5647
888 2275
2583 6682
2653 2290
203 2098
4639 1796
4094 1613
2818 564
4382 2941
6303 5317
3123 3381
5084 225
3979 2247
821 6056
1923 485
3439 2618
4142 2590
2037 5133
1235 4673
1027 1416
4300 6170
1887 2843
6420 6521
6427 3265
3719 1593
281 6926
6804 549
1384 2272
5838 1473
6809 5261
5839 1358
5522 1720
860 2095
2967 4558
5810 3911
689 5675
1682 6110
2761 54
1429 1194
4132 3960
3088 2395
4390 4003
6015 214
6853 1029
6492 5218
3787 6778
1566 5525
6768 3289
5796 3636
6569 663
2461 886
1978 6851
3536 5126
3976 5123
1572 1585
4956 567
4310 4381
3012 257
6721 4313
6168 6450
4409 3558
2621 5614
104 4341
5847 5174
3266 2556
4607 2951
3618 4283
4577 2637
22 2945
1592 3901
6891 5942
4955 3704
1964 4661
906 4378
1440 2683
1490 3615
1435 4483
1095 6188
4898 4401
1170 6772
6742 5669
3341 2899
1516 5747
195 959
3490 2905
3652 6703
5080 6708
713 6827
3623 2258
383 810
6723 530
6838 1246
6032 3312
6360 4794
4010 5066
2676 6338
3518 6496
4705 4682
5975 2615
2559 5583
2321 6842
6358 1020
5436 2096
6033 1220
522 4877
3723 5891
1425 1565
1361 5480
4719 4625
1124 5630
1991 6369
2294 6012
1013 5491
3099 6071
2626 1625
5535 4821
841 939
1058 4460
234 2351
3377 2231
1518 5195
5394 6578
6332 4163
6744 6811
5281 5659
5647 5965
2275 2138
6682 4316
2290 520
2098 1412
1796 6500
1613 2144
564 8
2941 864
5317 2085
3381 1119
225 1763
2247 3889
6056 1263
485 4499
2618 6379
2590 4789
5133 2685
4673 1464
1416 3191
6170 4280
2843 3263
6521 5990
3265 295
1593 1371
6926 6309
549 208
2272 5409
1473 1481
5261 2694
1358 5551
1720 6828
2095 6843
4558 1469
3911 4317
5675 5134
6110 2034
54 451
1194 2198
3960 1426
2395 1553
4003 444
214 6017
1029 1990
5218 6135
6778 5559
5525 2246
3289 6034
3636 6814
663 4114
886 6326
6851 3683
5126 2166
5123 4777
1585 2958
567 2245
4381 5653
257 3782
4313 3511
6450 1619
3558 5652
5614 1727
4341 5341
5174 3545
2556 118
2951 2631
4283 2181
2637 1478
2945 3495
3901 5684
5942 6576
3704 6671
4661 849
4378 3213
2683 2620
3615 5313
4483 5356
6188 5269
4401 3749
6772 2242
5669 507
2899 5615
5747 5710
959 1219
2905 2072
6703 2560
6708 3172
6827 4137
2258 1002
810 244
530 5562
1246 6458
3312 1732
4794 3051
5066 1894
6338 1498
6496 3182
4682 784
2615 6637
5583 2239
6842 6414
1020 715
2096 1403
1220 6295
4877 1061
5891 6402
1565 1217
5480 2214
4625 6177
5630 4328
6369 6807
6012 135
5491 5070
6071 1997
1625 6145
4821 5766
939 1317
4460 6619
2351 1085
2231 6277
5195 1202
6578 3295
4163 3768
6811 6251
5659 2385
5965 1500
2138 656
4316 574
520 5694
1412 5757
6500 4523
2144 3879
8 2076
864 3675
2085 5425
1119 3895
1763 273
3889 2269
1263 4432
4499 2253
6379 3744
4789 6178
2685 4893
1464 3541
3191 4785
4280 6769
3263 4569
5990 4032
295 5237
1371 4603
6309 6443
208 5842
5409 3434
1481 2134
2694 1322
5551 2900
6828 4649
6843 5007
1469 1738
4317 2585
5134 5191
2034 6607
451 246
2198 1423
1426 6806
1553 911
444 4902
6017 2448
1990 584
6135 3105
5559 4104
2246 1583
6034 2518
6814 2156
4114 5242
6326 6392
3683 443
2166 2501
4777 2950
2958 462
2245 6657
5653 157
3782 5638
3511 1570
1619 4792
5652 1271
1727 4276
5341 169
3545 4455
118 3893
2631 3015
2181 5677
1478 694
3495 6157
5684 5008
6576 120
6671 831
849 3567
3213 6917
2620 3083
5313 6201
5356 4174
5269 2243
3749 1502
2242 703
507 2274
5615 388
5710 6345
1219 2310
2072 5224
2560 6356
3172 2171
4137 6577
1002 4403
244 4556
5562 6453
6458 987
1732 5671
3051 4344
1894 2397
1498 4986
3182 3133
784 349
6637 6041
2239 1149
6414 1815
715 4143
1403 542
6295 2308
1061 1487
6402 3776
1217 5243
2214 4757
6177 4160
4328 1668
6807 4358
135 1726
5070 5077
1997 212
6145 6428
5766 486
1317 6200
6619 293
1085 4408
6277 1599
1202 6308
3295 2330
3768 5531
6251 3394
2385 2759
1500 1347
656 4125
574 3472
5694 5222
5757 42
4523 3817
3879 3230
2076 3582
3675 2084
5425 857
3895 3224
273 19
2269 5645
4432 2374
2253 5780
3744 4945
6178 5902
4893 4774
3541 3957
4785 1814
6769 5318
4569 1691
4032 3064
5237 1982
4603 5036
6443 6197
5842 3498
3434 586
2134 3598
1322 1448
2900 6261
4649 6647
5007 1037
1738 5773
2585 4997
5191 6442
6607 3186
246 5143
1423 3703
6806 3746
911 5526
4902 679
2448 5856
584 5934
3105 896
4104 4250
1583 2705
2518 1254
2156 4850
5242 4359
6392 1043
443 6609
2501 4883
2950 4168
462 6350
6657 1248
157 260
5638 2283
1570 1421
4792 5353
1271 2388
4276 4451
169 3308
4455 2724
3893 6590
3015 2529
5677 3177
694 2918
6157 6921
5008 2285
120 4429
831 5083
3567 5666
6917 4802
3083 2357
6201 538
4174 2512
2243 5704
1502 2567
703 2762
2274 5406
388 543
6345 2496
2310 3881
5224 6530
6356 5733
2171 3094
6577 4106
4403 6762
4556 1621
6453 1729
987 6570
5671 4535
4344 4462
2397 2126
4986 5324
3133 474
349 3001
6041 6046
1149 4236
1815 2750
4143 5244
542 654
2308 2802
1487 483
3776 1146
5243 6423
4757 6620
4160 420
1668 5750
4358 2954
1726 2416
5077 2767
212 2200
6428 6709
486 3315
6200 1633
293 145
4408 1339
1599 603
6308 6701
2330 2995
5531 1822
3394 854
2759 617
1347 647
4125 545
3472 3369
5222 3082
42 1809
3817 1393
3230 1904
3582 1784
2084 3226
857 6174
3224 963
19 528
5645 5062
2374 5307
5780 6487
4945 6561
5902 5221
4774 1087
3957 5056
1814 3589
5318 811
1691 5658
3064 6062
1982 1883
5036 1899
6197 4171
3498 2701
586 2341
3598 1785
1448 553
6261 4925
6647 6626
1037 1147
5773 3659
4997 4960
6442 5846
3186 4331
5143 3856
3703 6226
3746 3313
5526 5651
679 3242
5856 1825
5934 1520
896 4937
4250 4656
2705 6869
1254 2470
4850 4868
4359 1718
1043 3778
6609 4221
4883 989
4168 5180
6350 1540
1248 5876
260 1081
2283 6232
1421 3592
5353 3789
2388 1630
4451 4311
3308 5046
2724 2325
6590 1039
2529 3059
3177 6629
2918 5488
6921 793
2285 3458
4429 4965
5083 2091
5666 5079
4802 3124
2357 497
538 6289
2512 62
5704 2446
2567 1035
2762 5595
5406 5452
543 2722
2496 6835
3881 2504
6530 4218
5733 5682
3094 2913
4106 2657
6762 4755
1621 6491
1729 5662
6570 5118
4535 6233
4462 2440
2126 4279
5324 320
474 1615
3001 885
6046 6471
4236 1505
2750 6565
5244 2649
654 4452
2802 249
483 1975
1146 986
6423 5931
6620 853
420 1143
5750 5171
2954 1320
2416 1737
2767 4934
2200 2674
6709 2028
3315 4958
1633 5038
145 1946
1339 6382
603 3616
6701 6716
2995 2326
1822 511
854 6536
617 381
647 1038
545 5340
3369 6021
3082 851
1809 3184
1393 2375
1904 1189
1784 3593
3226 2494
6174 3418
963 4136
528 2260
5062 2885
5307 394
6487 1241
6561 2349
5221 345
1087 3166
5056 5815
3589 3907
811 3109
5658 69
6062 3788
1883 1787
1899 900
4171 1167
2701 1304
2341 5660
1785 1334
553 2777
4925 1302
6626 1708
1147 4659
3659 4905
4960 5625
5846 4457
4331 3950
3856 4612
6226 2660
3313 4980
5651 535
3242 5716
1825 5199
1520 2780
4937 934
4656 3101
6869 5576
2470 4763
4868 4013
1718 2261
3778 5782
4221 6802
989 3380
5180 2381
1540 3107
5876 5911
1081 5938
6232 1165
3592 6725
3789 351
1630 1973
4311 2300
5046 5844
2325 5331
1039 4832
3059 5347
6629 5120
5488 5947
793 1998
3458 1273
4965 6964
2091 4485
5079 6222
3124 4701
497 371
6289 2047
62 1171
2446 5257
1035 4309
5595 4976
5452 5689
2722 620
6835 6960
2504 5768
4218 5110
5682 3357
2913 1794
2657 1446
4755 4416
6491 539
5662 6234
5118 5453
6233 479
2440 5420
4279 1187
320 1077
1615 6890
885 435
6471 6194
1505 6901
6565 2544
2649 5226
4452 1303
249 3204
1975 3668
986 172
5931 3465
853 6327
1143 6424
5171 2061
1320 3128
1737 4130
4934 2454
2674 6394
2028 5373
4958 5476
5038 3022
1946 5502
6382 5843
3616 1781
6716 259
2326 4837
511 1139
6536 6199
381 3165
1038 5776
5340 3933
6021 2478
851 4482
3184 4085
2375 2668
1189 160
3593 1952
2494 392
3418 5722
4136 6078
2260 4717
2885 4410
394 3946
1241 2927
2349 2963
345 4122
3166 6044
5815 4018
3907 1177
3109 399
69 5969
3788 6249
1787 1169
900 4754
1167 3822
1304 6102
5660 2782
1334 1968
2777 4384
1302 5141
1708 5552
4659 5145
4905 1012
5625 4076
4457 5955
3950 2577
4612 780
2660 1530
4980 4490
535 5290
5716 5081
5199 1433
2780 1974
934 5718
3101 2026
5576 4646
4763 1351
4013 3986
2261 944
5782 1268
6802 3326
3380 1603
2381 878
3107 537
5911 5888
5938 2623
1165 365
6725 1578
351 3370
1973 1574
2300 4033
5844 5200
5331 139
4832 2923
5347 4847
5120 3706
5947 1408
1998 3355
1273 1021
6964 3421
4485 3612
6222 1790
4701 1329
371 6579
2047 646
1171 5461
5257 4376
4309 4691
4976 924
5689 2124
620 629
6960 2458
5768 4784
5110 4047
3357 6695
1794 1213
1446 859
4416 475
539 4069
6234 5577
5453 2161
479 4948
5420 143
1187 6258
1077 3739
6890 5967
435 3176
6194 5628
6901 185
2544 5386
5226 2737
1303 4932
3204 965
3668 6686
172 1939
3465 952
6327 6863
6424 3403
2061 2994
3128 4415
4130 6140
2454 1511
6394 938
5373 3378
5476 6421
3022 1988
5502 5723
5843 3663
1781 6362
259 2896
4837 6155
1139 3492
6199 5128
3165 4653
5776 4173
3933 4289
2478 4604
4482 328
4085 6335
2668 5028
160 3269
1952 5013
392 4254
5722 2564
6078 1331
4717 2693
4410 2099
3946 2534
2927 5802
2963 2569
4122 1310
6044 5276
4018 1839
1177 1661
399 1415
5969 4306
6249 4946
1169 6262
4754 6173
3822 3932
6102 2306
2782 3120
1968 6241
4384 3855
5141 1984
5552 4109
5145 6429
1012 819
4076 2832
5955 1618
2577 792
780 4827
1530 6749
4490 6473
5290 3831
5081 5389
1433 5727
1974 1965
5718 3039
2026 3496
4646 3638
1351 4187
3986 1288
944 4804
1268 1333
3326 997
1603 1863
878 470
537 5072
5888 6189
2623 492
365 958
1578 6129
3370 6167
1574 3691
4033 5371
5200 5196
139 1736
2923 2748
4847 4472
3706 1072
1408 613
3355 946
1021 4908
3421 123
3612 1184
1790 3735
1329 3774
6579 4882
646 252
5461 592
4376 5380
4691 4402
924 4880
2124 2765
629 72
2458 3427
4784 840
4047 5959
6695 2857
1213 3644
859 3517
475 4551
4069 573
5577 4093
2161 2343
4948 6005
143 4835
6258 3792
3739 839
5967 743
3176 3692
5628 3906
185 2029
5386 816
2737 3071
4932 2477
965 296
6686 6163
1939 6940
952 5964
6863 2576
3403 6805
2994 5018
4415 6126
6140 6789
1511 47
938 1611
3378 3544
6421 6098
1988 6555
5723 4859
3663 4786
6362 1563
2896 1099
6155 1018
3492 5328
5128 5148
4653 5267
4173 3155
4289 3129
4604 5282
328 4031
6335 2881
5028 907
3269 1285
5013 5721
4254 2407
2564 3520
1331 1405
2693 3870
2099 1612
2534 5504
5802 1821
2569 5068
1310 6386
5276 534
1839 2307
1661 6212
1415 4191
4306 3904
4946 4128
6262 2768
6173 752
3932 2595
2306 6796
3120 5765
6241 3561
3855 4233
1984 2255
4109 2868
6429 2830
819 1098
2832 3586
1618 6404
792 796
4827 3756
6749 1934
6473 4273
3831 552
5389 6042
5727 2789
1965 1862
3039 742
3496 4853
3638 5872
4187 6575
1288 6383
4804 233
1333 2953
997 4478
1863 767
470 4469
5072 2313
6189 1698
492 6210
958 4054
6129 3383
6167 5702
3691 1401
5371 2520
5196 2714
1736 1700
2748 2291
4472 429
1072 6092
613 5641
946 2776
4908 4252
123 6727
1184 1878
3735 3157
3774 3068
4882 2837
252 229
592 3875
5380 291
4402 6509
4880 6257
2765 3016
72 3411
3427 5410
840 4064
5959 4744
2857 782
3644 312
3517 4449
4551 1224
573 5417
4093 1779
2343 5450
6005 4436
4835 6623
3792 6437
839 6821
743 1523
3692 4023
3906 473
2029 3106
816 311
3071 3984
2477 6454
296 2877
6163 6539
6940 1867
5964 1059
2576 1108
6805 1221
5018 738
6126 3757
6789 1157
47 6315
1611 3234
3544 1120
6098 2344
6555 3915
4859 3449
4786 5336
1563 4439
1099 5194
1018 5792
5328 1506
5148 1648
5267 6767
3155 515
3129 5105
5282 2662
4031 4678
2881 2429
907 3156
1285 5016
5721 981
2407 2087
3520 5169
1405 2707
3870 2912
1612 1696
5504 6746
1821 4420
5068 800
6386 4640
534 5861
2307 5472
6212 2797
4191 517
3904 2665
4128 3139
2768 5736
752 1352
2595 4284
6796 6799
5765 3212
3561 1919
4233 6971
2255 2904
2868 2957
2830 3274
1098 297
3586 2903
6404 2229
796 4062
3756 4041
1934 863
4273 5
552 2302
6042 6498
2789 5213
1862 5426
742 4182
4853 4209
5872 375
6575 3670
6383 3939
233 4261
2953 3358
4478 401
767 1368
4469 6064
2313 6280
1698 1479
6210 3813
4054 6634
3383 4282
5702 183
1401 955
2520 5554
2714 4242
1700 5761
2291 2738
429 1850
6092 2238
5641 5979
2776 3891
4252 4383
6727 894
1878 1534
3157 305
3068 1569
2837 5944
229 5939
3875 49
291 6372
6509 5563
6257 4038
3016 6470
3411 2158
5410 4024
4064 262
4744 4150
782 1897
312 6340
4449 5173
1224 4498
5417 6661
1779 2931
5450 5249
4436 3214
6623 6542
6437 5482
6821 2974
1523 1325
4023 4964
473 1802
3106 6050
311 3228
3984 4364
6454 5099
2877 3179
6539 1004
1867 797
1059 4680
1108 803
1221 2127
738 1646
3757 5247
1157 1989
6315 5879
3234 6435
1120 2082
2344 6755
3915 5006
3449 1917
5336 6864
4439 1979
5194 34
5792 5880
1506 6859
1648 48
6767 2975
515 2471
5105 3753
2662 6010
4678 4586
2429 5473
3156 6215
5016 5187
981 5384
2087 39
5169 4815
2707 6681
2912 71
1696 649
6746 2069
4420 2220
800 354
4640 268
5861 6019
5472 1568
2797 5581
517 5212
2665 1515
3139 890
5736 1277
1352 1383
4284 3949
6799 5556
3212 2513
1919 6393
6971 2849
2904 6125
2957 4647
3274 2356
297 488
2903 5925
2229 1488
4062 181
4041 5129
863 2145
5 771
2302 6556
6498 5834
5213 245
5426 1055
4182 4370
4209 5225
375 1704
3670 409
3939 1210
4261 5153
3358 5439
401 2810
1368 931
6064 1501
6280 699
1479 4865
3813 6520
6634 2533
4282 749
183 5785
955 138
5554 607
4242 1546
5761 5305
2738 4686
1850 426
2238 1842
5979 1127
3891 3239
4383 1884
894 596
1534 4995
305 3092
1569 798
5944 6584
5939 1545
49 3566
6372 4072
5563 4386
4038 6588
6470 110
2158 1009
4024 3841
262 5430
4150 6378
1897 2936
6340 2071
5173 3061
4498 4652
6661 1947
2931 3290
5249 3642
3214 2157
6542 1640
5482 3535
2974 6506
1325 3661
4964 3078
1802 6162
6050 6751
3228 3218
4364 2670
5099 4511
3179 5442
1004 2826
797 4404
4680 3845
803 5289
2127 3282
1646 2538
5247 6339
1989 4465
5879 1892
6435 4920
2082 4164
6755 220
5006 913
1917 3072
6864 1357
1979 2784
34 3978
5880 2850
6859 5831
48 5929
2975 1111
2471 4878
3753 2924
6010 3660
4586 4720
5473 3009
6215 775
5187 6591
5384 4065
39 5787
4815 162
6681 4620
71 3927
649 333
2069 4019
2220 1258
354 1040
268 2541
6019 2004
1568 6633
5581 836
5212 4581
1515 2979
890 3588
1277 6084
1383 2333
3949 2190
5556 2977
2513 3707
6393 1051
2849 5369
6125 5698
4647 2679
2356 3201
488 1274
5925 1713
1488 551
181 820
5129 1060
2145 2080
771 4555
6556 6563
5834 2036
245 2133
1055 1844
4370 1771
5225 5800
1704 4793
409 1757
1210 5971
5153 6123
5439 1908
2810 2183
931 230
1501 3980
699 2140
4865 2278
6520 814
2533 1107
749 4058
5785 921
138 4211
607 2486
1546 1398
5305 2985
4686 6100
426 4063
1842 1795
1127 4051
3239 833
1884 2485
596 4423
4995 2094
3092 457
798 5869
6584 1590
1545 1901
3566 1068
4072 5953
4386 5680
6588 290
110 991
1009 2423
3841 5437
5430 3361
6378 3173
2936 4911
2071 6866
3061 3781
4652 4618
1947 326
3290 3578
3642 148
2157 3268
1640 903
3535 5524
6506 3628
3661 1026
3078 3486
6162 3916
6751 303
3218 2236
2670 6002
4511 6054
5442 1208
2826 4241
4404 2990
3845 5385
5289 6984
3282 5265
2538 4166
6339 3560
4465 5329
1892 5264
4920 3862
4164 5560
220 103
913 1455
3072 5798
1357 4052
2784 1071
3978 2314
2850 4580
5831 813
5929 280
1111 6534
4878 1663
2924 3801
3660 4096
4720 6795
3009 3196
775 4725
6591 4012
4065 2942
5787 6154
162 4037
4620 100
3927 5507
333 52
4019 4353
1258 2798
1040 4665
2541 2691
2004 5860
6633 415
836 2473
4581 1914
2979 872
3588 1436
6084 4165
2333 91
2190 5700
2977 1920
3707 3731
1051 3626
5369 6204
5698 1011
2679 1467
3201 3406
1274 6370
1713 1674
551 5284
820 3994
1060 6391
2080 163
4555 3938
6563 2118
2036 5951
2133 1360
1844 5840
1771 6908
5800 5122
4793 1010
1757 6353
5971 4739
6123 4308
1908 108
2183 1647
230 2725
3980 6025
2140 115
2278 190
814 1890
1107 4590
4058 6550
921 6654
4211 5395
2486 4541
1398 984
2985 4103
6100 5584
4063 4505
1795 3834
4051 5076
833 5447
2485 3632
4423 5590
2094 2292
457 1178
5869 3519
1590 6829
1901 201
1068 2946
5953 6252
5680 1868
290 5419
991 5404
2423 6710
5437 662
3361 2345
3173 5545
4911 2102
6866 6969
3781 2222
4618 2984
326 3743
3578 3752
148 739
3268 6546
903 4578
5524 6051
3628 5573
1026 1701
3486 5259
3916 6081
303 5603
2236 1941
6002 2418
6054 996
1208 6245
4241 765
2990 2353
5385 2875
6984 3317
5265 1090
4166 1875
3560 1658
5329 815
5264 6311
3862 128
5560 2119
103 5992
1455 3467
5798 3880
4052 1472
1071 3758
2314 4642
4580 1054
813 3382
280 770
6534 3966
1663 2540
3801 3469
4096 5759
6795 3909
3196 2366
4725 5820
4012 1016
2942 1005
6154 6963
4037 2834
100 3508
5507 3894
52 3713
4353 4565
2798 3055
4665 3928
2691 5816
5860 1628
415 6381
2473 837
1914 4071
872 4585
1436 3552
4165 1951
91 404
5700 4437
1920 540
3731 3468
3626 1367
6204 4734
1011 4463
1467 6786
3406 3347
6370 2673
1674 2855
5284 5358
3994 3808
6391 5683
163 5344
3938 5112
2118 1183
5951 1950
1360 5599
5840 5894
6908 5626
5122 6540
1010 6737
6353 5002
4739 4753
4308 3024
108 4657
1647 5117
2725 1239
6025 982
115 2489
190 1817
1890 4426
4590 2464
6550 6529
6654 3215
5395 3419
4541 142
984 4397
4103 3884
5584 585
4505 2114
3834 4770
5076 3606
5447 3319
3632 5396
5590 5401
2292 3062
1178 3100
3519 5875
6829 2387
201 3826
2946 3878
6252 4086
1868 4231
5419 5283
5404 5048
6710 678
662 2378
2345 4689
5545 1827
2102 3006
6969 5033
2222 5887
2984 1140
3743 672
3752 231
739 2394
6546 360
4578 2919
6051 4229
5573 3858
1701 5946
5259 1345
6081 4205
5603 4057
1941 3050
2418 2521
996 3047
6245 717
765 6600
2353 1598
2875 4424
3317 5746
1090 2040
1875 5398
1658 3424
815 6114
6311 4352
128 4635
2119 5293
5992 4255
3467 88
3880 298
1472 2757
3758 279
4642 4395
1054 433
3382 5731
770 4857
3966 6856
2540 2019
3469 3812
5759 6070
3909 6388
2366 2817
5820 5411
1016 6743
1005 4914
6963 6962
2834 2434
3508 4888
3894 1684
3713 4400
4565 3331
3055 6484
3928 6244
5816 5158
1628 556
6381 5724
837 2572
4071 3445
4585 6317
3552 5709
1951 3526
404 5368
4437 4679
540 4508
3468 843
1367 2108
4734 6979
4463 4330
6786 5693
3347 4992
2673 6803
2855 53
5358 2065
3808 3954
5683 1882
5344 623
5112 3892
1183 2801
1950 471
5599 3734
5894 6259
5626 4694
6540 4042
6737 1392
5002 2741
4753 1480
3024 1230
4657 1261
5117 1533
1239 5362
982 5015
2489 23
1817 189
4426 720
2464 866
6529 6270
3215 6499
3419 2112
142 4354
4397 3162
3884 1719
585 2417
2114 5687
4770 2970
3606 1316
3319 2709
5396 3802
5401 3018
3062 6218
3100 4207
5875 3836
2387 2579
3826 6632
3878 1382
4086 3965
4231 3585
5283 3793
5048 1402
678 5233
2378 3687
4689 3216
1827 3506
3006 4806
5033 6968
5887 6214
1140 1686
672 2508
231 3189
2394 868
360 6510
2919 6724
4229 701
3858 4807
5946 3485
1345 1767
4205 6692
4057 5580
3050 848
2521 4120
3047 379
717 81
6600 5537
1598 3948
4424 2535
5746 611
2040 6611
5398 1205
3424 3103
6114 302
4352 3702
4635 2642
5293 2400
4255 3937
88 6930
298 1958
2757 5631
279 4867
4395 4721
433 4077
5731 313
4857 3583
6856 6216
2019 340
3812 4476
6070 37
6388 2193
2817 2240
5411 1243
6743 5679
4914 2056
6962 977
2434 5164
4888 161
1684 6403
4400 4108
3331 6608
6484 4350
6244 1915
5158 3488
556 4113
5724 3130
2572 1761
3445 3990
6317 688
5709 901
3526 3443
5368 1519
4679 4146
4508 1044
843 6913
2108 5632
6979 5543
4330 3459
5693 1818
4992 4545
6803 2779
53 562
2065 1744
3954 4198
1882 7
623 20
3892 4632
2801 5383
471 5034
3734 242
6259 5930
4694 3335
4042 3371
1392 5091
2741 5533
1480 3766
1230 1049
1261 283
1533 4514
5362 226
5015 2916
23 3073
189 2295
720 6718
866 4487
6270 917
6499 6495
2112 5824
4354 3769
3162 6198
1719 1739
2417 450
5687 5375
2970 84
1316 510
2709 882
3802 709
3018 2906
6218 2692
4207 1443
3836 134
2579 683
6632 1251
1382 2297
3965 421
3585 6677
3793 2167
1402 671
5233 5807
3687 2386
3216 3321
3506 5470
4806 1504
6968 1229
6214 5448
1686 423
2508 5948
3189 2592
868 439
6510 3235
6724 695
701 3647
4807 5962
3485 3999
1767 1076
6692 3171
5580 4234
848 6538
4120 6148
379 4046
81 4999
5537 5549
3948 6554
2535 1793
611 422
6611 490
1205 146
3103 4431
302 6464
3702 51
2642 799
2400 2286
3937 3729
6930 632
1958 6763
5631 5090
4867 5799
4721 5024
4077 3328
313 6870
3583 6065
6216 6477
340 6830
4476 2472
37 3571
2193 6566
2240 9
1243 5905
5679 5067
2056 4633
977 5407
5164 448
161 6911
6403 5177
4108 1115
6608 4780
4350 633
1915 4624
3488 6735
4113 6431
3130 6564
1761 271
3990 5443
688 4066
901 5262
3443 698
1519 5685
4146 14
1044 3525
6913 6630
5632 2488
5543 2068
3459 5029
1818 3700
4545 865
2779 2450
562 1318
1744 640
4198 1282
7 6057
20 217
4632 4644
5383 3246
5034 1662
242 6271
5930 1891
3335 5454
3371 4204
5091 2252
5533 4841
3766 850
1049 6488
283 2614
4514 3111
226 2628
2916 227
3073 1905
2295 1641
6718 1776
4487 6067
917 2372
6495 4812
5824 2175
3769 4074
6198 1227
1739 5376
450 3829
5375 3299
84 4172
510 2033
882 5597
709 2279
2906 6434
2692 3611
1443 6813
134 712
683 4531
1251 1132
2297 4004
421 3493
6677 5713
2167 223
671 3283
5807 2902
2386 1828
3321 6446
5470 2863
1504 936
1229 4950
5448 4193
423 1293
5948 5794
2592 5312
439 4394
3235 3806
695 1872
3647 2428
5962 5234
3999 2358
1076 2666
3171 5756
4234 2383
6538 2234
6148 2831
4046 4329
4999 5988
5549 1575
6554 6321
1793 6306
422 1363
490 4746
146 1650
4431 4418
6464 1066
51 2281
799 6599
2286 925
3729 5019
632 2582
6763 1430
5090 2267
5799 6113
5024 3288
3328 1803
6870 3696
6065 2756
6477 6760
6830 3402
2472 4268
3571 2392
6566 5432
9 5250
5905 4464
5067 5438
4633 463
5407 4663
448 2339
6911 1125
5177 744
1115 2531
4780 5900
633 2179
4624 817
6735 1743
6431 4230
6564 1589
271 787
5443 5082
4066 5296
5262 2016
698 5303
5685 5483
14 5427
3525 461
6630 1517
2488 3730
2068 5355
5029 1584
3700 5914
865 309
2450 6228
1318 6815
640 2130
1282 776
6057 4924
217 165
4644 1906
3246 2648
1662 3442
6271 6299
1891 2558
5454 624
4204 2842
2252 6782
4841 6784
850 6927
6488 3140
2614 453
3111 4927
2628 753
227 6095
1905 5923
1641 76
1776 2062
6067 6083
2372 1159
4812 3225
2175 2874
4074 4510
1227 1179
5376 1560
3829 6910
3299 2981
4172 935
2033 5241
5597 680
2279 626
6434 6248
3611 6461
6813 6176
712 6187
4531 1925
1132 2917
4004 4157
3493 2982
5713 5272
223 382
3283 6519
2902 1181
1828 5529
6446 5589
2863 887
936 3532
4950 6180
4193 3060
1293 6684
5794 5634
5312 61
4394 2230
3806 4609
1872 3385
2428 1308
5234 6448
2358 529
2666 1420
5756 612
2383 4090
2234 2633
2831 2593
4329 2248
5988 2447
1575 5349
6321 5596
6306 1510
1363 3650
4746 1292
1650 3462
4418 3715
1066 4667
2281 2980
6599 4259
925 5579
5019 3512
2582 3441
1430 3595
2267 5697
6113 6594
3288 4524
1803 1683
3696 1660
2756 5273
6760 5210
3402 4181
4268 6678
2392 5423
5432 2398
5250 5500
4464 4141
5438 1587
463 1541
4663 6816
2339 1664
1125 2713
744 3399
2531 4298
5900 5804
2179 3333
817 4718
1743 3828
4230 6980
1589 2952
787 5220
5082 5997
5296 6946
2016 2317
5303 5251
5483 5408
5427 310
461 3624
1517 272
3730 1702
5355 4944
1584 6596
5914 4700
309 5881
6228 2298
6815 4503
2130 464
776 3408
4924 6293
165 4375
1906 5952
2648 4343
3442 6422
6299 1312
2558 2783
624 3771
2842 1877
6782 2377
6784 5345
6927 5462
3140 4327
453 4840
4927 5348
753 4645
6095 6562
5923 5901
76 2443
2062 1764
6083 2293
1159 6207
3225 635
2874 2672
4510 5883
1179 4608
1560 4943
6910 6730
2981 3522
935 1354
5241 4017
680 619
626 2273
6248 1256
6461 3152
6176 6693
6187 6880
1925 5152
2917 531
4157 3509
2982 714
5272 3549
382 895
6519 4711
1181 6223
5529 6852
5589 6319
887 3190
3532 1240
6180 1896
3060 3334
6684 5737
5634 4430
61 1121
2230 2008
4609 5487
3385 826
1308 5219
6448 3803
529 5239
1420 3379
612 3046
4090 2348
2633 2067
2593 2424
2248 3697
2447 4528
5349 4710
5596 1447
1510 2373
3650 3613
1292 873
3462 2149
3715 4447
4667 2715
2980 6974
4259 5788
5579 5607
3512 2604
3441 5882
3595 3077
5697 1935
6594 3053
4524 4560
1683 4270
1660 4339
5273 2064
5210 4672
4181 2700
6678 6274
5423 5078
2398 4869
5500 4513
4141 348
1587 3027
1541 6895
6816 4713
1664 1289
2713 432
3399 5968
4298 3621
5804 6459
3333 4775
4718 5010
3828 5095
6980 1445
2952 4699
5220 5940
5997 6365
6946 727
2317 4861
5251 2057
5408 6981
310 274
3624 3375
272 4274
1702 3483
4944 1649
6596 1746
4700 3773
5881 1903
2298 4091
4503 6646
464 4872
3408 5167
6293 5160
4375 5865
5952 4073
4343 2182
6422 5397
1312 1804
2783 3058
3771 3351
1877 729
2377 6939
5345 761
5462 232
4327 6627
4840 6415
5348 5591
4645 2188
6562 2401
5901 1413
2443 1379
1764 1153
2293 3117
6207 5890
635 2180
2672 2809
5883 5357
4608 4393
4943 1102
6730 779
3522 2871
1354 2734
4017 5428
619 666
2273 21
1256 1652
3152 2839
6693 1395
6880 304
5152 4500
531 5762
3509 3183
714 2305
3549 6597
895 5326
4711 3085
6223 3431
6852 2696
6319 5154
3190 4480
1240 127
1896 3236
3334 3450
5737 3521
4430 4167
1121 6246
2008 781
5487 2987
826 3505
5219 264
3803 3968
5239 4095
3379 2010
3046 3348
2348 659
2067 4028
2424 4836
3697 6219
4528 4080
4710 1204
1447 4610
2373 6977
3613 2329
873 627
2149 1449
4447 941
2715 2663
6974 4371
5788 416
5607 5654
2604 3677
5882 4756
3077 674
1935 5692
3053 111
4560 4262
4270 686
4339 1791
2064 1564
4672 441
2700 126
6274 1798
5078 5639
4869 4314
4513 4320
348 240
3027 4267
6895 5092
4713 4294
1289 211
432 5725
5968 5413
3621 1916
6459 3846
4775 6405
5010 5558
5095 2319
1445 182
4699 6526
5940 6897
6365 6239
727 1341
4861 5536
2057 5479
6981 1330
274 5506
3375 2020
4274 5370
3483 3737
1649 942
1746 3695
3773 3664
1903 1387
4091 6535
6646 5136
4872 4592
5167 4021
5160 2202
5865 1537
4073 6649
2182 3785
5397 3281
1804 4029
3058 2131
3351 347
729 1870
6939 1232
761 1431
232 5739
6627 2687
6415 2412
5591 3631
2188 4628
2401 1094
1413 4712
1379 2301
1153 2103
3117 583
5890 16
2180 4522
2809 6777
5357 5037
4393 95
1102 117
779 5514
2871 2409
2734 4153
5428 1985
666 3676
21 5932
1652 2270
2839 5862
1395 6043
304 5286
4500 2911
5762 676
3183 5818
2305 188
6597 4179
5326 5086
3085 4481
3431 1869
2696 301
5154 6436
4480 5578
127 5833
3236 1128
3450 6314
3521 4544
4167 3174
6246 6412
781 5288
2987 2578
3505 4849
264 5075
3968 1234
4095 1571
2010 2216
3348 681
659 1353
4028 5915
4836 1512
6219 398
4080 3413
1204 3952
4610 5714
6977 6305
2329 1969
627 6892
1449 436
941 5414
2663 1466
4371 846
416 3473
5654 1116
3677 3484
4756 4059
674 6583
5692 6117
111 2728
4262 4765
686 4707
1791 3365
1564 6254
441 1830
126 6116
1798 1557
5639 4626
4314 5451
4320 332
240 4152
4267 6108
5092 4913
4294 6475
211 4526
5725 2519
5413 764
1916 4613
3846 6440
6405 6284
5558 2038
2319 4889
182 3643
6526 6713
6897 4183
6239 4377
1341 6582
5536 4049
5479 4641
1330 1762
5506 2323
2020 1373
5370 881
3737 3209
942 3821
3695 3934
3664 5106
1387 3262
6535 5011
5136 4668
4592 5107
4021 2532
2202 4194
1537 795
6649 548
3785 1340
3281 4940
4029 3918
2131 6300
347 5575
1870 1190
1232 193
1431 4101
5739 4307
2687 3540
2412 3871
3631 3772
4628 414
1094 3049
4712 3945
2301 2856
2103 6467
583 4133
16 6748
4522 6587
6777 2962
5037 700
95 4966
117 2808
5514 116
2409 1885
4153 2077
1985 3555
3676 2384
5932 3527
2270 3678
5862 3390
6043 6416
5286 6276
2911 3102
676 1397
5818 1886
188 27
4179 6242
5086 2710
4481 3116
1869 6900
301 1690
6436 3551
5578 1745
5833 3187
1128 3783
6314 5755
4544 2194
3174 6031
6412 4651
5288 314
2578 2769
4849 1461
5075 2825
1234 1168
1571 4919
2216 3141
681 1255
1353 2359
5915 2276
1512 4838
398 1376
3413 6395
3952 1976
5714 6975
6305 5538
1969 916
6892 5852
436 3630
5414 4879
1466 5564
846 105
3473 6318
1116 4434
3484 4082
4059 922
6583 4567
6117 6613
2728 4892
4765 4159
4707 4517
3365 3944
6254 1000
1830 3694
6116 883
1557 3146
4626 1366
5451 1645
332 2250
4152 3863
6108 2469
4913 3161
6475 6567
4526 338
2519 5868
764 758
4613 3084
6440 1938
6284 1
2038 856
4889 4325
3643 4016
6713 2864
4183 4722
4377 2515
6582 3921
4049 1456
4641 204
1762 3241
2323 6267
1373 149
881 3786
3209 80
3821 2878
3934 5610
5106 1876
3262 3279
5011 3193
4668 4921
5107 5521
2532 2018
4194 6153
795 4674
548 6951
1340 3530
4940 5050
3918 588
6300 802
5575 1509
1190 3681
193 3393
4101 3797
4307 4131
3540 5863
3871 719
3772 6715
414 1953
3049 2744
3945 6094
2856 2910
6467 6278
4133 6235
6748 119
6587 6503
2962 4203
700 498
4966 4552
2808 2271
116 998
1885 5017
2077 783
3555 4411
2384 168
3527 2162
3678 5751
3390 323
6416 5989
6276 6463
3102 3362
1397 1788
1886 2022
27 2368
6242 1112
2710 4737
3116 3259
6900 5977
1690 2021
3551 4854
1745 4347
3187 2847
3783 1845
5755 2956
2194 4147
6031 6355
4651 2079
314 3869
2769 4899
1461 4088
2825 1724
1168 3705
4919 4295
3141 32
1255 2740
2359 5444
2276 253
4838 5672
1376 4951
6395 4573
1976 2452
6975 2704
5538 6694
916 2117
5852 356
3630 2943
4879 4119
5564 4939
105 5115
6318 5271
4434 29
4082 3286
922 4891
4567 3926
6613 5530
4892 6407
4159 4982
4517 191
3944 6618
1000 3113
3694 3608
883 1948
3146 6137
1366 5302
1645 2506
2250 1486
3863 2510
2469 4040
3161 4873
6567 1131
338 1542
5868 2622
758 6330
3084 216
1938 133
1 1728
856 5071
4325 2419
4016 3487
2864 2342
4722 3444
2515 1521
3921 2480
1456 6455
204 5547
3241 3742
6267 3363
149 910
3786 1606
80 5542
2878 5874
5610 4596
1876 3953
3279 4075
3193 1122
4921 2335
5521 2678
2018 476
6153 4349
4674 4981
6951 3816
3530 601
5050 1231
588 5227
802 648
1509 5003
3681 101
3393 1162
3797 2703
4131 757
5863 1755
719 2
6715 5943
1953 2781
2744 1409
6094 446
2910 2150
6278 370
6235 1930
119 5826
6503 1042
4203 3194
498 1634
4552 3935
2271 6109
998 1404
5017 4597
783 2852
4411 1921
168 6985
2162 2940
5751 5829
323 2433
5989 6687
6463 2169
3362 1769
1788 1581
2022 4144
2368 3755
1112 6907
4737 6875
3259 3761
5977 1154
2021 2566
4854 3392
4347 2340
2847 2634
1845 2277
2956 4442
4147 6812
6355 3040
2079 5779
3869 4433
4899 5240
4088 3453
1724 3964
3705 5027
4295 1007
32 411
2740 98
5444 6426
253 5849
5672 844
4951 199
4573 3587
2452 2876
2704 4738
6694 6310
2117 3653
356 4473
2943 5619
4119 5055
4939 82
5115 5983
5271 339
29 1463
3286 4709
4891 2420
3926 4797
5530 5209
6407 4151
4982 1841
191 5137
6618 3710
3113 159
3608 933
1948 5555
6137 3350
5302 835
2506 2770
1486 5624
2510 2795
4040 2503
4873 2841
1131 2602
1542 4762
2622 2573
6330 1250
216 2322
133 3972
1728 5532
5071 1959
2419 6485
3487 6765
2342 4894
3444 6770
1521 5763
2480 1070
6455 3507
5547 5098
3742 6928
3363 6146
910 6549
1606 4605
5542 4027
5874 4278
4596 1694
3953 4030
4075 6387
1122 3254
2335 897
2678 205
476 5636
4349 2009
4981 3143
3816 4918
601 3825
1231 4342
5227 5795
648 3367
5003 424
101 3686
1162 5321
2703 6595
757 1944
1755 2109
2 5561
5943 5986
2781 5621
1409 822
446 580
2150 4373
370 2110
1930 1600
5826 389
1042 3397
3194 4729
1634 3967
3935 3961
6109 2616
1404 1174
4597 171
2852 152
1921 5814
6985 35
2940 1987
5829 2872
2433 953
6687 5418
2169 3738
