9437
2232 4011
2232 7299
2232 3932
4011 2188
4011 8605
7299 5377
3932 7266
2188 240
8605 1737
8605 4224
8605 9039
5377 1055
5377 1545
5377 6849
7266 4769
240 6639
1737 1074
1737 1650
1737 361
4224 3980
4224 3682
4224 4608
9039 2343
9039 6059
9039 1563
1055 661
1055 6108
1545 5964
1545 3431
6849 1482
4769 3001
6639 4700
6639 6247
6639 8987
1074 1355
1650 7183
1650 9041
361 8178
3980 4048
3980 1748
3682 4018
3682 7340
3682 9315
4608 881
2343 8836
2343 7491
2343 5366
6059 5035
1563 4725
661 8919
661 314
661 5597
6108 6269
6108 7397
5964 5050
5964 8246
5964 3386
3431 4777
3431 7526
1482 6206
1482 2195
3001 2498
3001 4838
3001 8292
4700 2374
6247 486
6247 8389
8987 412
8987 3287
8987 2858
1355 7854
1355 7861
7183 8155
9041 5362
8178 5691
8178 9091
4048 1862
1748 4316
1748 434
4018 29
7340 7941
9315 6929
881 9379
881 278
8836 4331
8836 1800
7491 4638
5366 7828
5366 9147
5035 7170
5035 2241
4725 8756
8919 1135
8919 9326
314 5099
5597 1404
5597 4236
6269 3989
6269 3758
7397 3096
5050 1787
8246 1004
8246 4476
3386 8005
3386 2968
4777 7720
4777 2248
7526 935
7526 4162
6206 4989
2195 5920
2195 4773
2498 4439
2498 7222
4838 1288
4838 3897
8292 2650
8292 6303
2374 8056
486 8725
486 5634
8389 2006
8389 9211
412 4106
3287 6513
2858 654
7854 622
7861 2749
8155 1138
5362 7906
5691 478
9091 7782
1862 5561
4316 8041
434 8563
29 6815
7941 3582
6929 5881
9379 1477
278 3033
4331 8830
1800 1549
4638 8187
7828 7126
9147 2950
7170 2002
2241 2806
8756 7074
1135 2404
9326 3064
5099 2822
1404 7050
4236 3948
3989 4914
3758 7533
3096 8209
1787 3019
1004 3199
4476 7775
8005 6693
2968 4176
7720 7545
2248 9090
935 4209
4162 7245
4989 6395
5920 7111
4773 2620
4439 593
7222 6311
1288 4550
3897 2525
2650 2764
6303 3289
8056 4524
8725 8900
5634 7115
2006 6365
9211 8652
4106 5954
6513 4246
654 1795
622 3022
2749 3270
1138 8000
7906 665
478 2735
7782 6234
5561 5746
8041 7164
8563 7171
6815 7472
3582 5833
5881 7267
1477 8489
3033 16
8830 2578
1549 5944
8187 8534
7126 4464
2950 2143
2002 1485
2806 9412
7074 5370
2404 1073
3064 5551
2822 3849
7050 6084
3948 7461
4914 7712
7533 7516
8209 8922
3019 8140
3199 293
7775 803
6693 7308
4176 6530
7545 8731
9090 3076
4209 805
7245 2523
6395 8294
7111 2638
2620 3904
593 7493
6311 856
4550 7718
2525 7896
2764 3206
3289 3071
4524 6281
8900 1445
7115 1647
6365 680
8652 8926
5954 5417
4246 6273
1795 8257
3022 5599
3270 8148
8000 7868
665 7228
2735 7039
6234 4366
5746 5866
7164 6426
7171 4157
7472 8585
5833 7671
7267 3753
8489 3241
16 6663
2578 5432
5944 60
8534 3716
4464 5353
2143 2668
1485 9425
9412 7241
5370 3886
1073 2347
5551 2534
3849 4468
6084 1762
7461 7090
7712 6043
7516 648
8922 761
8140 2960
293 716
803 7018
7308 7239
6530 8629
8731 2556
3076 230
805 4214
2523 2996
8294 4084
2638 570
3904 405
7493 6798
856 4115
7718 1918
7896 1292
3206 8894
3071 5200
6281 5697
1445 731
1647 1356
680 39
8926 7373
5417 1347
6273 6631
8257 6870
5599 5699
8148 4887
7868 1502
7228 3908
7039 5117
4366 6899
5866 9396
6426 1686
4157 6755
8585 5748
7671 4835
3753 6165
3241 2047
6663 355
5432 4790
60 244
3716 7914
5353 2283
2668 6152
9425 9186
7241 5996
3886 1687
2347 1409
2534 7137
4468 7660
1762 7710
7090 5758
6043 6035
648 3445
761 7485
2960 5364
716 6401
7018 7922
7239 4286
8629 1195
2556 5919
230 4045
4214 3839
2996 8075
4084 342
570 2366
405 2684
6798 6007
4115 5683
1918 6322
1292 6369
8894 1260
5200 8532
5697 3857
731 2435
1356 2804
39 2109
7373 1186
1347 7539
6631 3349
6870 1413
5699 8147
4887 186
1502 336
3908 8869
5117 6379
6899 605
9396 6167
1686 1159
6755 2250
5748 3985
4835 8572
6165 8416
2047 5491
355 4581
4790 6863
244 3266
7914 7527
2283 3280
6152 1148
9186 3847
5996 6324
1687 7961
1409 1553
7137 1267
7660 6723
7710 4716
5758 8447
6035 5007
3445 7735
7485 4003
5364 3469
6401 6465
7922 8062
4286 6053
1195 5473
5919 1729
4045 9202
3839 6649
8075 6444
342 1069
2366 5468
2684 2276
6007 8317
5683 4992
6322 7206
6369 7554
1260 6066
8532 5805
3857 4529
2435 4871
2804 6754
2109 3718
1186 2537
7539 7044
3349 1987
1413 6772
8147 7752
186 6173
336 5832
8869 4904
6379 6441
605 9281
6167 7103
1159 3141
2250 7626
3985 3741
8572 3962
8416 8612
5491 6257
4581 8969
6863 6111
3266 228
7527 3455
3280 4196
1148 7302
3847 4119
6324 4265
7961 2728
1553 7127
1267 4552
6723 8040
4716 5791
8447 7738
5007 1296
7735 930
4003 5812
3469 2788
6465 1436
8062 9280
6053 515
5473 3027
1729 9042
9202 7981
6649 2416
6444 2557
1069 1140
5468 2187
2276 773
8317 7066
4992 878
7206 4398
7554 5102
6066 6028
5805 8948
4529 903
4871 3618
6754 8080
3718 6200
2537 8154
7044 2541
1987 1668
6772 1732
7752 4288
6173 2444
5832 5979
4904 8527
6441 9244
9281 591
7103 4154
3141 1331
7626 6797
3741 2
3962 9354
8612 6449
6257 7984
8969 7679
6111 4509
228 827
3455 3493
4196 8952
7302 9025
4119 4127
4265 4310
2728 7760
7127 5119
4552 3245
8040 4570
5791 1207
7738 7463
1296 4798
930 4996
5812 5570
2788 875
1436 1977
9280 3895
515 566
3027 902
9042 7064
7981 6168
2416 4809
2557 135
1140 2057
2187 2247
773 8770
7066 2049
878 23
4398 4626
5102 2783
6028 5457
8948 7850
903 6953
3618 1747
8080 9345
6200 21
8154 2502
2541 2833
1668 4788
1732 14
4288 6840
2444 345
5979 2482
8527 6443
9244 6858
591 6690
4154 8610
1331 2875
6797 3740
2 4759
9354 2530
6449 5666
7984 9002
7679 1855
4509 6320
827 582
3493 9378
8952 52
9025 6604
4127 2290
4310 3960
7760 2368
5119 7951
3245 8281
4570 407
1207 1518
7463 1782
4798 5892
4996 3110
5570 7581
875 1310
1977 9384
3895 7784
566 382
902 7869
7064 6439
6168 5778
4809 638
135 3387
2057 4315
2247 8428
8770 3000
2049 4368
23 3123
4626 1952
2783 3823
5457 7921
7850 7215
6953 2304
1747 328
9345 7773
21 2572
2502 4703
2833 5900
4788 4745
14 7112
6840 3707
345 33
2482 5484
6443 341
6858 5751
6690 6827
8610 83
2875 4000
3740 2453
4759 8048
2530 6941
5666 7556
9002 1107
1855 7398
6320 6891
582 5143
9378 554
52 5822
6604 2455
2290 6777
3960 7196
2368 7311
7951 934
8281 4442
407 9106
1518 4732
1782 3872
5892 1421
3110 2395
7581 3525
1310 2292
9384 5548
7784 2418
382 4873
7869 2697
6439 5654
5778 6596
638 1603
3387 7685
4315 4291
8428 7570
3000 4734
4368 1817
3123 3035
1952 3806
3823 6559
7921 7174
7215 5350
2304 8674
328 4226
7773 3179
2572 2000
4703 7879
5900 892
4745 4707
7112 2289
3707 1593
33 6090
5484 4302
341 3853
5751 3401
6827 7558
83 6628
4000 2303
2453 1170
8048 9223
6941 3174
7556 1942
1107 3504
7398 7628
6891 3874
5143 5615
554 7915
5822 8625
2455 317
6777 5173
7196 3156
7311 1042
934 5792
4442 1089
9106 2327
4732 4994
3872 681
1421 5471
2395 1290
3525 688
2292 1604
5548 6434
2418 7548
4873 5581
2697 858
5654 1694
6596 318
1603 3404
7685 2349
4291 4144
7570 6373
4734 6947
1817 4342
3035 3929
3806 1805
6559 3782
7174 3108
5350 8558
8674 7324
4226 8703
3179 5930
2000 9180
7879 2727
892 1021
4707 3085
2289 5169
1593 9112
6090 2740
4302 8898
3853 6737
3401 9302
7558 8036
6628 381
2303 7793
1170 8450
9223 371
3174 8333
1942 456
3504 8549
7628 2989
3874 7939
5615 6018
7915 7119
8625 306
317 7041
5173 8136
3156 2796
1042 5074
5792 8104
1089 4441
2327 5293
4994 491
681 2191
5471 2867
1290 5779
688 2881
1604 1665
6434 5814
7548 3693
5581 4016
858 6852
1694 8565
318 5765
3404 3801
2349 7945
4144 1755
6373 8109
6947 4973
4342 7310
3929 8949
1805 1242
3782 5670
3108 1689
8558 7322
7324 3567
8703 7236
5930 7088
9180 7794
2727 6480
1021 1077
3085 666
5169 7263
9112 1185
2740 1742
8898 4085
6737 2091
9302 1965
8036 8924
381 3935
7793 8405
8450 4216
371 87
8333 1306
456 7027
8549 1033
2989 2694
7939 4590
6018 6488
7119 1772
306 2379
7041 6813
8136 4205
2796 5315
5074 4230
8104 6085
4441 7017
5293 4252
491 3552
2191 7514
2867 1258
5779 6667
2881 3468
1665 3966
5814 6446
3693 4554
4016 3454
6852 907
8565 5456
5765 3795
3801 9036
7945 7469
1755 8819
8109 1275
4973 9231
7310 4101
8949 4282
1242 8800
5670 5783
1689 3046
7322 5020
3567 7465
7236 9040
7088 2527
7794 1813
6480 8968
1077 7232
666 6041
7263 5644
1185 6049
1742 886
4085 4111
2091 5218
1965 5638
8924 4188
3935 5624
8405 8742
4216 1162
87 1749
1306 6742
7027 5103
1033 8723
2694 6550
4590 8589
6488 1612
1772 8650
2379 9365
6813 446
4205 6980
5315 153
4230 7406
6085 5734
7017 2576
4252 4484
3552 707
7514 5399
1258 8473
6667 7912
3468 3533
3966 5707
6446 9320
4554 5024
3454 3340
907 4060
5456 6552
3795 4717
9036 9414
7469 6268
8819 8862
1275 3256
9231 1385
4101 5545
4282 4892
8800 4167
5783 191
3046 4565
5020 4345
7465 3274
9040 7230
2527 3172
1813 4746
8968 3680
7232 311
6041 4379
5644 3127
6049 4976
886 462
4111 2606
5218 7291
5638 7863
4188 506
5624 6029
8742 2771
1162 4078
1749 7974
6742 9094
5103 334
8723 3177
6550 7611
8589 53
1612 3442
8650 672
9365 8272
446 2176
6980 3566
153 5936
7406 9217
5734 9404
2576 4542
4484 1935
707 6853
5399 4616
8473 7691
7912 7645
3533 8153
5707 5495
9320 6977
5024 5032
3340 299
4060 6931
6552 7220
4717 4467
9414 9047
6268 6036
8862 4108
3256 7662
1385 5195
5545 7920
4892 5946
4167 4585
191 2041
4565 6729
4345 9172
3274 4886
7230 7325
3172 5016
4746 3757
3680 2317
311 5411
4379 8556
3127 536
4976 3712
462 8754
2606 1793
7291 1698
7863 1865
506 4786
6029 9141
2771 590
4078 7923
7974 7046
9094 4374
334 2371
3177 2745
7611 3942
53 6549
3442 6149
672 1830
8272 575
2176 7124
3566 8580
5936 986
9217 6225
9404 2507
4542 2681
1935 8366
6853 7715
4616 2376
7691 5688
7645 759
8153 7845
5495 7980
6977 2259
5032 2689
299 5645
6931 1543
7220 8616
4467 8850
9047 3038
6036 8063
4108 1091
7662 8537
5195 852
7920 7148
5946 1899
4585 5710
2041 3708
6729 1954
9172 7656
4886 1728
7325 5569
5016 9109
3757 7136
2317 8009
5411 8721
8556 3870
536 5754
3712 4117
8754 4323
1793 9028
1698 7704
1865 312
4786 9067
9141 8492
590 7908
7923 7392
7046 5363
4374 963
2371 8183
2745 2196
3942 3851
6549 6987
6149 1517
1830 3957
575 5902
7124 5560
8580 4427
986 1453
6225 4478
2507 6096
2681 8430
8366 5584
7715 8729
2376 7272
5688 480
759 6544
7845 5616
7980 5031
2259 7259
2689 6459
5645 7841
1543 3565
8616 4223
8850 5781
3038 3439
8063 6077
1091 5105
8537 2918
852 8130
7148 500
1899 3563
5710 8167
3708 7059
1954 966
7656 3093
1728 9360
5569 4169
9109 6239
7136 8690
8009 6113
8721 121
3870 4050
5754 11
4117 1056
4323 1127
9028 4010
7704 1326
312 4448
9067 6202
8492 5106
7908 7999
7392 4174
5363 2602
963 1807
8183 1736
2196 6651
3851 4884
6987 8792
1517 6793
3957 5965
5902 6833
5560 6031
4427 6192
1453 3296
4478 766
6096 2126
8430 3170
5584 8192
8729 1164
7272 7368
480 6522
6544 8632
5616 2850
5031 4894
7259 8236
6459 9272
7841 3645
3565 8198
4223 6570
5781 4667
3439 7618
6077 8604
5105 3211
2918 7651
8130 3655
500 8237
3563 6136
8167 3202
7059 692
966 1690
3093 1430
9360 7663
4169 8935
6239 8087
8690 3512
6113 3032
121 3077
4050 9154
11 8205
1056 6614
1127 7800
4010 1059
1326 5559
4448 1544
6202 5404
5106 5639
7999 9008
4174 7562
2602 3339
1807 7603
1736 2423
6651 774
4884 5515
8792 5215
6793 2043
5965 4942
6833 4594
6031 5555
6192 7009
3296 6901
766 4438
2126 1864
3170 4676
8192 3562
1164 4518
7368 8633
6522 5455
8632 3063
2850 1776
4894 2321
8236 2970
9272 5335
3645 460
8198 9023
6570 6599
4667 7034
7618 4768
8604 736
3211 7729
7651 2313
3655 6491
8237 2238
6136 2443
3202 5442
692 1342
1690 5312
1430 1333
7663 1216
8935 5974
8087 5085
3512 6157
3032 3601
3077 8981
9154 610
8205 6054
6614 8083
7800 5533
1059 4575
5559 6940
1544 778
5404 861
5639 4020
9008 1867
7562 510
3339 2515
7603 8411
2423 7900
774 3081
5515 8467
5215 8688
2043 6532
4942 3528
4594 4689
5555 8419
7009 6619
6901 2947
4438 5717
1864 3762
4676 3984
3562 823
4518 6983
8633 236
5455 5995
3063 8022
1776 2335
2321 8074
2970 8567
5335 6466
460 296
9023 7583
6599 1401
7034 1848
4768 3558
736 3428
7729 6316
2313 7817
6491 1676
2238 5828
2443 671
5442 1658
1342 4334
5312 3190
1333 6104
1216 4485
5974 4251
5085 620
6157 609
3601 190
8981 5092
610 7907
6054 5696
8083 5329
5533 9305
4575 6128
6940 8618
778 4481
861 2296
4020 2678
1867 7876
510 2633
2515 1280
8411 1845
7900 1877
3081 6999
8467 4544
8688 3075
6532 4749
3528 6180
4689 5258
8419 461
6619 7462
2947 5266
5717 7495
3762 2427
3984 4908
823 1852
6983 3679
236 829
5995 6834
8022 822
2335 1461
8074 3350
8567 3364
6466 3830
296 8903
7583 8386
1401 5821
1848 9051
3558 1579
3428 2344
6316 2834
7817 49
1676 4620
5828 304
671 6304
1658 2655
4334 2924
3190 6726
6104 6547
4485 828
4251 883
620 1533
609 3573
190 8047
5092 3082
7907 7331
5696 5989
5329 6698
9305 9303
6128 4211
8618 1691
4481 4934
2296 6291
2678 910
7876 6305
2633 9307
1280 4277
1845 2056
1877 3395
6999 8456
4544 9392
3075 7317
4749 8311
6180 6642
5258 960
461 4584
7462 2439
5266 4142
7495 3945
2427 1193
4908 2516
1852 7069
3679 1496
829 3119
6834 5420
822 6368
1461 1872
3350 6586
3364 3013
3830 541
8903 1589
8386 3091
5821 6660
9051 854
1579 3253
2344 2161
2834 7930
49 7394
4620 7023
304 7604
6304 6832
2655 3973
2924 3083
6726 5441
6547 8883
828 5868
883 6896
1533 6854
3573 1113
8047 9103
3082 1847
7331 7464
5989 2540
6698 1911
9303 5096
4211 8404
1691 2871
4934 5512
6291 780
910 3421
6305 3020
9307 2245
4277 7596
2056 7011
3395 1338
8456 4229
9392 2158
7317 1873
8311 4876
6642 7571
960 489
4584 6633
2439 8462
4142 8274
3945 1704
1193 7552
2516 315
7069 8999
1496 3376
3119 2861
5420 1172
6368 7140
1872 5138
6586 5247
3013 3459
541 938
1589 5137
3091 1774
6660 3834
854 51
3253 4827
2161 6493
7930 7247
7394 2941
7023 4499
7604 2415
6832 147
3973 1324
3083 7917
5441 243
8883 7899
5868 4691
6896 1751
6854 9017
1113 1973
9103 5331
1847 4984
7464 6534
2540 6151
1911 2570
5096 8259
8404 950
2871 9228
5512 207
780 8794
3421 8322
3020 600
2245 6050
7596 2636
7011 4955
1338 1180
4229 6494
2158 129
1873 8121
4876 7128
7571 2340
489 8390
6633 2086
8462 5062
8274 2981
1704 6156
7552 1332
315 8664
8999 8502
3376 2212
2861 1045
1172 1312
7140 6502
5138 7501
5247 7687
3459 7122
938 3992
5137 5879
1774 1964
3834 8199
51 1386
4827 7655
6493 6492
7247 6010
2941 7575
4499 6868
2415 5478
147 2076
1324 6195
7917 2755
243 323
7899 5567
4691 6677
1751 7294
9017 2388
1973 9278
5331 6145
4984 3937
6534 9366
6151 6699
2570 5678
8259 1501
950 4983
9228 608
207 5234
8794 7672
8322 1910
600 5724
6050 7173
2636 2113
4955 8891
1180 999
6494 4851
129 8631
8121 8856
7128 7006
2340 8221
8390 4257
2086 8851
5062 7204
2981 4333
6156 4046
1332 1682
8664 2698
8502 4830
2212 3568
1045 5206
1312 537
6502 7445
7501 4673
7687 5782
7122 4744
3992 5033
5879 7460
1964 7925
8199 8789
1386 7827
7655 4405
6492 7561
6010 3658
7575 9082
6868 5682
5478 696
2076 3862
6195 5127
2755 2801
323 9119
5567 5222
6677 8715
7294 781
2388 3361
9278 1599
6145 9200
3937 4457
9366 750
6699 8677
5678 8230
1501 4979
4983 6675
608 6988
5234 717
7672 8066
1910 1096
5724 1443
7173 3896
2113 915
8891 4945
999 1598
4851 850
8631 106
8856 6963
7006 6668
8221 7274
4257 5557
8851 5407
7204 3078
4333 2413
4046 2285
1682 6876
2698 1721
4830 3040
3568 3117
5206 3375
537 2900
7445 8437
4673 1780
5782 9126
4744 7957
5033 6538
7460 7787
7925 1555
8789 8144
7827 6482
4405 5023
7561 8931
3658 482
9082 7903
5682 1904
696 1168
3862 6405
5127 7476
2801 6847
9119 8134
5222 9243
8715 836
781 2831
3361 9022
1599 928
9200 1596
4457 127
750 134
8677 7541
8230 313
4979 2790
6675 2205
6988 6093
717 3561
8066 4314
1096 1147
1443 9383
3896 2646
915 2599
4945 983
1598 3572
850 771
106 9057
6963 73
6668 1365
7274 5040
5557 5015
5407 3852
3078 9361
2413 2370
2285 158
6876 1274
1721 6141
3040 8659
3117 5327
3375 451
2900 3216
8437 5300
1780 7002
9126 9197
7957 2402
6538 5039
7787 5848
1555 6428
8144 8269
6482 9321
5023 1378
8931 8216
482 6015
7903 2066
1904 3136
1168 4694
6405 8864
7476 5509
6847 356
8134 8943
9243 2573
836 3972
2831 8345
9022 1480
928 9219
1596 4963
127 4093
134 5680
7541 1022
313 9387
2790 2099
2205 1098
6093 2140
3561 1297
4314 9372
1147 7698
9383 5929
2646 6966
2599 770
983 2286
3572 7843
771 1471
9057 551
73 6477
1365 6051
5040 1250
5015 6606
3852 225
9361 5648
2370 6394
158 658
1274 6722
6141 200
8659 2856
5327 289
451 3473
3216 3037
5300 3307
7002 7097
9197 1438
2402 4180
5039 2422
5848 2165
6428 2998
8269 1254
9321 8171
1378 4625
8216 4804
6015 3352
2066 8203
3136 6648
4694 6091
8864 1182
5509 4367
356 5151
8943 2229
2573 8685
3972 1978
8345 5025
1480 4487
9219 3926
4963 6194
4093 2382
5680 9358
1022 8158
9387 2157
2099 7579
1098 3114
2140 3738
1297 2471
9372 3138
7698 2342
5929 8097
6966 6309
770 1981
2286 6911
7843 1031
1471 6673
551 379
6477 4006
6051 995
1250 6587
6606 9312
225 7165
5648 5328
6394 870
658 4712
6722 1442
200 560
2856 5343
289 7872
3473 3317
3037 7947
3307 4139
7097 8767
1438 1875
4180 1532
2422 6889
2165 6351
2998 4075
1254 8332
8171 8682
4625 6658
4804 4477
3352 9436
8203 3303
6648 8090
6091 2102
1182 1279
4367 3163
5151 9138
2229 4132
8685 2087
1978 2159
5025 2784
4487 8571
3926 7831
6194 8693
2382 8304
9358 5224
8158 4392
2157 2967
7579 5101
3114 1481
3738 7
2471 6382
3138 9407
2342 2938
8097 4007
6309 6285
1981 6562
6911 1565
1031 7193
6673 5002
379 5199
4006 7803
995 523
6587 36
9312 2508
7165 7062
5328 1979
870 9355
4712 645
1442 2937
560 7886
5343 5076
7872 4384
3317 6098
7947 4925
4139 2653
8767 8200
1875 6811
1532 7837
6889 6047
6351 4260
4075 5806
8332 7010
8682 3041
6658 5477
4477 1916
9436 3843
3303 7844
8090 6498
2102 7860
1279 6563
3163 9130
9138 8590
4132 5319
2087 1408
2159 5895
2784 7589
8571 8289
7831 6790
8693 4662
8304 7085
5224 6627
4392 845
2967 8099
5101 1313
1481 4168
7 7745
6382 3736
9407 4461
2938 2766
4007 3786
6285 5257
6562 4417
1565 7286
7193 8902
5002 8793
5199 1053
7803 5451
523 4834
36 8619
2508 4541
7062 4350
1979 904
9355 176
645 9181
2937 5251
7886 3515
5076 1878
4384 657
6098 9286
4925 5093
2653 581
8200 8551
6811 4053
7837 1498
6047 110
4260 324
5806 8566
7010 3783
3041 2868
5477 8293
1916 887
3843 7421
7844 7061
6498 9432
7860 4217
6563 3273
9130 8954
8590 1293
5319 4332
1408 2928
5895 2401
7589 571
8289 3465
6790 4309
4662 954
7085 4185
6627 7789
845 7404
8099 547
1313 5596
4168 8504
7745 496
3736 3508
4461 748
2766 2778
3786 1181
5257 8979
4417 1547
7286 8202
8902 8588
8793 57
1053 1783
5451 457
4834 4579
8619 1046
4541 5924
4350 1715
904 469
176 2318
9181 8809
5251 6674
3515 7701
1878 8515
657 4344
9286 5993
5093 8072
581 8392
8551 3049
4053 3611
1498 4353
110 6773
324 7940
8566 7093
3783 4043
2868 3922
8293 5454
887 5159
7421 4250
7061 2562
9432 1218
4217 8783
3273 713
8954 5216
1293 7158
4332 3991
2928 4627
2401 2696
571 6483
3465 8231
4309 7372
954 1395
4185 7883
7789 5635
7404 976
547 5842
5596 2129
8504 9120
496 7911
3508 1373
748 6352
2778 8791
1181 7806
8979 1424
1547 8595
8202 2604
8588 4693
57 2542
1783 3892
457 1633
4579 6950
1046 1949
5924 2462
1715 7424
469 3765
2318 5262
8809 6299
6674 5302
7701 6514
8515 7297
4344 6074
5993 5583
8072 5980
8392 4711
3049 8709
3611 2194
4353 1857
6773 9074
7940 1884
7093 4121
4043 7807
3922 4823
5454 2964
5159 4911
4250 210
2562 2952
1218 7434
8783 2216
713 8533
5216 375
7158 2291
3991 5338
4627 5523
2696 1761
6483 7256
8231 4682
7372 5766
1395 6806
7883 7075
5635 5019
976 8837
5842 5053
2129 449
9120 5091
7911 1675
1373 6355
6352 1710
8791 722
7806 8379
1424 2826
8595 2262
2604 7498
4693 5522
2542 7225
3892 1802
1633 8436
6950 5737
1949 1028
2462 7902
7424 498
3765 1231
5262 4104
6299 1049
5302 2151
6514 6228
7297 5008
6074 9293
5583 2299
5980 2454
4711 5378
8709 6184
2194 2616
1857 4055
9074 1514
1884 2660
4121 4447
7807 2632
4823 3542
2964 3229
4911 9232
210 2032
2952 4338
7434 231
2216 2391
8533 1758
375 4516
2291 1407
5338 3246
5523 1613
1761 4972
7256 7608
4682 4666
5766 168
6806 2879
7075 4846
5019 2564
8837 9417
5053 8465
449 550
5091 1161
1675 1752
6355 8568
1710 1735
722 8945
8379 3257
2826 8861
2262 2845
7498 1459
5522 1937
7225 2634
1802 8620
8436 7970
5737 7282
1028 9150
7902 4574
498 8732
1231 4202
4104 7693
1049 6932
2151 1814
6228 8053
5008 2664
9293 1
2299 5190
2454 7175
5378 6485
6184 6478
2616 4165
4055 5194
1514 7380
2660 8055
4447 871
2632 4269
3542 4360
3229 2600
9232 2797
2032 1125
4338 4497
231 1767
2391 9350
1758 2118
4516 2148
1407 912
3246 6040
1613 1926
4972 9344
7608 3384
4666 5662
168 497
2879 2988
4846 150
2564 6761
9417 170
8465 3681
550 3031
1161 4877
1752 4547
8568 7468
1735 9203
8945 4757
3257 3751
8861 517
2845 8448
1459 4882
1937 4164
2634 5413
8620 3074
7970 3597
7282 9216
9150 9395
4574 8085
8732 32
4202 350
7693 5303
6932 8643
1814 1712
8053 3104
2664 2769
1 484
5190 2273
7175 5193
6485 3651
6478 9318
4165 7982
5194 3898
7380 1836
8055 7252
871 5048
4269 8656
4360 7454
2600 2282
2797 298
1125 6271
4497 3133
1767 5058
9350 4032
2118 8748
2148 4681
912 4895
6040 6389
1926 246
9344 1104
3384 3463
5662 138
497 9230
2988 2744
150 817
6761 5494
170 2777
3681 917
3031 174
4877 2156
4547 3466
7468 519
9203 417
4757 847
3751 2934
517 1034
8448 925
4882 5905
4164 8494
5413 2897
3074 2488
3597 7620
9216 1846
9395 8019
8085 5475
32 5373
350 6620
5303 1727
8643 1896
1712 1051
3104 2706
2769 3739
484 6506
2273 8010
5193 8967
3651 2085
9318 4137
7982 5518
3898 4429
1836 7277
7252 8909
5048 739
8656 708
7454 4001
2282 3506
298 6107
6271 466
3133 2746
5058 1169
4032 807
8748 6607
4681 4146
4895 9240
6389 415
246 1382
1104 7892
3463 4306
138 6332
9230 990
2744 7994
817 8442
5494 2802
2777 4097
917 7722
174 7065
2156 76
3466 9335
519 6612
417 9277
847 2916
2934 5052
1034 9336
925 6634
5905 7042
8494 5824
2897 8888
2488 9184
7620 641
1846 5764
8019 141
5475 8426
5373 4347
6620 1850
1727 6531
1896 7293
1051 3231
2706 7226
3739 8813
6506 5733
8010 205
8967 2130
2085 2198
4137 6258
5518 3149
4429 2586
7277 1103
8909 6774
739 8983
708 7572
4001 2110
3506 7998
6107 4220
466 1849
2746 6781
1169 494
807 454
6607 6347
4146 8240
9240 7393
415 2407
1382 343
7892 6366
4306 468
6332 7661
990 3168
7994 1435
8442 4233
2802 868
4097 6745
7722 6448
7065 6841
76 2249
9335 2044
6612 1601
9277 4195
2916 2625
5052 2830
9336 4767
6634 8372
7042 5447
5824 9193
8888 6275
9184 7542
641 5322
5764 7726
141 5676
8426 3659
4347 3407
1850 4044
6531 2308
7293 3829
3231 2127
7226 5674
8813 6750
5733 1720
205 8653
2130 4330
2198 4079
6258 6251
3149 1488
2586 1221
1103 8410
6774 3372
8983 4655
7572 4243
2110 4190
7998 7045
4220 1411
1849 3810
6781 8020
494 542
454 4382
6347 8422
8240 5263
7393 1067
2407 513
343 1907
6366 6205
468 3767
7661 6656
3168 8890
1435 7741
4233 7095
868 5295
6745 6593
6448 1173
6841 3451
2249 4923
2044 1238
1601 1353
4195 5274
2625 8939
2830 7926
4767 2637
8372 5849
5447 7770
9193 68
6275 8201
7542 1013
5322 2629
7726 6331
5676 7508
3659 8613
3407 8710
4044 7455
2308 3958
3829 1298
2127 8433
5674 7636
6750 4802
1720 6903
8653 165
4330 4266
4079 3794
6251 3165
1488 1801
1221 6307
8410 6451
3372 6089
4655 1389
4243 2373
4190 2390
7045 7172
1411 3928
3810 7690
8020 3825
542 6169
4382 3646
8422 8531
5263 7014
1067 2254
513 1788
1907 8006
6205 3446
3767 5182
6656 5006
8890 1568
7741 6762
7095 7836
5295 2222
6593 623
1173 7977
3451 8348
4923 2770
1238 968
1353 6825
5274 5647
8939 4066
7926 9102
2637 632
5849 8252
7770 5971
68 8466
8201 8928
1013 3656
2629 5836
6331 465
7508 5090
8613 7262
8710 476
7455 4074
3958 175
1298 4783
8433 1116
7636 3951
4802 3006
6903 257
165 4087
4266 5170
3794 577
3165 2213
1801 7650
6307 8488
6451 1230
6089 8662
1389 9031
2373 2983
2390 3368
7172 3224
3928 6238
7690 2360
3825 7934
6169 9205
3646 2112
8531 1398
7014 7082
2254 344
1788 1272
8006 7746
3446 5994
5182 6769
5006 8487
1568 1912
6762 2155
7836 4557
2222 7874
623 2092
7977 4910
8348 8740
2770 2180
968 4068
6825 335
5647 1080
4066 4571
9102 3520
632 4789
8252 1833
5971 9255
8466 6063
8928 4727
3656 3721
5836 9055
465 5439
5090 4960
7262 4998
476 4637
4074 595
175 3484
4783 4522
1116 7582
3951 4865
3006 2013
257 4283
4087 2209
5170 3467
577 4829
2213 9128
7650 7496
8488 5896
1230 7822
8662 4661
9031 5075
2983 7809
3368 331
3224 7788
6238 1336
2360 8224
7934 6617
9205 3333
2112 4258
1398 1998
7082 4063
344 6921
1272 7227
7746 9016
5994 8194
6769 9105
8487 7966
1912 6172
2155 7283
4557 8455
7874 1143
2092 5453
4910 6380
8740 1950
2180 798
4068 3909
335 408
1080 5325
4571 8708
3520 4495
4789 2715
1833 1146
9255 1039
6063 2346
4727 2786
3721 8120
9055 2647
5439 4506
4960 9289
4998 7983
4637 2141
595 4082
3484 6780
4522 8374
7582 4107
4865 249
2013 4356
4283 2389
2209 7379
3467 3903
4829 9269
9128 4434
7496 611
5896 5332
7822 6178
4661 5788
5075 6161
7809 4451
331 9306
7788 9035
1336 261
8224 1939
6617 6828
3333 8672
4258 6629
1998 5140
4063 2551
6921 8135
7227 2436
9016 2098
8194 5284
9105 248
7966 253
6172 2330
7283 6560
8455 5686
1143 6955
5453 295
6380 5629
1950 453
798 8273
3909 8761
408 835
5325 3036
8708 1638
4495 2995
2715 6681
1146 4340
1039 2882
2346 2106
2786 4194
8120 6082
2647 5022
4506 6147
9289 1118
7983 2601
2141 2207
4082 2365
6780 8726
8374 5511
4107 2547
249 8738
4356 6700
2389 2692
7379 7973
3903 2613
9269 5118
4434 1151
611 2785
5332 683
6178 74
5788 8849
6161 914
4451 2814
9306 8696
9035 5767
261 485
1939 6626
6828 215
8672 5463
6629 8796
5140 1197
2551 2747
8135 6079
2436 6615
2098 2757
5284 1418
248 6751
253 6765
2330 9196
6560 8480
5686 1132
6955 1160
295 7723
5629 7913
453 7524
8273 3285
8761 58
835 3589
3036 6224
1638 4531
2995 3436
6681 4839
4340 71
2882 4595
2106 867
4194 6359
6082 6214
5022 7962
6147 120
1118 5790
2601 9161
2207 9239
2365 5267
8726 8713
5511 214
2547 1574
8738 5798
6700 6457
2692 5793
7973 258
2613 9229
5118 700
1151 1152
2785 1623
683 6420
74 7928
8849 8897
914 4818
2814 1099
8696 1384
5767 4696
485 8268
6626 5704
215 9079
5463 4090
8796 3541
1197 5243
2747 673
6079 6546
6615 6744
2757 7664
1418 6078
6751 1890
6765 6661
9196 2891
8480 9019
1132 2083
1160 5757
7723 8139
7913 8407
7524 3072
3285 8472
58 7702
3589 2333
6224 6835
4531 8111
3436 5005
4839 4793
71 7411
4595 8355
867 637
6359 4500
6214 9169
7962 2758
120 3201
5790 2297
9161 7070
9239 5256
5267 5306
8713 4981
214 7576
1574 1363
5798 1319
6457 2010
5793 1174
258 5144
9229 8463
700 7395
1152 6657
1623 4049
6420 6865
7928 4373
8897 4311
4818 5774
1099 4081
1384 5693
4696 4025
8268 650
5704 7281
9079 2358
4090 1610
3541 3109
5243 3024
673 3615
6546 8128
6744 4352
7664 4096
6078 4880
1890 5001
6661 4785
2891 2504
9019 2267
2083 2277
5757 2058
8139 703
8407 5065
3072 4071
8472 8290
7702 7327
2333 2096
6835 2543
8111 7992
5005 3393
4793 288
7411 9151
8355 2133
637 4701
4500 8511
9169 277
2758 1198
3201 4898
2297 7366
7070 1437
5256 1975
5306 6424
4981 7408
7576 7670
1363 3461
1319 6001
2010 6962
1174 5711
5144 59
8463 8636
7395 5770
6657 8151
4049 8267
6865 8957
4373 7357
4311 6529
5774 5925
4081 2329
5693 3400
4025 7612
650 5440
7281 7132
2358 2486
1610 5673
3109 3055
3024 7052
3615 9182
8128 1905
4352 4421
4096 6376
4880 8172
5001 2183
4785 9
2504 189
2267 3523
2277 3405
2058 1065
703 6086
5065 9333
4071 5752
8290 4431
7327 2353
2096 9080
2543 9003
7992 436
3393 7049
288 7993
9151 3978
2133 6643
4701 2994
8511 8068
277 5631
1198 6595
4898 122
7366 8401
1437 3547
1975 9259
6424 2258
7408 4762
7670 6718
3461 5041
6001 5381
6962 6736
5711 442
59 4740
8636 3275
5770 4425
8151 98
8267 7550
8957 8737
7357 4753
6529 1944
5925 4388
2329 811
3400 151
7612 1109
5440 6735
7132 9027
2486 3434
5673 942
3055 1016
7052 8757
9182 2275
1905 4037
4421 979
6376 6115
8172 8587
2183 3377
9 9110
189 4905
3523 8647
3405 7790
1065 263
6086 3113
9333 1628
5752 2137
4431 5912
2353 3866
9080 6683
9003 744
436 1806
7049 4532
7993 4474
3978 4775
6643 4151
2994 4856
8068 1913
5631 4997
6595 8854
122 4128
8401 4153
3547 7739
9259 3067
2258 4504
4762 307
6718 9069
5041 4772
5381 2406
6736 8853
442 3742
4740 7595
3275 5460
4425 10
98 4414
7550 4971
8737 2027
4753 3519
1944 8975
4388 163
811 4803
151 9114
1109 1484
6735 8601
9027 1632
3434 5121
942 8459
1016 2903
8757 262
2275 3171
4037 8105
979 8996
6115 5834
8587 4730
3377 4072
9110 108
4905 7292
8647 2554
7790 5731
263 6249
3113 8536
1628 5450
2137 4558
5912 5095
3866 6397
6683 3255
744 6235
1806 1105
4532 543
4474 2429
4775 7025
4151 9129
4856 8262
1913 8586
4997 5500
8854 1934
4128 7954
4153 3699
7739 967
3067 20
4504 3811
307 5493
9069 9415
4772 7335
2406 9104
8853 5161
3742 146
7595 8222
5460 284
10 269
4414 1895
4971 2840
2027 7667
3519 6805
8975 5250
163 5299
4803 3238
9114 4844
1484 5945
8601 1253
1632 6301
5121 4535
8459 1014
2903 440
262 4799
3171 7895
8105 7959
8996 1081
5834 2701
4730 3720
4072 5054
108 7871
7292 5383
2554 5426
5731 5211
6249 7358
8536 4807
5450 8695
4558 1576
5095 5706
6397 7067
3255 2078
6235 8079
1105 4163
543 4411
2429 3487
7025 4116
9129 4534
8262 6385
8586 8663
5500 4597
1934 8253
7954 1620
3699 8763
967 6590
20 6809
3811 3088
5493 4171
9415 4390
7335 5162
9104 2420
5161 844
146 5816
8222 3695
284 9137
269 391
1895 6069
2840 8886
7667 2848
6805 4320
5250 5465
5299 2667
3238 4445
4844 5446
5945 4577
1253 6527
6301 1468
4535 1057
1014 3731
440 8535
4799 3612
7895 3840
7959 4820
1081 8892
2701 3394
3720 6197
5054 8483
7871 1010
5383 490
5426 7688
5211 394
7358 3414
4807 7437
8695 8238
1576 8971
5706 2729
7067 5187
2078 1541
8079 6345
4163 5213
4411 7251
3487 6632
4116 8784
4534 3706
6385 819
8663 4536
4597 8615
8253 4129
1620 9143
8763 62
6590 4471
6809 4622
3088 8834
4171 6630
4390 7799
5162 5212
2420 5572
844 6598
5816 1285
3695 5808
9137 3702
391 8573
6069 1412
8886 4801
2848 4926
4320 4731
5465 8400
2667 6023
4445 3441
5446 3122
4577 7096
6527 639
1468 7305
1057 8358
3731 4652
8535 2775
3612 6329
3840 7474
4820 2450
8892 7637
3394 6390
6197 5603
8483 445
1010 4183
490 6541
7688 5490
394 8181
3414 3631
7437 8177
8238 169
8971 1465
2729 78
5187 3106
1541 1815
6345 6989
5213 784
7251 8655
6632 3153
8784 1777
3706 6276
819 1988
4536 3889
8615 5385
4129 2393
9143 5176
62 7563
4471 8175
4622 1515
8834 1358
6630 5483
7799 8621
5212 4482
5572 4375
6598 8686
1285 3057
5808 5320
3702 9424
8573 6081
1412 437
4801 8960
4926 203
4731 9054
8400 5826
6023 349
3441 8342
3122 1534
7096 5345
639 6357
7305 8689
8358 791
4652 7821
2775 3302
6329 2828
7474 8029
2450 2842
7637 4782
6390 1530
5603 5825
445 7652
4183 1029
6541 4015
5490 2438
8181 2271
3631 1706
8177 8893
169 5799
1465 4197
78 5720
3106 4686
1815 3696
6989 5542
784 1344
8655 7181
3153 5408
1777 8245
6276 3140
1988 6060
3889 1457
5385 8076
2393 8962
5176 8711
7563 4915
8175 7740
1515 7362
1358 1646
5483 268
8621 6421
4482 3812
4375 830
8686 711
3057 2816
5320 7249
9424 6704
6081 4437
437 7732
8960 6561
203 7689
9054 4665
5826 695
349 7043
8342 5768
1534 9390
5345 1685
6357 3861
8689 2669
791 8490
7821 556
3302 7091
2828 5876
8029 5743
2842 8658
4782 1155
1530 3129
5825 2088
7652 3209
1029 7073
4015 3882
2438 8824
2271 5927
1706 294
8893 2319
5799 1996
4197 4995
5720 5445
4686 7315
3696 8944
5542 8127
1344 8004
7181 5958
5408 1328
8245 7721
3140 5874
6060 6608
1457 7513
8076 8409
8962 1000
8711 9093
4915 4348
7740 3240
7362 431
1646 697
268 578
6421 2651
3812 6518
830 3426
711 9419
2816 5759
7249 7696
6704 4737
4437 1339
7732 5088
6561 3327
7689 4218
4665 2432
695 6664
7043 9085
5768 6417
9390 3759
1685 8539
3861 7121
2669 5957
8490 6568
556 8915
7091 3120
5876 3724
5743 9323
8658 7151
1155 8989
3129 923
2088 7487
3209 7592
7073 3623
3882 7413
8824 2477
5927 1311
294 3534
2319 6893
1996 6313
4995 1637
5445 1811
7315 6807
8944 5167
8127 7857
8004 1133
5958 6196
1328 7072
7721 1531
5874 6556
6608 5021
7513 8649
8409 1672
1000 4899
9093 5281
4348 8094
3240 5384
431 1670
697 8817
578 3613
2651 9325
6518 8394
3426 2973
9419 2121
5759 8297
7696 1131
4737 6794
1339 6819
5088 8874
3327 561
4218 2252
2432 3636
6664 7149
9085 2876
6417 4492
3759 1883
8539 3633
7121 6372
5957 3144
6568 2018
8915 9170
3120 8417
3724 3952
9323 8143
7151 3142
8989 1115
923 5210
7487 9208
7592 1829
3623 6433
7413 5278
2477 6523
1311 5448
3534 8052
6893 2711
6313 4928
1637 869
1811 104
6807 3320
5167 9050
7857 899
1133 132
6196 8634
7072 5978
1531 2237
6556 5198
5021 6679
8649 4950
1672 5865
4899 8110
5281 2703
8094 8378
5384 8963
1670 9026
8817 5371
3613 6504
9325 5517
8394 8284
2973 8235
2121 4002
8297 3575
1131 2555
6794 9399
6819 4569
8874 1885
561 5888
2252 3569
3636 1550
7149 3956
2876 406
4492 6528
1883 2693
3633 6581
6372 1609
3144 5479
2018 4944
9170 6680
8417 4301
3952 3544
8143 3701
3142 2889
1115 669
5210 7880
9208 3098
1829 6232
6433 8832
5278 7102
6523 3841
5448 6545
8052 843
2711 8364
4928 6613
869 6756
104 4743
3320 1688
9050 4750
899 2025
132 8671
8634 539
5978 1203
2237 6009
5198 8081
6679 3399
4950 2045
5865 4267
8110 37
2703 3391
8378 3634
8963 3026
9026 3450
5371 402
6504 7337
5517 2023
8284 1586
8235 5949
4002 6594
3575 9393
2555 2394
9399 5918
4569 3424
1885 6960
5888 6122
3569 8846
1550 2054
3956 5205
406 670
6528 8359
2693 944
6581 1882
1609 8624
5479 1419
4944 3975
6680 4383
4301 366
3544 3784
3701 851
2889 8857
669 348
7880 4900
3098 8970
6232 6867
8832 4253
7102 7214
3841 4433
6545 3661
843 1679
8364 4826
6613 2705
6756 824
4743 3550
1688 8310
4750 6515
2025 1564
8671 958
539 3551
1203 3338
6009 8982
8081 9258
3399 1552
2045 8371
4267 1284
37 148
3391 425
3634 1677
3026 2628
3450 4280
402 4483
7337 1843
2023 30
1586 9124
5949 5476
6594 3438
9393 3637
2394 5853
5918 2904
3424 3959
6960 1982
6122 4888
8846 302
2054 8340
5205 4891
670 5252
8359 8023
944 1790
1882 9149
8624 6764
1419 663
3975 4030
4383 5136
366 2627
3784 2990
851 4155
8857 99
348 9430
4900 4924
8970 8641
6867 2520
4253 3971
7214 6346
4433 4763
3661 6548
1679 8054
4826 1002
2705 5729
824 1536
3550 1394
8310 4019
6515 7470
1564 3934
958 3505
3551 9168
3338 6945
8982 2431
9258 3501
1552 8877
8371 252
1284 8805
148 2645
425 131
1677 2893
2628 7435
4280 4092
4483 6042
1843 4440
30 5141
9124 3890
5476 6280
3438 5928
3637 1252
5853 6133
2904 1111
3959 7621
1982 5773
4888 8584
302 2760
8340 2512
4891 2220
5252 3941
8023 1178
1790 2260
9149 2782
6764 6092
663 4985
4030 2756
5136 6974
2627 1560
2990 1102
4155 6222
99 9148
9430 3328
4924 7695
8641 3488
2520 6624
3971 1245
6346 8973
4763 1500
6548 6484
8054 2524
1002 8116
5729 8218
1536 633
1394 6398
4019 3673
7470 372
3934 961
3505 1158
9168 2181
6945 2311
2431 7391
3501 8122
8877 8882
252 4517
8805 162
2645 5586
131 2051
2893 9254
7435 8876
4092 7101
6042 2592
4440 9177
5141 3516
3890 7779
6280 1110
5928 3282
1252 2966
6133 4857
1111 2107
7621 3485
5773 8698
8584 377
2760 2927
2512 8228
2220 5291
3941 8998
1178 4592
2260 6388
2782 463
6092 2016
4985 3028
2756 206
6974 678
1560 5142
1102 7768
6222 1469
9148 6253
3328 8775
7695 3243
3488 5163
6624 1611
1245 653
8973 5820
1500 5352
6484 4312
2524 8362
8116 232
8218 5701
633 6260
6398 3877
3673 5580
372 6181
961 7569
1158 2363
2181 6375
2311 7865
7391 5909
8122 8668
8882 6193
4517 5437
162 4545
5586 1692
2051 111
9254 1450
8876 310
7101 9034
2592 5514
9177 4624
3516 7484
7779 7935
1110 4237
3282 367
2966 4556
4857 92
2107 4325
3485 4864
8698 4062
377 2702
2927 9175
8228 9389
5291 7830
8998 116
4592 5280
6388 5244
463 6747
2016 2590
3028 3865
206 5671
678 8640
5142 505
7768 4294
1469 1956
6253 7627
8775 4736
3243 409
5163 5547
1611 1786
653 5145
5820 2400
5352 6217
4312 9364
8362 4095
232 4354
5701 5915
6260 1090
3877 1277
5580 7731
6181 5414
7569 8913
2363 1380
6375 9420
7865 7250
5909 5180
8668 5847
6193 5796
5437 272
4545 1656
1692 6591
111 580
1450 7666
310 7237
9034 1994
5514 8375
4624 9049
7484 3827
7935 142
4237 933
367 2408
4556 1464
92 4619
4325 1567
4864 6323
4062 4376
2702 4156
9175 6638
9389 5196
7830 171
116 7483
5280 3858
5244 5540
6747 6817
2590 6302
3865 8474
5671 3406
8640 5677
505 7284
4294 9117
1956 6429
7627 5154
4736 1804
409 5401
5547 7471
1786 41
5145 6782
2400 4660
6217 5626
9364 5139
4095 7519
4354 2945
5915 2069
1090 7255
1277 4182
7731 2302
5414 9140
8913 3587
1380 996
9420 8602
7250 5297
5180 8839
5847 7503
5796 7668
272 758
1656 6964
6591 772
580 3927
7666 9257
7237 1825
1994 6512
8375 4256
9049 1791
3827 6800
142 1350
933 676
2408 5877
1464 1043
4619 614
1567 1701
6323 309
4376 1841
4156 5985
6638 8312
5196 6621
171 3210
7483 7125
3858 8899
5540 2355
6817 668
6302 6071
8474 3705
3406 1840
5677 5940
7284 7114
9117 6056
6429 4896
5154 8118
1804 213
5401 5397
7471 6135
41 2073
6782 8278
4660 7240
5626 5657
5139 2071
7519 1889
2945 1842
2069 8912
7255 4656
4182 8030
2302 2398
9140 4337
3587 1717
996 4435
8602 5055
5297 4086
8839 3418
7503 1320
7668 43
758 8363
6964 7370
772 4136
3927 4559
9257 3304
1825 1523
6512 3188
4256 5885
1791 1040
6800 40
1350 919
676 4901
5877 7949
1043 3103
614 1519
1701 1625
309 369
1841 7759
5985 9294
8312 4298
6621 2666
3210 5721
7125 8387
8899 7113
2355 7312
668 3899
6071 6689
3705 5967
1840 9260
5940 9191
7114 3416
6056 7089
4896 1602
8118 5712
213 4268
5397 8706
6135 8176
2073 6647
8278 552
7240 5532
5657 2962
2071 7400
1889 3262
1842 3675
8912 8798
4656 1345
8030 3002
2398 5069
4337 3061
1717 4639
4435 5134
5055 6231
4086 5797
3418 1615
1320 67
43 2877
8363 2499
7370 4776
4136 3366
4559 1391
3304 8942
1523 1379
3188 2580
5885 2898
1040 8241
40 8232
919 8067
4901 818
7949 292
3103 2652
1519 6230
1625 3555
369 7997
7759 7506
9294 1278
4298 8365
2666 7624
5721 8521
8387 3581
7113 9403
7312 4114
3899 7706
6689 6431
5967 6319
9260 3906
9191 2046
3416 6076
7089 2571
1602 5831
5712 9319
4268 330
8706 2324
8176 3480
6647 7363
552 1487
5532 2854
2962 7359
7400 3875
3262 4587
3675 1639
8798 430
1345 7022
3002 8597
5069 8260
3061 7744
4639 6866
5134 139
6231 3194
5797 2239
1615 6057
67 1199
2877 1605
2499 7109
4776 6696
3366 4274
1391 4653
8942 389
1379 6912
2580 4932
2898 1622
8241 3337
8232 1303
8067 8454
818 221
292 6016
2652 6934
6230 7574
3555 9195
7997 4027
7506 2699
1278 1823
8365 6927
7624 8845
8521 7159
3581 4657
9403 7030
4114 1569
7706 8468
6431 7497
6319 5976
3906 2772
2046 6882
6076 2193
2571 1924
5831 4416
9319 2878
330 7813
2324 4761
3480 3219
7363 359
1487 2544
2854 9134
7359 7500
3875 6055
4587 2026
1639 9152
430 8745
7022 6005
8597 4635
8260 303
7744 3576
6866 5858
139 5546
3194 9065
2239 2874
6057 3248
1199 3252
1605 3531
7109 123
6696 5898
4274 7157
4653 427
389 9282
6912 8204
4932 7375
1622 195
3337 5066
1303 2851
8454 8581
221 1943
6016 5430
6934 5513
7574 6229
9195 6073
4027 2116
2699 6437
1823 3503
6927 7321
8845 8691
7159 8673
4657 3921
7030 1960
1569 6006
8468 4134
7497 5034
5976 7453
2772 8391
6882 444
2193 56
1924 117
4416 8733
2878 5272
7813 3335
4761 6908
3219 4706
359 2473
2544 5467
9134 5862
7500 7238
6055 2853
2026 6374
9152 602
8745 3242
6005 7613
4635 2811
303 1644
3576 1900
5858 3640
5546 7134
9065 8251
2874 5270
3248 7842
3252 2665
3531 2090
123 1708
5898 4817
7157 8395
427 8744
9282 3158
8204 2513
7375 6543
195 6387
5066 5425
2851 2231
8581 4751
1943 4400
5430 9166
5513 8538
6229 4459
6073 687
2116 6984
6437 6859
3503 2074
7321 3162
8691 1019
8673 1088
3921 8169
1960 9107
6006 8829
4134 7224
5034 8157
7453 5000
8391 177
444 5497
56 2862
117 4423
8733 3250
5272 6558
3335 4588
6908 6930
4706 6034
2473 399
5467 3893
5862 9374
7238 5419
2853 3993
6374 1257
602 8751
3242 7971
7613 9038
2811 7528
1644 5827
1900 6792
3640 1432
7134 3931
8251 2577
5270 3070
7842 6646
2665 4235
2090 3474
1708 863
4817 7937
8395 2334
8744 8593
3158 7289
2513 3509
6543 6783
6387 4035
5425 2168
2231 5248
4751 5742
4400 8498
9166 6361
8538 6872
4459 8217
687 6344
6984 1030
6859 7918
2074 1959
3162 8997
1019 5113
1088 3491
8169 7350
9107 7053
8829 2751
7224 5942
8157 2397
5000 1215
177 2323
5497 197
2862 9253
4423 4005
3250 7762
6558 4589
4588 3526
6930 5694
6034 5405
399 9029
3893 1429
9374 426
5419 4669
3993 7384
1257 7617
8751 2980
7971 7881
9038 4124
7528 1352
5827 6425
6792 5229
1432 5685
3931 8842
2577 9171
3070 4641
6646 7258
4235 6943
3474 8609
863 5843
7937 799
2334 4110
8593 2417
7289 5851
3509 4219
6783 8921
4035 1266
2168 1932
5248 619
5742 1473
8498 8974
6361 3585
6872 2506
8217 7996
6344 3161
1030 4664
7918 3772
1959 3486
8997 1368
5113 667
3491 5823
7350 5613
7053 7648
2751 2483
5942 7448
2397 7270
1215 8579
2323 1211
197 4
9253 8697
4005 2514
7762 1126
4589 4781
3526 280
5694 7167
5405 4836
9029 649
1429 1901
426 8930
4669 3556
7384 3698
7617 4883
2980 157
7881 3489
4124 6119
1352 1157
6425 3994
5229 8286
5685 3039
8842 4560
9171 7473
4641 7028
7258 9225
6943 3008
8609 1175
5843 119
799 8778
4110 2823
2417 553
5851 2583
4219 1824
8921 2838
1266 2648
1932 5427
619 7401
1473 6004
8974 6103
3585 1460
2506 4952
7996 4293
3161 6739
4664 5627
3772 7673
3486 2128
1368 3664
667 5554
5823 7694
5613 9076
7648 2162
2483 4148
7448 1323
7270 1163
8579 7573
1211 7264
4 3380
8697 2649
2514 1086
1126 1456
4781 6499
280 7588
7167 2675
4836 8265
649 9386
1901 7795
8930 8377
3556 271
3698 4098
4883 3059
157 7727
3489 1444
6119 9283
1157 8820
3994 3118
8286 1697
3039 6472
4560 2172
7473 5044
7028 8795
9225 5482
3008 8758
1175 4726
119 4576
8778 7644
2823 8512
553 7517
2583 7452
1824 6438
2838 518
2648 5318
5427 814
7401 7536
6004 5188
6103 775
1460 6471
4952 5110
4293 6097
6739 5237
5627 7418
7673 433
2128 8162
3664 6600
5554 8681
7694 6469
9076 4546
2162 6917
4148 6771
1323 4462
1163 2235
7573 721
7264 2569
3380 6116
2649 3358
1086 3873
1456 6244
6499 1414
7588 6286
2675 4460
8265 6659
9386 6187
7795 4324
8377 1076
271 5147
4098 1106
3059 4419
7727 3654
1444 6236
9283 6129
8820 6666
3118 3329
1697 5911
6472 7632
2172 1061
5044 5246
8795 8993
5482 7316
8758 627
4726 2117
4576 617
7644 2759
8512 256
7517 7290
7452 2079
6438 6118
518 2810
5318 2933
814 5153
7536 4920
5188 5219
775 6048
6471 7438
5110 3577
6097 8828
5237 217
7418 254
433 8215
8162 3444
6600 1256
8681 2184
6469 3021
4546 2808
6917 3769
6771 2433
4462 6211
2235 6404
721 1770
2569 54
6116 128
3358 9072
3873 6672
6244 7909
1414 3744
6286 6685
4460 533
6659 4213
6187 4177
4324 492
1076 4881
5147 185
1106 396
4419 8248
3654 8617
6236 2004
6129 9380
6666 3844
3329 2730
5911 6186
7632 810
1061 2857
5246 9276
8993 6707
7316 5286
627 26
2117 3453
617 1505
2759 501
256 5183
7290 5249
2079 2922
6118 3856
2810 9071
2933 8471
5153 7988
4920 4629
5219 5844
6048 7725
7438 3261
3577 5290
8828 6159
217 7764
254 7383
8215 2211
3444 8991
1256 3047
2184 2186
3021 1947
2808 5499
3769 5760
2433 4982
6211 5428
6404 7607
1770 8415
54 1032
128 6308
9072 911
6672 3089
7909 145
3744 8482
6685 838
533 3545
4213 1587
4177 8112
492 7734
4881 2863
185 3258
396 5487
8248 7897
8617 4276
2004 4991
9380 8675
3844 2332
2730 8507
6186 1600
810 7654
2857 3930
9276 6821
6707 8129
5286 762
26 3126
3453 2768
1505 941
501 7585
5183 7191
5249 6139
2922 5236
3856 5
9071 6551
8471 1886
7988 1194
4629 6802
5844 3472
7725 3933
3261 94
5290 2873
6159 916
7764 8058
7383 1945
2211 5864
8991 5164
3047 3437
2186 7602
1947 955
5499 6027
5760 8506
4982 5120
5428 5966
7607 596
8415 7329
1032 8790
6308 4957
911 8045
3089 6770
145 3239
8482 6895
838 2351
3545 9187
1587 9212
8112 2448
7734 3128
2863 7019
3258 943
5487 1128
7897 3312
4276 6878
4991 3053
8675 937
2332 2375
8507 1881
1600 3115
7654 6701
3930 8582
6821 7441
8129 7629
762 3777
3126 8833
2768 2958
941 7754
7585 4845
7191 1190
6139 1240
5236 3781
5 1037
6551 3009
1886 3793
1194 5855
6802 6248
3472 6310
3933 5786
94 9226
2873 4610
916 1376
8058 5552
1945 2234
5864 3310
5164 5529
3437 714
7602 96
955 5436
6027 7482
8506 4321
5120 7160
5966 6453
596 35
7329 7024
8790 4303
4957 1228
8045 4426
6770 9242
3239 9405
6895 3850
2351 4644
9187 3713
9212 4530
2448 6936
3128 265
7019 6589
943 3688
1128 2082
3312 5901
6878 1072
3053 1696
937 4999
2375 3915
1881 7555
3115 4319
6701 7201
8582 5772
7441 3625
7629 3183
3777 4606
8833 7079
2958 4612
7754 192
4845 3244
1190 3913
1240 5947
3781 2872
1037 5675
3009 6026
3793 3413
5855 1083
6248 8884
6310 2354
5786 333
9226 5732
4610 435
1376 8424
5552 3578
2234 5279
3310 1018
5529 1425
714 4860
96 3411
5436 7557
7482 5628
4321 5982
7160 8866
6453 4758
35 1114
7024 9416
4303 1614
1228 291
4426 927
9242 2294
9405 1773
3850 7798
4644 4678
3713 8319
4530 9251
6936 2959
265 564
6589 6519
3688 2931
2082 3005
5901 2411
1072 5309
1696 5653
4999 6325
3915 6
7555 8479
4319 7743
7201 1781
5772 3513
3625 1189
3183 1108
4606 2865
7079 4491
4612 7812
192 1234
3244 8529
3913 4609
5947 2062
2872 6655
5675 8425
6026 4600
3413 5815
1083 6510
8884 3388
2354 2558
333 3817
5732 9218
435 149
8424 6012
3578 682
5279 6189
1018 209
1425 1581
4860 834
3411 2682
7557 88
5628 4513
5982 1664
8866 3193
4758 947
1114 4902
9416 9165
1614 5466
291 6137
927 3204
2294 7953
1773 6752
7798 7774
4678 8684
8319 8638
9251 2424
2959 6208
564 5845
6519 1635
2931 9167
3005 644
2411 5434
5309 2901
5653 5592
6325 5393
6 7190
8479 450
7743 8108
1781 6432
3513 2227
1189 8403
1108 7927
2865 531
4491 154
7812 3511
1234 4473
8529 8885
4609 4172
2062 3023
6655 2305
8425 7233
4600 3717
5815 143
6510 7547
3388 5082
2558 3609
3817 4031
9218 2615
149 839
6012 8724
682 3315
6189 3218
209 374
1581 4238
834 5578
2682 1955
88 222
4513 9099
1664 6710
3193 6836
947 8712
4902 1936
9165 8196
5466 5367
6137 1223
3204 7878
7953 3709
6752 6287
7774 4646
8684 3902
8638 5233
2424 6282
6208 2203
5845 3189
1635 6824
9167 5502
644 2787
5434 698
2901 64
5592 5883
5393 8980
7190 6442
450 6219
8108 5535
6432 1397
2227 4591
8403 3073
7927 411
531 3725
154 2805
3511 7399
4473 239
8885 5887
4172 9227
3023 7118
2305 6338
7233 5585
3717 8865
143 7428
7547 8039
5082 694
3609 4754
4031 3134
2615 952
839 1273
8724 3264
3315 7523
3218 2963
374 3947
4238 7765
5578 2987
1955 8414
222 2014
9099 9194
6710 9314
6836 1491
8712 6294
1936 4346
8196 6791
5367 7512
1223 8955
7878 6233
3709 6662
6287 8547
4646 583
3902 3227
5233 1009
6282 5346
2203 3056
3189 6913
6824 8320
5502 7964
2787 8370
698 8950
64 4533
5883 5880
8980 8661
6442 1259
6219 5296
5535 913
1397 8197
4591 5504
3073 7560
411 7532
3725 7786
2805 5738
7399 984
239 6408
5887 2626
9227 84
7118 862
6338 6314
5585 8976
8865 4363
7428 783
8039 804
694 2089
4754 8061
3134 8940
952 9009
1273 5158
3264 2510
7523 5387
2963 9213
3947 7098
7765 2603
2987 3419
8414 6874
2014 46
9194 9001
9314 4443
1491 1985
6294 2815
4346 224
6791 3457
7512 7298
8955 7567
6233 3233
6662 9158
8547 2149
583 2685
3227 3905
1009 6095
5346 5382
3056 400
6913 6263
8320 1005
7964 5708
8370 7063
8950 5245
4533 8559
5880 3946
8661 5651
1259 6259
5296 8777
913 9189
8197 8186
5504 5619
7560 3176
7532 7446
7786 5854
5738 1423
984 5461
6408 3342
2626 8929
84 5932
862 8914
6314 6636
8976 337
4363 473
783 4335
804 7412
2089 636
8061 4038
8940 534
9009 885
5158 9145
2510 2640
5387 4242
9213 5681
7098 4496
2603 7849
3419 7777
6874 5018
46 8934
9001 7614
4443 5089
1985 4605
2815 2923
224 4843
3457 6577
7298 3687
7567 1206
3233 5030
9158 6125
2149 401
2685 4854
3905 5563
6095 9279
5382 1364
400 587
6263 9178
1005 2623
5708 6584
7063 8457
5245 1573
8559 8211
3946 6470
5651 4645
6259 7887
8777 4602
9189 8753
8186 8037
5619 1399
3176 4123
7446 5379
5854 3728
1423 9045
5461 3860
3342 945
8929 1357
5932 7104
8914 6517
6636 2035
337 338
473 2913
4335 5369
7412 6265
636 6820
4038 6356
534 7235
885 339
9145 4561
2640 2261
4242 7304
5681 521
4496 502
7849 8501
7777 749
5018 6537
8934 5406
7614 5955
5089 3842
4605 597
2923 1329
4843 4395
6577 8412
3687 1595
1206 8254
5030 5380
6125 4672
401 8064
4854 7478
5563 281
9279 2847
1364 7130
587 5172
9178 4033
2623 972
6584 5840
8457 7133
1573 6880
8211 8807
6470 3694
4645 6479
7887 4254
4602 6067
8753 8646
8037 255
1399 2163
4123 7991
5379 5941
3728 5726
9045 4317
3860 4670
945 1462
1357 1467
7104 7858
6517 8577
2035 5394
338 988
2913 7751
5369 5339
6265 3818
6820 152
6356 7285
7235 616
339 7756
4561 7891
2261 4548
7304 1507
521 9422
502 1582
8501 7349
749 2164
6537 2309
5406 3417
5955 1020
3842 5056
597 2961
1329 3763
4395 5771
8412 290
1595 6712
8254 4705
5380 6413
4672 7447
8064 8481
7478 2280
281 4724
2847 6565
7130 599
5172 1304
4033 760
972 7707
5840 1902
7133 4866
6880 3374
8807 4723
3694 9351
6479 160
4254 1179
6067 8152
8646 2007
255 6641
2163 660
7991 279
5941 410
5726 6533
4317 7078
4670 8578
1462 6749
1467 7440
7858 558
8577 2009
5394 6959
988 2377
7751 6605
5339 8117
3818 9359
152 8561
7285 1753
616 6315
7756 8057
7891 1968
4548 3747
1507 3869
9422 2643
1582 5011
7349 3790
2164 7566
2309 3792
3417 7736
1020 8353
5056 7781
2961 2661
3763 8574
5771 2492
290 8335
6712 1958
4705 2773
6413 479
7447 7591
8481 4628
2280 2799
4724 655
6565 3835
599 7683
1304 387
760 275
7707 2588
1902 3880
4866 2642
3374 8285
4723 2278
9351 1525
160 24
1179 4596
8152 8113
2007 2977
6641 5652
660 2774
279 8871
410 3130
6533 7761
7078 3923
8578 2306
6749 7780
7440 4867
558 7590
2009 4326
6959 7450
2377 1618
6605 7143
8117 9116
9359 5459
8561 6335
1753 8382
6315 2552
8057 3649
1968 1370
3747 6391
3869 5747
2643 3887
5011 6171
3790 1834
7566 565
3792 4278
7736 7033
8353 2281
7781 5150
2661 3353
8574 6850
2492 1723
8335 7480
1958 2251
2773 8043
479 1520
7591 2490
4628 4026
2799 5046
655 4297
3835 2971
7683 9083
387 3381
275 329
2588 2421
3880 7481
2642 1448
8285 6838
2278 7354
1525 8270
24 9238
4596 8596
8113 247
2977 8600
5652 2084
2774 1906
8871 7427
3130 3448
7761 4017
3923 5860
2306 7296
7780 4118
4867 7382
7590 882
4326 3778
7450 8341
1618 7479
7143 8185
9116 166
5459 9224
6335 8163
8382 8190
2552 383
3649 4456
1370 2135
6391 9052
5747 6326
3887 6377
6171 2781
1834 8138
565 5009
4278 4206
7033 6898
2281 2905
5150 8123
3353 2832
6850 2298
1723 674
7480 4215
2251 4780
8043 8872
1520 6349
2490 7342
4026 2595
5046 4023
4297 6336
2971 6564
9083 1731
3381 3996
329 1308
2421 3017
7481 7198
1448 1449
6838 8299
7354 7520
8270 9311
9238 28
8596 4036
247 2214
8600 1669
2084 6826
1906 3003
7427 3596
3448 5590
4017 6158
5860 50
7296 1474
4118 2270
7382 1337
882 7819
3778 4980
8341 1281
7479 3277
8185 9248
166 7733
9224 4688
8163 6692
8190 5594
383 1925
4456 3265
2135 8226
9052 7711
6326 1300
6377 2925
2781 8918
8138 2676
5009 2738
4206 8034
6898 6503
2905 2320
8123 4824
2832 9176
2298 9053
674 787
4215 6140
4780 1314
8872 9266
6349 8670
7342 589
2595 2718
4023 3610
6336 3090
6564 975
1731 6237
3996 2574
1308 6467
3017 1509
7198 860
1449 3635
8299 7840
7520 1818
9311 4339
28 5646
4036 5330
2214 8133
1669 6333
6826 4449
3003 7537
3596 7261
5590 6062
6158 8848
50 6013
1474 6144
2270 2926
1337 4399
7819 354
4980 5510
1281 6759
3277 9434
9248 5307
7733 6928
4688 2108
6692 2585
5594 3298
1925 1315
3265 447
8226 4868
7711 2734
1300 5769
2925 9173
8918 5156
2676 7502
2738 969
8034 459
6503 5794
2320 5472
4824 7623
9176 831
9053 594
787 3809
6140 788
1314 2015
9266 4617
8670 738
589 8936
2718 9043
3610 4566
3090 956
975 3432
6237 5073
2574 395
6467 8324
1509 8827
860 5891
3635 8349
7840 3826
1818 2022
4339 8434
5646 3570
5330 3685
8133 7388
6333 3116
4449 3727
7537 6914
7261 4607
6062 9368
8848 896
6013 61
6144 1678
2926 6542
4399 443
354 6687
5510 848
6759 4192
9434 3267
5307 3483
6928 6003
2108 1309
2585 1739
3298 1765
1315 8381
447 4262
4868 1156
2734 8870
5769 4949
9173 8575
5156 7477
7502 1070
969 2125
459 2794
5794 5763
5472 6812
7623 2255
831 8461
594 6873
3809 4432
788 6445
2015 5938
4617 522
738 8303
8936 1779
9043 1940
4566 6501
956 8159
3432 6948
5073 6721
395 1058
8324 7152
8827 8907
5891 5952
8349 7031
3826 1008
2022 6464
8434 8526
3570 9375
3685 6362
7388 789
3116 6340
3727 7703
6914 5672
4607 8166
9368 6671
896 3345
61 3910
1678 1416
6542 3970
443 91
6687 7682
848 7716
4192 6944
3267 363
3483 5186
6003 9292
1309 3788
1739 216
1765 220
8381 1516
4262 7185
1156 9204
8870 3351
4949 385
8575 6855
7477 5086
1070 7051
2125 5333
2794 6191
5763 5595
6812 3313
2255 6393
8461 5609
6873 7068
4432 137
6445 745
5938 8843
522 7631
8303 931
1779 9418
1940 7820
6501 6887
8159 6810
6948 297
6721 3452
1058 2322
7152 6682
8907 7904
5952 1681
7031 8168
1008 1393
6464 8032
8526 1535
9375 4720
6362 5230
789 5702
6340 2803
7703 212
5672 6138
8166 5324
6671 6705
3345 5705
3910 4160
1416 4603
3970 5418
91 4120
7682 1744
7716 7000
6944 7952
363 6272
5186 7131
9292 2068
3788 8077
216 4479
220 6965
1516 2120
7185 7208
9204 2104
3351 7087
385 1360
6855 7007
5086 5268
7051 6580
5333 2145
6191 5201
5595 3412
3313 8432
6393 6536
5609 1680
7068 3666
137 8838
745 509
8843 2139
7631 2480
931 7551
9418 4222
7820 2935
6887 5486
6810 563
297 4328
3452 7598
2322 5948
6682 458
7904 8323
1681 8622
8168 6418
1393 5013
8032 8007
1535 1816
4720 3102
5230 1695
5702 9013
2803 7750
212 3831
6138 3917
5324 2256
6705 79
5705 3691
4160 7877
4603 5064
5418 1733
4120 3392
1744 6337
7000 691
7952 3362
6272 8451
7131 4239
2068 7178
8077 3276
4479 3226
6965 6298
2120 5762
7208 9101
2104 2178
7087 2691
1360 5716
7007 2855
5268 6837
6580 3323
2145 2325
5201 9081
3412 7254
8432 693
6536 321
1680 6423
3666 4521
8838 1027
509 5374
2139 6905
2480 2596
7551 6243
4222 5474
2935 8814
5486 5220
563 1171
4328 8497
7598 474
5948 6207
458 8984
8323 5017
8622 2859
6418 70
5013 9237
8007 7609
1816 325
3102 3514
1695 3779
9013 9317
7750 3433
3831 2217
3917 6776
2256 9108
79 4430
3691 2725
7877 414
5064 9381
1733 8816
3392 9048
6337 4191
691 2635
3362 6030
8451 7301
4239 3044
7178 3901
3276 4394
3226 3974
6298 7916
5762 5870
9101 1071
2178 841
2691 8995
5716 4906
2855 7244
6837 1524
3323 229
2325 4796
9081 1119
7254 1929
693 45
321 2721
6423 8666
4521 1863
1027 3907
5374 8156
6905 7540
2596 3607
6243 3410
5474 8219
8814 5659
5220 6087
1171 5416
8497 2587
474 872
6207 8179
8984 3976
5017 3593
2859 9235
70 2070
9237 420
7609 709
325 2563
3514 9122
3779 2535
9317 8496
3433 6907
2217 3700
6776 4613
9108 4679
4430 5389
2725 4939
414 2949
9381 3145
8816 1995
9048 1183
4191 2202
2635 1026
6030 4133
7301 6567
3044 3402
3901 259
4394 7599
3974 9356
7916 5519
5870 3318
1071 5878
841 1819
8995 6939
4906 1734
7244 1789
1524 2582
229 1287
4796 9328
1119 6002
1929 7616
45 3735
2721 5835
8666 1219
1863 6209
3907 4855
8156 7494
7540 488
3607 3605
3410 9337
8219 2984
5659 3760
6087 6278
5416 4964
2587 5123
872 3326
8179 4232
3976 1038
3593 7419
9235 3147
2070 8282
420 825
709 1794
2563 6748
9122 8464
2535 8326
8496 5689
6907 69
3700 833
4613 8249
4679 1475
5389 3988
4939 1079
2949 6582
3145 2559
1995 3324
1183 9183
2202 8727
1026 8013
4133 1200
6567 3212
3402 5070
259 7938
7599 5811
9356 1529
5519 3602
3318 397
5878 8881
1819 8961
6939 3281
1734 7026
1789 9431
2582 380
1287 6801
9328 9429
6002 6691
7616 2754
3735 4498
5835 7546
1219 3499
6209 1951
4855 6622
7494 1361
488 5051
3605 1970
9337 357
2984 949
3760 951
6278 8788
4964 3800
5123 2914
3326 8161
4232 3999
1038 4879
7419 4370
3147 9179
8282 9267
825 3644
1794 3626
6748 4371
8464 2495
8326 5029
5689 6318
69 5669
833 2670
8249 7963
1475 9089
3988 6500
1079 3175
6582 9301
2559 1957
3324 1066
9183 1318
8727 4756
8013 7280
1200 5202
3212 1001
5070 3773
7938 9210
5811 8441
1529 5347
3602 6409
397 8552
8881 2169
8961 8478
3281 499
7026 2033
9431 5894
380 4935
6801 8644
9429 8651
6691 6176
2754 1150
4498 7714
7546 6910
3499 6463
1951 3785
6622 2687
1361 8728
5051 4878
1970 2457
357 8402
949 3540
951 9021
8788 1062
3800 880
2914 2500
8161 7924
3999 201
4879 7333
4370 8951
9179 8100
9267 4739
3644 8635
3626 2456
4371 6716
2495 6080
5029 5959
6318 5203
5669 2553
2670 796
7963 782
9089 2707
6500 6489
3175 3319
9301 1606
1957 3092
1066 9347
1318 5226
4756 2733
7280 606
5202 2468
1001 1722
3773 4175
9210 9423
8441 4105
5347 4029
6409 6996
8552 2742
2169 7106
8478 4814
499 2932
2033 3195
5894 6877
4935 9086
8644 1187
8651 2064
6176 5084
1150 1094
7714 6182
6910 3048
6463 4938
3785 8550
2687 1887
8728 3214
4878 2531
2457 820
8402 3178
3540 2166
9021 2609
1062 5358
880 7587
2500 3460
7924 2119
201 768
7333 3704
8951 65
8100 4568
4739 6406
8635 8868
2456 1177
6716 3173
6080 6731
5959 9433
5203 767
2553 2724
796 3586
782 7351
2707 9261
6489 8513
3319 2594
1606 4061
3092 973
9347 8683
5226 684
2733 1188
606 3443
2468 6160
1722 7433
4175 5059
9423 9006
4105 884
4029 7492
6996 1575
2742 6785
7106 7410
4814 7356
2932 2716
3195 2568
6877 3532
9086 9070
1187 1213
2064 3502
5084 8509
1094 2003
6182 8435
3048 6507
4938 4064
8550 6283
1887 8769
3214 6958
2531 2883
820 7990
3178 3614
2166 5351
2609 2743
5358 285
7587 1522
3460 588
2119 4784
768 3891
3704 3761
65 7139
4568 5531
6406 4573
8868 8193
1177 7420
3173 1362
6731 182
9433 1428
767 2328
2724 7708
3586 7889
7351 743
9261 4372
8513 3215
2594 6994
4061 4640
973 4313
8683 5803
684 5975
1188 3278
3443 4065
6160 8933
7433 7036
5059 1700
9006 3977
884 4885
7492 8470
1575 8106
6785 4970
7410 2481
7356 9342
2716 4103
2568 8741
3532 5541
9070 3094
1213 7246
3502 4528
8509 305
2003 7804
8435 5443
6507 6266
4064 6890
6283 6341
8769 4225
6958 6975
2883 4099
7990 8103
3614 6383
5351 5368
2743 3397
285 1585
1522 8035
588 3181
4784 5129
3891 2892
3761 8126
7139 4671
5531 2242
4573 1120
8193 5080
7420 8141
1362 1557
182 7705
1428 8250
2328 7205
7708 7344
7889 2093
743 1123
4372 2279
3215 6162
6994 727
4640 8421
4313 5990
5803 4771
5975 322
3278 3124
4065 908
8933 1566
7036 1302
1700 5283
3977 1624
4885 4922
8470 3137
8106 2050
4970 832
2481 9206
9342 8700
4103 5171
8741 5292
5541 4526
3094 8255
7246 7785
4528 2361
305 7439
7804 6583
5443 8821
6266 6201
6890 815
6341 7509
4225 9024
6975 9236
4099 959
8103 6818
6383 8782
5368 2584
3397 2565
1585 569
8035 47
3181 5871
5129 8331
2892 8357
8126 971
4671 8069
2242 301
1120 8449
5080 6038
8141 5695
1557 5043
7705 6610
8250 3385
7205 4630
7344 2605
2093 7213
1123 5838
2279 1325
6162 100
727 2864
8421 13
5990 4787
4771 6524
322 6363
3124 1716
908 4012
1566 5741
1302 267
5283 7035
1624 5850
4922 6768
3137 4735
2050 8889
832 8256
9206 3723
8700 2821
5171 3079
5292 477
4526 4396
8255 3427
7785 237
2361 3521
7439 6553
6583 5228
8821 2024
6201 3652
815 5810
7509 4469
9024 4308
9236 107
959 6961
6818 3710
8782 8361
2584 8901
2565 6760
569 3764
47 4393
5871 8170
8331 4718
8357 4378
971 9385
8069 2956
301 8516
8449 18
6038 8508
5695 5521
5043 808
6610 5259
3385 5588
4630 1629
2605 6695
7213 4675
5838 1931
1325 1264
100 4863
2864 7187
13 2426
4787 1897
6524 3805
6363 114
1716 9142
4012 1513
5741 8657
267 2940
7035 8860
5850 6956
6768 2617
4735 5991
8889 3012
8256 2674
3723 5939
2821 855
3079 6924
477 7559
4396 6452
3427 4741
237 5730
3521 5534
6553 3647
5228 5421
2024 2312
3652 5926
5810 7544
4469 8771
4308 2240
107 2776
6961 4009
3710 6241
8361 1775
8901 3692
6760 8305
3764 7407
4393 1792
8170 3510
4718 9391
4378 6585
9385 2548
2956 4470
8516 2607
18 1075
8508 2449
5521 6045
808 6728
5259 5239
5588 1917
1629 2522
6695 8258
4675 6203
1931 576
1264 6481
4863 1892
7187 5873
2426 764
1897 8225
3805 7848
114 4512
9142 8523
1513 3396
8657 1946
2940 7077
8860 3305
6956 9058
2617 4850
5991 8399
3012 7306
2674 4538
5939 7037
855 706
6924 1122
7559 2942
6452 7278
4741 3311
5730 7851
5534 7995
3647 5727
5421 6381
2312 3045
5926 5564
7544 742
8771 5960
2240 7150
2776 7580
4009 3080
6241 1225
1775 1506
3692 5608
8305 5166
7407 8608
1792 4840
3510 9428
9391 7697
6585 3854
2548 675
4470 857
2607 5037
1075 6256
2449 4615
6045 7355
6728 4149
5239 4563
1917 584
2522 218
8258 4076
6203 2890
576 7177
6481 6640
1892 2820
5873 1933
764 8420
8225 4450
7848 3650
4512 7145
8523 8212
3396 7442
1946 4080
7077 4273
3305 1369
9058 7197
4850 5611
8399 6044
7306 512
4538 5359
7037 6212
706 2800
1122 2946
2942 2982
7278 8994
3311 2869
7851 5189
7995 5719
5727 8544
6381 2005
3045 2350
5564 2185
742 7210
5960 2206
7150 3268
7580 2307
3080 7649
1225 837
1506 5795
5608 8328
5166 9075
8608 1374
4840 5913
9428 1871
7697 1011
3854 7138
675 2265
857 5498
5037 4234
6256 9037
4615 7489
7355 4489
4149 6468
4563 5131
584 2348
218 5950
4076 2917
2890 2518
7177 3187
6640 5152
2820 9098
1933 3112
8420 7976
4450 5625
3650 6697
7145 5288
8212 7577
7442 4551
4080 1112
4273 7386
1369 2526
7197 3430
5611 4599
6044 757
512 8164
5359 2505
6212 2910
2800 4651
2946 895
2982 219
8994 3236
2869 3663
5189 7047
5719 3288
8544 2430
2005 5507
2350 1909
2185 4361
7210 1390
2206 487
3268 5992
2307 982
7649 3291
837 7303
5795 7568
8328 7601
9075 8611
1374 5917
5913 8972
1871 8316
1011 5271
7138 9349
2265 3343
5498 5348
4234 109
9037 826
7489 5614
4489 535
6468 965
5131 3164
2348 8092
5950 5301
2917 4113
2518 346
3187 8452
5152 8977
9098 8799
3112 981
7976 8554
5625 5178
6697 8669
5288 2103
7577 7890
4551 4791
1112 7642
7386 4580
2526 6942
3430 4494
4599 3475
757 6758
8164 2399
2505 2138
2910 1821
4651 6897
895 3885
219 2095
3236 3548
3663 765
7047 1953
3288 2817
2430 347
5507 4993
1909 2111
4361 5260
1390 1703
487 3101
5992 1908
982 7436
3291 7700
7303 4562
7568 9156
7601 6264
8611 8016
5917 5130
8972 9033
8316 2464
5271 1666
9349 1351
3343 2061
5348 8021
109 233
826 3940
5614 777
535 4362
965 3828
3164 8776
8092 719
5301 6554
4113 3864
346 8714
8452 1095
8977 4779
8799 8904
981 7605
8554 7352
5178 2509
8669 9275
2103 5987
7890 4452
4791 8491
7642 555
4580 7766
6942 1673
4494 2955
3475 2909
6758 9252
2399 7182
2138 8446
1821 2519
6897 9339
3885 2012
2095 3299
3548 8025
765 2837
1953 1334
2817 926
347 545
4993 6602
2111 4687
5260 8026
1703 8804
3101 5785
1908 2077
7436 5839
7700 8413
4562 2409
9156 7153
6264 3221
8016 3363
5130 5265
9033 6407
2464 5344
1666 6131
1351 3336
2061 6447
8021 4152
233 4663
3940 3734
777 1490
4362 3553
3828 2367
8776 1307
719 1289
6554 7389
3864 3559
8714 9188
1095 6020
4779 6297
8904 6871
7605 634
7352 1192
2509 625
9275 7100
5987 9348
4452 8438
8491 6099
555 2975
7766 8042
1673 8453
2955 2219
2909 3334
9252 9233
7182 1546
8446 7593
2519 5736
9339 4832
2012 3095
3299 7898
8025 3537
2837 5934
1334 7348
926 8545
545 4173
6602 1608
4687 6414
8026 7811
8804 8583
5785 3471
2077 8749
5839 2835
8413 4401
2409 8046
7153 1483
3221 7013
3363 3293
5265 5636
6407 5372
5344 7376
6131 7426
3336 686
6447 3029
4152 3449
4663 9346
3734 4941
1490 95
3553 4961
2367 2134
1307 273
1289 9062
7389 8440
3559 8707
9188 8569
6020 5886
6297 7933
6871 130
634 2545
1192 6295
625 8852
7100 6920
9348 5656
8438 8213
6099 5375
2975 227
8042 6255
8453 3390
2219 8261
3334 7769
9233 4453
1546 6061
7593 3030
5736 6623
4832 3668
3095 5081
7898 6284
3537 7823
5934 4077
7348 1251
8545 5872
4173 5973
1608 3755
6414 3743
7811 6330
8583 729
3471 8477
8749 5402
2835 1117
4401 1784
8046 4859
1483 2827
7013 4677
3293 8115
5636 5207
5372 5340
7376 3939
7426 4714
686 181
3029 1439
3449 3370
9346 1542
4941 1154
95 2170
4961 6845
2134 5109
273 718
9062 7083
8440 723
8707 3803
8569 251
5886 5997
7933 404
130 4475
2545 3571
6295 2899
8852 438
6920 1583
5656 2396
8213 6990
5375 4249
227 7719
6255 2364
3390 4130
8261 7369
7769 1661
4453 5576
6061 4349
3030 4240
6623 2824
3668 5910
5081 5530
6284 1229
7823 320
4077 7737
1251 6127
5872 7084
5973 8680
3755 6114
3743 6342
6330 8318
729 8208
8477 2549
5402 7767
1117 1299
1784 8722
4859 6926
2827 8014
4677 2218
8115 2884
5207 6185
5340 4094
3939 8818
4714 3557
181 2762
1439 1129
3370 8704
1542 9068
1154 6025
2170 6862
6845 1619
5109 1041
718 2136
7083 3814
723 4150
3803 4503
251 7839
5997 6427
404 1724
4475 9190
3571 6888
2899 5087
438 5935
1583 4056
2396 4343
6990 4138
4249 6240
7719 4729
2364 2915
4130 5937
7369 3331
1661 4389
5576 1920
4349 8368
4240 9127
2824 9327
5910 4189
5530 1580
1229 3279
320 1921
7737 5914
6127 1832
7084 7882
8680 3815
6114 5807
6342 4968
8318 6592
8208 6937
2549 5809
7767 8540
1299 1402
8722 9095
6926 2767
8014 8233
2218 8607
2884 6743
6185 8896
4094 2356
8818 9097
3557 8719
2762 2475
1129 72
8704 7855
9068 3808
6025 4284
6862 9304
1619 3665
1041 1759
2136 5314
3814 1101
4150 6210
4503 6419
7839 7885
6427 3603
1724 7808
9190 7802
6888 1301
5087 1799
5935 7199
4056 879
4343 3425
4138 5192
6240 6511
4729 2597
2915 5969
5937 2341
3331 3180
4389 3185
1920 7387
8368 9341
9127 7646
9327 3768
4189 8716
1580 7189
3279 9163
1921 7144
5914 9285
1832 5789
7882 5802
3815 5602
5807 2999
4968 3213
6592 8841
6937 1330
5809 592
8540 5452
1402 2132
9095 3954
2767 5253
8233 2445
8607 586
6743 5633
8896 2957
2356 4810
9097 7338
8719 1725
2475 5429
72 4907
7855 5819
3808 8095
4284 1876
9304 2907
3665 5132
1759 38
5314 5104
1101 5135
6210 4815
6419 5469
7885 4486
3603 6400
7808 4582
7802 5221
1301 6576
1799 987
7199 8591
879 1236
3425 9331
5192 8321
6511 9273
2597 9046
5969 7086
2341 2795
3180 4811
3185 235
7387 6535
9341 2123
7646 1286
3768 8958
8716 8131
7189 390
9163 8314
7144 8060
9285 3621
5789 1087
5802 664
5602 4766
2999 876
3213 7747
8841 8242
1330 1226
592 1616
5452 6146
2132 4954
3954 161
5253 8764
2445 2619
586 5462
5633 2912
2957 1341
4810 6539
7338 2461
1725 6130
5429 4872
4907 6650
5819 6843
8095 1868
1876 6435
2907 3254
5132 1820
38 2581
5104 7295
5135 4539
4815 22
5469 7012
4486 6706
6400 2131
4582 3855
5221 3881
6576 8858
987 140
8591 794
1236 283
9331 4122
8321 7367
9273 6730
9046 1003
7086 7619
2795 6163
4811 7361
235 6262
6535 3936
2123 6296
1286 7665
8958 6851
8131 9159
390 5999
8314 2720
8060 4131
3621 3670
1087 4296
664 3697
4766 9426
876 2221
7747 198
8242 1322
1226 5977
1616 4091
6146 2410
4954 1709
161 6938
8764 1714
2619 9402
5462 1860
2912 6411
1341 5311
6539 8785
2461 7309
6130 1785
4872 6293
6650 4125
6843 2748
1868 1006
6435 5903
3254 8308
1820 1235
2581 2712
7295 6972
4539 5097
22 4549
7012 4300
6706 2673
2131 2017
3855 2807
3881 8266
8858 2657
140 1880
794 9118
283 1209
4122 2737
7367 3435
6730 8992
1003 6775
7619 1239
6163 1508
7361 8519
6262 4764
3936 9077
6296 9435
7665 5539
6851 8173
9159 2378
5999 6166
2720 4515
4131 865
3670 9397
4296 6909
3697 9209
9426 6757
2221 1584
198 3160
1322 5012
5977 6037
4091 6102
2410 204
1709 8071
6938 4008
1714 5598
9402 7346
1860 3354
6411 3034
5311 1559
8785 6725
7309 3949
1785 1879
6293 4680
4125 3014
2748 8752
1006 574
5903 9343
8308 9059
1235 2656
2712 2719
6972 4813
5097 7117
4549 6973
4300 5208
2673 6410
2017 8334
2807 6450
8266 5709
2657 1854
1880 4636
9118 1255
1209 4264
2737 2611
3435 8932
8992 118
6775 8614
1239 2314
1508 4088
8519 4413
4764 6245
9077 3796
9435 5953
5539 8220
8173 4073
2378 8244
6166 4221
4515 4555
865 6601
9397 5667
6909 1262
9209 2230
6757 5856
1584 4463
3160 9061
5012 5356
6037 7200
6102 4903
204 652
8071 6652
4008 2991
5598 6174
7346 2114
3354 3789
3034 1321
1559 6714
6725 4733
3949 7989
1879 7985
4680 3111
3014 7243
8752 6578
574 5438
9343 8160
9059 5968
2656 7748
2719 8564
4813 4713
7117 507
6973 5679
5208 4862
6410 7606
8334 3429
6450 8762
5709 4021
1854 5725
4636 8692
1255 187
4264 6831
2611 6021
8932 5524
118 6274
8614 7057
2314 483
4088 5722
4413 6292
6245 6227
3796 5970
5953 7713
8220 1627
4073 1558
8244 1631
4221 3341
4555 2906
6601 3198
5667 3981
1262 3617
2230 308
5856 4695
4463 8384
9061 2154
5356 1538
7200 8408
4903 685
652 8280
6652 4465
2991 5904
6174 2686
2114 2381
3789 8015
1321 3369
6714 15
4733 1191
7989 8243
7985 9153
3111 2560
7243 1121
6578 4126
5438 8514
8160 6321
5968 75
7748 6134
8564 7211
4713 1652
507 6839
5679 4245
4862 8388
7606 5632
3429 3776
8762 893
4021 4355
5725 103
8692 559
187 2053
6831 300
6021 8306
5524 7188
6274 3987
7057 6830
483 9115
5722 7231
6292 1634
6227 8125
5970 1778
7713 1224
1627 8645
1558 8330
1631 9382
3341 5349
2906 6954
3198 3894
3981 3004
3617 8188
308 2150
4695 3798
8384 3925
2154 4861
1538 2972
8408 8628
685 7364
8280 1797
4465 8476
5904 763
2686 2060
2381 747
8015 7216
3369 8910
15 2036
1191 5780
8243 4272
9153 7234
2560 4918
1121 6814
4126 287
8514 1463
6321 1494
75 2895
6134 475
7211 3379
1652 1991
6839 894
4245 2192
8388 2425
5632 2843
3776 7108
893 3099
4355 7417
103 8486
559 5148
2053 4255
300 4698
8306 1671
7188 4408
3987 2870
6830 6094
9115 2841
7231 3150
1634 6000
8125 5227
1778 441
1224 3791
8645 5342
8330 4951
9382 1743
5349 7422
6954 8206
3894 3961
3004 6919
8188 3543
2150 6670
3798 4501
3925 7129
4861 7677
2972 2463
8628 8051
7364 5269
1797 4147
8476 126
763 6708
2060 7323
747 6290
7216 9018
8910 7946
2036 3360
5780 6665
4272 2042
7234 524
4918 4874
6814 5630
287 7866
1463 8844
1494 3084
2895 7318
475 6733
3379 4505
1991 2630
894 7038
2192 4052
2425 3676
2843 6261
7108 525
3099 7919
7417 618
8486 4978
5148 1340
4255 3683
4698 2269
1671 725
4408 3018
2870 6979
6094 4143
2841 6289
3150 196
6000 6829
5227 5410
441 4318
3791 3732
5342 5857
4951 7092
1743 6121
7422 9164
8206 6226
3961 4397
6919 4837
3543 6487
6670 6267
4501 42
7129 8227
7677 5308
2463 3052
8051 4564
5269 6360
4147 877
126 332
6708 7430
7323 5921
6290 6588
9018 1853
7946 5390
3360 2458
6665 1861
2042 5261
524 416
4874 7657
5630 2152
7866 1512
8844 7169
3084 5337
7318 1655
6733 753
4505 6717
2630 66
7038 2886
4052 5612
3676 112
6261 4990
525 5403
7919 3309
618 8302
4978 470
1340 1971
3683 1562
2269 4322
725 2055
3018 1591
6979 3060
4143 4261
6289 8132
196 7099
6829 9262
5410 5317
4318 4295
3732 5988
5857 5254
7092 7594
6121 7771
9164 4948
6226 7320
4397 1540
4837 136
6487 2174
6267 1764
42 7686
8227 5204
5308 5235
3052 4112
4564 1396
6360 8343
877 6788
332 9214
7430 1015
5921 2732
6588 1050
1853 3820
5390 5191
2458 7553
1861 526
5261 6148
416 4523
7657 2038
2152 3155
1512 3223
7169 4710
5337 81
1655 6933
753 1738
6717 6083
66 6902
2886 4805
5612 4207
112 7699
4990 8091
5403 2124
3309 710
8302 6112
470 3011
1971 1268
1562 4702
4322 7875
2055 3686
1591 8525
3060 528
4261 802
8132 3719
7099 9092
9262 5004
5317 6183
4295 2789
5988 2680
5254 5481
7594 8895
7771 5641
4948 8397
7320 8887
1540 6864
136 1927
2174 373
1764 3500
7686 2369
5204 1237
5235 7123
4112 8500
1396 2575
8343 9268
6788 1270
9214 2529
1015 548
2732 6473
1050 1137
3820 6334
5191 3969
7553 5480
526 5168
6148 432
4523 7763
2038 286
3155 5713
3223 193
4710 6795
81 5575
6933 5749
1738 7816
6083 2199
6902 8210
4805 5753
4207 5126
7699 1092
8091 9249
2124 4058
710 3015
6112 4054
3011 1713
1268 4089
4702 9309
7875 1503
3686 6075
8525 4699
528 9357
802 4719
3719 2812
9092 9015
5004 5003
6183 7467
2789 7020
2680 5755
5481 2487
8895 8825
5641 44
8397 2501
8887 6110
6864 1454
1927 6370
373 3263
3500 993
2369 7378
1237 7071
7123 3069
8500 7449
2575 4633
9268 5149
1270 9207
2529 2679
548 2190
6473 2985
1137 3624
6334 6312
3969 8797
5480 4409
5168 1894
432 8337
7763 9160
286 6789
5713 1141
193 7048
6795 5298
5575 2791
5749 1928
7816 4391
2199 7978
8210 728
5753 9020
5126 5604
1092 9334
9249 6881
4058 1305
3015 1052
4054 5115
1713 5357
4089 7931
9309 4329
1503 3863
6075 1348
4699 1478
9357 3986
4719 5289
2812 7105
9015 6526
5003 4455
7467 419
7020 7873
5755 6017
2487 5553
8825 8694
44 167
2501 3191
6110 439
1454 2986
6370 5723
3263 7431
993 428
7378 1227
7071 9201
3069 7194
7449 8541
4633 4406
5149 4527
9207 8560
2679 3983
2190 7742
2985 4247
3624 6883
6312 2723
8797 8
4409 183
1894 7347
8337 8840
9160 5882
6789 679
1141 3447
7048 9131
5298 1012
2791 898
1928 8879
4391 994
7978 6976
728 2315
9020 6734
5604 3097
9334 9221
6881 6456
1305 6270
1052 2819
5115 1626
5357 737
7931 1343
4329 2067
3863 155
1348 792
1478 3054
3986 730
5289 4364
7105 5817
6526 4184
4455 93
419 842
7873 2434
6017 3838
5553 4760
8694 1756
167 8191
3191 4490
439 5884
2986 797
5723 567
7431 8520
428 8300
1227 9410
9201 8875
7194 8354
8541 4083
4406 6778
4527 2736
8560 3316
3983 964
7742 6763
4247 8142
6883 2345
2723 5813
8 4145
183 2075
7347 755
8840 8271
5882 3398
679 3235
3447 2215
9131 1757
1012 1054
898 7192
8879 3330
994 2763
6976 319
2315 9073
6734 2621
3097 864
9221 7409
6456 1441
6270 1222
2819 3200
1626 376
737 7958
1343 4493
2067 1980
155 8315
792 6396
3054 4059
730 4792
4364 2336
5817 3968
4184 2639
93 5684
842 6364
2434 9139
3838 9123
4760 585
1756 6625
8191 3494
4490 643
5884 9288
797 4943
567 4508
8520 2491
8300 471
9410 8905
8875 6088
8354 4067
4083 1176
6778 5112
2736 7755
3316 7120
964 4748
6763 5922
8142 3476
2345 3816
5813 4893
4145 5060
2075 9185
755 2048
8271 6915
3398 3595
3235 5660
2215 1903
1757 8835
1054 4377
7192 2428
3330 7218
2763 368
319 603
9073 6885
2621 3859
864 3234
7409 514
1441 4774
1222 8734
3200 8295
376 5184
7958 4259
4493 8623
1980 9010
8315 5899
6396 5449
4059 6997
4792 4158
2336 1653
3968 7135
2639 2459
5684 974
6364 9064
9139 9352
9123 8082
585 2264
6625 194
3494 1891
643 8059
9288 362
4943 3477
4508 7549
2491 2880
471 8965
8905 2929
6088 7405
4067 7709
1176 8427
5112 6403
7755 5240
7120 3867
4748 6327
5922 2478
3476 2589
3816 8701
4893 3583
5060 8878
9185 897
2048 8855
6915 924
3595 3016
5660 2001
1903 6008
8835 5264
4377 6842
2428 6019
7218 5323
368 7510
603 5784
6885 1511
3859 5745
3234 4420
514 2714
4774 1726
8734 891
8295 8096
5184 9330
4259 7675
8623 2385
9010 1196
5899 5700
5449 1149
6997 2528
4158 3588
1653 2223
7135 2153
2459 4848
974 4178
9064 5986
9352 7300
8082 5133
2264 7332
194 6150
1891 7377
8059 6724
362 1740
3477 9241
7549 8542
2880 601
8965 532
2929 2236
7405 5275
7709 6995
8427 393
6403 1941
5240 4520
3867 5618
6327 511
2478 5962
2589 8863
8701 8503
3583 7381
8878 8859
897 1261
8855 7390
924 790
3016 5804
2001 2288
6008 5589
5264 6505
6842 2081
6019 4287
5323 448
7510 17
5784 7365
1511 4034
5745 8137
4420 1294
2714 8180
1726 3470
891 1452
8096 7825
9330 9408
7675 3295
2385 4697
1196 3689
5700 7810
1149 4402
2528 6046
3588 5574
2223 4404
2153 4244
4848 3143
4178 2392
5986 8338
7300 2326
5133 8443
7332 8339
6150 4654
7377 6022
6724 1440
1740 8380
9241 9299
8542 4472
601 6155
532 4858
2236 2591
5275 7275
6995 8329
393 2301
1941 4742
4520 940
5618 4821
511 8393
5962 3346
8863 5209
8503 5305
7381 7633
8859 6068
1261 7758
7390 985
790 2037
5804 1431
2288 6170
5589 4161
6505 598
2081 2936
4287 1869
448 3746
17 4825
7365 1592
4034 6354
8137 1718
1294 6767
8180 5160
3470 5582
1452 8774
7825 7221
9408 1969
3295 4403
4697 388
3689 1526
7810 812
4402 5049
6046 2631
5574 6455
4404 9063
4244 4631
3143 2189
2392 5077
8338 2974
2326 5565
8443 4013
8339 9132
4654 7457
6022 6052
1440 1165
8380 5255
9299 8031
4472 7094
6155 1349
4858 1392
2591 557
7275 2761
8329 7852
2301 3774
4742 7724
940 2263
4821 3146
8393 1217
3346 7565
5209 1684
5305 5294
7633 6306
6068 3833
7758 8124
985 5026
2037 3620
1431 6991
6170 4511
4161 2295
598 7056
2936 5506
1869 6496
3746 1528
4825 793
1592 3527
6354 6846
1718 5951
6767 5649
5160 6753
5582 6645
8774 8906
7221 4359
1969 1410
4403 4986
388 5698
1526 3600
812 5038
5049 7600
2631 1572
6455 8011
9063 7360
4631 5739
2189 2094
5077 5063
2974 8385
5565 3105
4013 7415
9132 8755
7457 2476
6052 7116
1165 2287
5255 493
8031 2338
7094 9369
1349 8517
1392 1377
557 9084
2761 2818
7852 2197
3774 3184
7724 6969
2263 2175
3146 3086
1217 7486
7565 7818
1684 3990
5294 3883
6306 8101
3833 4752
8124 8264
5026 4186
3620 6254
6991 3464
4511 8747
2295 7176
7056 7003
5506 2284
6496 4198
1528 549
793 8352
3527 1093
6846 101
5951 1372
5649 3916
6753 6300
6645 624
8906 7950
4359 7107
1410 8184
4986 1948
5698 2244
3600 4958
5038 3653
7600 8356
1572 8964
8011 3643
7360 4187
5739 6288
2094 9427
5063 5867
8385 8239
3105 7529
7415 6715
8755 5620
2476 2253
7116 690
2287 6328
493 8373
2338 1702
9369 4271
8517 936
1377 2951
9084 9332
2818 5622
2197 3955
3184 1455
6969 7867
2175 6476
3086 7986
7486 3648
7818 4387
3990 6416
3883 3497
8101 957
4752 1683
8264 5984
4186 7838
6254 8705
3464 4380
8747 795
7176 5528
7003 6720
2284 2489
4198 7345
549 7005
8352 1993
1093 8570
101 3301
1372 5400
3916 1295
6300 1047
624 6279
7950 2460
7107 8423
8184 2467
1948 2441
2244 7948
4958 7015
3653 7080
8356 7967
8964 1548
3643 7979
4187 2469
6288 4800
9427 2115
5867 1938
8239 4897
7529 1539
6715 7343
5620 8376
2253 4931
690 4227
6328 1662
8373 4969
1702 8301
4271 7730
936 3819
2951 4643
9332 5197
5622 3300
3955 4299
1455 6709
7867 1068
6476 1233
7986 2532
3648 5735
4387 4974
6416 3068
3497 4446
957 4975
1683 3730
5984 1082
7838 4109
8705 7319
4380 8576
795 7535
5528 6957
6720 4890
2489 5801
7345 5573
7005 5505
1993 6992
8570 2359
3301 8367
5400 2866
1295 7341
1047 3259
6279 8687
2460 495
8423 4381
2467 7678
2441 3007
7948 6738
7015 5543
7080 7757
7967 1827
1548 5750
7979 48
2469 8990
4800 6120
2115 4583
1938 5600
4897 199
1539 1963
7343 4919
8376 3606
4931 1144
4227 2105
1662 8920
4969 5642
8301 9370
7730 8522
3819 7975
4643 326
5197 9157
3300 5444
4299 8350
6709 3900
1068 3217
1233 1025
2532 5549
5735 8279
4974 3749
3068 6808
4446 2179
4975 6277
3730 5829
1082 9388
4109 568
7319 4069
8576 6213
7535 6644
6957 5972
4890 2948
5801 2598
5573 8038
5505 530
6992 2908
2359 6569
8367 4510
2866 6014
7341 704
3259 4212
8687 8444
495 1422
4381 3306
7678 9144
3007 6367
6738 3529
5543 2494
7757 4913
1827 3912
5750 1427
48 9087
8990 2177
6120 4014
4583 3490
5600 1621
199 8207
1963 7791
4919 8548
3606 8917
1144 5287
2105 3604
8920 3232
5642 1417
9370 4039
8522 3237
7975 7058
326 2944
9157 2266
5444 6250
8350 7456
3900 3554
3217 508
1025 2677
5549 7307
8279 7778
3749 1243
6808 8291
2179 8985
6277 1699
5829 1493
9388 6686
568 2419
4069 5508
6213 5593
6644 5527
5972 8543
2948 9264
2598 5983
8038 7443
530 1711
2908 4770
6569 6024
4510 9162
6014 4647
704 1597
4212 9284
8444 7833
1422 3599
3306 7797
9144 3478
6367 4650
3529 6386
2494 7936
4913 8630
3912 7180
1427 4930
9087 1017
2177 1588
4014 8383
3490 3479
1621 8275
8207 8086
7791 7016
8548 8296
8917 6058
5287 2593
3604 520
3232 9004
1417 7273
4039 7684
3237 5078
7058 3711
2944 6861
2266 5890
6250 5916
7456 2204
3554 4621
508 8214
2677 7396
7307 4778
7778 89
1243 2902
8291 211
8985 7040
1699 5412
1493 3536
6686 3530
2419 3821
5508 3332
5593 455
5527 6246
8543 1771
9264 3629
5983 8469
7443 4642
1711 8150
4770 5277
6024 4290
9162 7530
4647 4966
1597 208
9284 7161
7833 8923
3599 1527
7797 7055
3478 7414
4650 2624
6386 4690
7936 4962
8630 5241
7180 6732
4930 7515
1017 8637
1588 8765
8383 853
3479 2579
8275 7505
8086 7901
7016 2383
8296 6070
6058 86
2593 4794
520 4909
9004 4480
7273 5157
7684 2704
5078 4683
3711 9340
6861 80
5890 1976
5916 1769
2204 538
4621 7643
8214 3066
7396 4024
4778 6124
89 3251
2902 8768
211 2860
7040 9401
5412 3247
3536 7826
3530 6970
3821 7330
3332 7334
455 8978
6246 6952
1771 6676
3629 4816
8469 2839
4642 5083
8150 6252
5277 8811
4290 6358
7530 1024
4966 5177
208 3205
7161 5014
8923 4668
1527 1859
7055 4797
7414 358
2624 2920
4690 3383
4962 2888
5241 1844
6732 6978
7515 2953
8637 1383
8765 5185
853 274
2579 4604
7505 2466
7901 8223
2383 8925
6070 8720
86 1489
4794 2885
4909 1271
4480 628
5157 7862
2704 2021
4683 8369
9340 2451
80 2954
1976 6454
1769 8760
538 1808
7643 3043
3066 1248
4024 3733
6124 3770
3251 8676
8768 8229
2860 922
9401 5658
3247 5776
7826 6105
6970 5361
7330 2474
7334 3824
8978 3159
6952 172
6676 8806
4816 7669
2839 9291
5083 2539
6252 3627
8811 5610
6358 2708
1024 1922
5177 8165
3205 4632
5014 2101
4668 4365
1859 7195
4797 756
358 3100
2920 5587
3383 9296
2888 6221
1844 2380
6978 1210
2953 734
1383 7531
5185 516
274 5777
4604 2352
2466 124
8223 5501
8925 9250
8720 1316
1489 4685
2885 7403
1271 6787
628 4572
7862 2059
2021 615
8369 7870
2451 5128
2954 5714
6454 3967
8760 1893
1808 7846
3043 7248
1248 1826
3733 9409
3770 3657
8676 2662
8229 2997
922 6906
5658 3507
5776 4648
6105 3804
5361 481
2474 9270
3824 5562
3159 5316
172 5650
8806 4933
7669 3871
9291 6175
2539 6746
3627 9246
5610 3884
2708 7444
1922 800
8165 1202
4632 3065
2101 8146
4365 6216
7195 5643
756 9215
3100 6516
5587 3373
9296 7004
6221 8938
2380 7076
1210 5665
734 9295
7531 849
516 4307
5777 7032
2352 7339
124 5897
5501 5181
9250 5703
1316 3169
4685 4828
7403 3051
6787 503
4572 1134
2059 178
615 5841
7870 34
5128 640
5714 1327
3967 7630
1893 2414
7846 6949
7248 2658
1826 8493
9409 8717
3657 6985
2662 7610
2997 901
6906 4444
3507 133
4648 9000
3804 992
481 7615
9270 8351
5562 4977
5316 9371
5650 9088
4933 4042
3871 1167
6175 8518
6746 6179
9246 3802
3884 5715
7444 3462
800 4135
1202 8287
3065 6402
8146 5566
6216 5692
5643 8001
9215 2930
6516 6190
3373 1651
7004 7466
8938 9338
7076 5577
5665 8718
9295 4704
849 3539
4307 370
7032 4200
7339 6879
5897 1590
5181 2608
5703 3535
3169 8012
4828 3382
3051 1405
503 3837
1134 7634
178 7490
5841 2614
34 4869
640 6430
1327 3660
7630 1537
2414 7269
6949 5579
2658 7416
8493 1246
8717 2310
6985 6474
7610 9400
901 1346
4444 82
133 5122
9000 5027
992 4853
7615 5217
8351 8008
4977 1375
9371 7212
9088 2171
4042 5623
1167 806
8518 4386
6179 2173
3802 9014
5715 8678
3462 144
4135 4953
8287 8801
6402 9111
5566 5744
5692 7186
8001 5923
2930 785
6190 5525
1651 7314
7466 5313
9338 8065
5577 1657
8718 5488
4704 9198
3539 3911
370 2405
4200 6384
6879 6065
1590 816
2608 421
3535 1556
8012 2943
3382 3737
1405 1063
3837 9121
7634 5391
7490 4831
2614 9367
4869 6727
6430 4819
3660 2717
1537 8283
7269 1554
5579 651
7416 3297
1246 105
2310 55
6474 953
9400 6100
1346 6101
82 3408
5122 7717
5027 8431
4853 8145
5217 7814
8008 6711
1375 223
7212 1244
2171 7217
5623 316
806 4852
4386 3344
2173 813
9014 1707
8678 6486
144 1822
4953 250
8801 3920
9111 3616
5744 3888
7186 1763
5923 5010
785 7955
5525 7521
7314 2846
5313 418
8065 2852
1657 424
5488 8499
9198 7859
3911 1831
2405 5108
6384 5223
6065 7888
816 2690
421 5728
1556 1400
2943 4336
3737 4170
1063 1641
9121 9146
5391 8766
4831 3420
9367 97
6727 1085
4819 962
2717 260
8283 7223
1554 701
651 7635
3297 1064
105 2654
55 7458
953 1371
6100 7081
6101 6684
3408 859
7717 3197
8431 8003
8145 3308
7814 890
6711 9066
223 2752
1244 4047
7217 1205
316 1359
4852 6886
3344 8195
813 1594
1707 3797
6486 9406
1822 4537
250 5907
3920 6875
3616 1499
3888 5607
1763 7805
5010 2122
7955 2226
7521 2517
2846 4940
418 6399
2852 3998
424 5837
8499 4410
7859 7728
1831 4428
5108 1381
5223 4248
7888 8598
2690 997
5728 2969
1400 6653
4336 4263
4170 1803
1641 2671
9146 3182
8766 8325
3420 3579
97 1967
1085 3799
962 2337
260 2793
7223 2142
701 7402
7635 905
1064 6475
2654 3131
7458 1962
1371 6603
7081 9413
6684 3979
859 4728
3197 9362
8003 920
3308 8735
890 5098
9066 5067
2752 8867
4047 8528
1205 8730
1359 3752
6886 9032
8195 8327
1594 9135
3797 5787
9406 5981
4537 6669
5907 1097
6875 9265
1499 6033
5607 809
7805 8114
2122 6971
2226 6804
2517 2485
4940 5068
6399 1760
3998 7543
5837 2753
4410 1746
7728 7834
4428 7184
1381 6142
4248 2030
8598 5621
997 5395
2969 6719
6653 5661
4263 1898
1803 7969
2671 1470
3182 5606
8325 4841
3579 8505
1967 4166
3799 2452
2337 7432
2793 3997
2142 2146
7402 8336
905 6109
6475 5334
3131 5079
1962 1730
6603 889
9413 544
3979 6616
4728 1510
9362 2200
920 980
8735 6900
5098 2836
5067 4040
8867 702
8528 6574
8730 5470
3752 3690
9032 3943
8327 5664
9135 1136
5787 751
5981 3192
6669 276
1097 4946
9265 7155
6033 19
809 4917
8114 5174
6971 1663
6804 2403
2485 6117
5068 9376
1760 386
7543 5057
2753 626
1746 2709
7834 866
7184 7638
6142 9100
2030 1124
5621 1812
5395 3290
6719 3726
5661 2331
1898 724
7969 5114
1470 6922
5606 4201
4841 3492
8505 1919
4166 1204
2452 3272
7432 6923
3997 7054
2146 9297
8336 6869
6109 5718
5334 5398
5079 6106
1730 5155
889 3
544 3365
6616 8346
1510 5687
2200 3458
980 2521
6900 7796
2836 3846
4040 2672
702 7163
6574 3355
5470 6164
3690 6597
3943 8812
5664 5655
1136 7674
751 9421
3192 6339
276 6935
4946 2268
7155 5889
19 2208
4917 8089
5174 8044
1663 5165
2403 5225
6117 1667
9376 4833
386 7488
5057 821
626 3025
2709 2978
866 3423
7638 6350
9100 2612
1124 846
1812 6440
3290 226
3726 3878
2331 3359
724 8484
5114 4721
6922 8808
4201 1693
3492 7475
1919 7179
1204 8475
3272 3642
6923 6154
7054 1999
9297 1249
6869 8485
5718 7242
5398 3944
6106 241
5155 5893
3 7894
3365 1974
8346 6857
5687 8524
3458 6188
2521 364
7796 423
3846 9222
2672 1983
7163 8831
3355 1874
6164 6571
6597 2713
8812 8313
5655 4102
7674 3639
9421 4649
6339 8603
6935 3042
2268 5310
5889 2097
2208 4598
8089 5568
8044 1617
5165 929
5225 7965
1667 3868
4833 1220
7488 7168
821 3107
3025 715
2978 4281
3423 8360
6350 6694
2612 1986
846 3766
6440 3294
226 9007
3878 5550
3359 2447
8484 1084
4721 3750
8808 7141
1693 4466
7475 5045
7179 4875
8475 6741
3642 8803
6154 1654
1999 4747
1249 242
8485 6126
7242 3269
3944 8288
241 1184
5893 604
7894 1036
1974 9113
6857 1263
8524 1640
6188 6412
364 7146
423 4279
9222 8263
1983 5536
8831 4141
1874 7279
6571 115
2713 1139
8313 8660
4102 3919
3639 5740
4649 3938
8603 7578
3042 5061
5310 6951
2097 4357
4598 8779
5568 4692
1617 7166
929 4912
7965 467
3868 3440
1220 3876
7168 1446
3107 646
715 1809
4281 4812
8360 2034
6694 12
1986 3638
3766 4270
3294 7423
9007 3619
5550 6688
2447 5537
1084 1607
3750 3121
7141 9308
4466 3745
5045 9411
4875 7499
6741 2503
8803 3756
1654 9136
4747 4412
242 1642
6126 2437
3269 5435
8288 8073
1184 6566
604 1798
1036 9096
9113 8107
1263 184
1640 4181
6412 7287
7146 5242
4279 180
8263 7864
5536 6892
4141 2031
7279 1754
115 5963
1139 1521
8660 7511
3919 3357
5740 6317
3938 3715
7578 3517
5061 8702
6951 7968
4357 8458
8779 4795
4692 4765
7166 6064
4912 7374
467 2979
3440 3592
3876 6916
1446 1989
646 2080
1809 977
4812 2479
2034 1551
12 2739
3638 9060
4270 9271
7423 5846
3619 4004
6688 4738
5537 5496
1607 3965
3121 3775
9308 352
3745 5282
9411 8276
7499 3678
2503 5354
3756 2362
9136 6702
4412 1839
1642 8088
2437 2147
5435 8102
8073 3787
6566 6039
1798 8626
9096 7518
8107 5276
184 2919
4181 2849
7287 2741
5242 8810
180 7586
7864 4623
6892 5433
2031 5943
1754 3125
5963 3813
1521 9247
7511 1060
3357 7008
6317 1269
3715 1561
3517 3672
8702 4708
7968 6618
8458 3684
4795 8927
4765 1570
6064 8309
7374 6557
2979 7313
3592 1923
6916 4540
1989 7142
2080 4436
977 1153
2479 156
1551 7832
2739 4140
9060 8277
9271 6884
5846 4916
4004 3564
4738 25
5496 8247
3965 6509
3775 2357
352 7371
5282 4210
8276 4870
3678 1387
5354 7271
2362 2160
6702 5072
1839 3148
8088 5571
2147 3050
8102 8988
3787 3292
6039 9263
8626 3321
7518 3151
5276 6654
2919 874
2849 4179
2741 3225
8810 4567
7586 3286
4623 3662
5433 8947
5943 4684
3125 5231
3813 2813
9247 3807
1060 8815
7008 746
1269 2019
1561 1674
3672 1007
4708 7001
6618 1335
3684 8739
8927 8553
1570 3641
8309 7835
6557 4889
7313 2386
1923 3325
4540 2496
7142 2257
4436 970
1153 1660
156 7647
7832 1433
4140 6579
8277 3714
6884 7987
4916 2765
3564 5116
25 754
8247 699
6509 5285
2357 2710
7371 8495
4210 4593
4870 3995
1387 7658
7271 5214
2160 662
5072 6784
3148 27
5571 1851
3050 1636
8988 2384
3292 6823
9263 4659
3321 5100
3151 9322
6654 900
874 735
4179 4611
3225 8530
4567 3139
3286 6573
3662 4936
8947 2472
4684 8234
5231 6894
2813 2896
3807 3622
8815 5668
746 909
2019 452
1674 8736
1007 2792
7001 5544
1335 612
8739 5775
8553 422
3641 6132
7835 6220
4889 6520
2386 4502
3325 2726
2496 3152
2257 5304
970 4967
1660 179
7647 779
1433 3186
6579 4947
3714 3260
7987 989
2765 7429
5116 1649
754 6713
699 1796
5285 2100
2710 2243
8495 1048
4593 2533
3995 464
7658 3546
5214 5516
662 403
6784 7597
27 4385
1851 4842
1636 5852
2384 7507
6823 125
4659 8174
5100 1495
9322 1232
900 5094
735 2201
4611 1972
8530 413
3139 8946
6573 4709
4936 6572
2472 1142
8234 7676
6894 3087
2896 9310
3622 5485
5668 270
909 2779
452 1914
8736 6508
2792 9011
5544 5591
612 2210
5775 1466
422 7929
6132 6540
6220 1741
6520 3496
4502 540
2726 4849
3152 6998
5304 5956
4967 7219
179 5422
779 2144
3186 840
4947 7815
3260 3667
989 8033
7429 2011
1649 2911
6713 741
1796 7942
2100 5175
2243 2659
1048 5376
2533 6816
464 7801
3546 720
5516 3608
403 7944
7597 4208
4385 2780
4842 6242
5852 8396
7507 2008
125 8562
8174 529
1495 946
1232 8759
5094 6844
2201 7147
1972 2844
413 5321
8946 3598
4709 3771
6572 8098
1142 7060
7676 1291
3087 5859
9310 3135
5485 188
270 8746
2779 2300
1914 384
6508 4159
9011 1766
5591 2809
2210 3367
1466 6490
7929 6497
6540 733
1741 6353
3496 5424
540 2029
4849 3058
6998 1659
5956 2546
7219 1044
5422 8823
2144 4070
840 7659
7815 6986
3667 6555
8033 7538
2011 9012
2911 4424
741 6779
7942 9256
5175 4822
2659 2470
5376 3950
6816 2040
7801 5761
720 1035
3608 1578
7944 9192
4208 1856
2780 245
6242 1447
8396 378
2008 6993
8562 3403
529 8298
946 6460
8759 8966
6844 8606
7147 6925
2844 2167
5321 2894
3598 6343
3771 7749
8098 8049
7060 2446
1291 7534
5859 932
3135 264
188 1984
8746 8781
2300 7202
384 9373
4159 5365
1766 2316
2809 3729
3367 1420
6490 8084
6497 2618
733 1835
6353 3669
5424 2293
2029 6123
3058 3538
1659 3848
2546 9300
1044 1571
8823 2887
4070 5360
7659 5386
6986 6495
6555 6011
7538 8627
9012 1643
4424 4987
6779 3522
9256 85
4822 7625
2470 5908
3950 7253
2040 7265
5761 7203
1035 9329
1578 6822
9192 1810
1856 2020
245 351
1447 1837
378 8592
6993 2028
3403 8908
8298 5107
6460 5415
8966 6204
8606 6848
6925 631
2167 102
2894 7162
6343 6946
7749 5617
8049 340
2446 7451
7534 392
932 1276
264 1388
1984 7824
8781 472
7202 4028
9373 4292
5365 9377
2316 8344
3729 1451
1420 3584
8084 7856
2618 4407
1835 5336
3669 918
2293 3963
6123 3590
3538 3832
3848 8880
9300 8093
1571 7268
2887 2641
5360 9353
5386 1705
6495 656
6011 4057
8627 2442
1643 8743
4987 4199
3522 266
85 8028
7625 6461
5908 9155
7253 2921
7265 6968
7203 1828
9329 1479
6822 3249
1810 2272
2020 4658
351 7459
1837 6611
8592 4327
2028 3560
8908 572
5107 3166
5415 4341
6204 4203
6848 2829
631 1247
102 6799
7162 3982
6946 327
5617 3389
340 2497
7451 3498
392 5273
1276 3924
1388 3524
7824 6856
472 1403
4028 5818
4292 7353
9377 1354
8344 7504
1451 6422
3584 2644
7856 6378
4407 234
5336 2722
918 4956
3963 1888
3590 6525
3832 6371
8880 3371
8093 2233
7268 2065
2641 7229
9353 4422
1705 1838
656 2731
4057 740
2442 7884
8743 2561
4199 2224
266 712
8028 5464
6461 2493
9155 1282
2921 164
6968 5601
1828 3574
1479 8667
3249 1497
2272 1915
4658 7772
7459 3918
6611 2072
4327 4051
3560 7156
572 1415
3166 1367
4341 7893
4203 6982
2829 6215
1247 2339
6799 991
3982 2965
327 8002
3389 732
2497 5392
3498 7288
5273 8018
3924 1214
3524 5556
6856 998
1403 6348
5818 8439
7353 1966
1354 5503
7504 5423
6422 173
2644 5756
6378 4921
234 6740
2722 5071
4956 4304
1888 5489
6525 2039
6371 1241
3371 5125
2233 4231
2065 8873
7229 8510
4422 689
1838 4507
2731 752
740 8911
7884 3914
2561 6796
2224 9290
712 8546
5464 3347
2493 2052
1282 8679
164 5830
5601 3964
3574 8953
8667 4847
1497 1023
1915 6703
7772 5458
3918 7326
2072 5998
4051 786
7156 8347
1415 3594
1367 4965
7893 978
6982 1472
6215 3630
2339 3208
991 3010
2965 202
8002 2246
732 705
5392 9199
7288 8599
8018 659
1214 3628
5556 4586
998 1208
6348 7522
8439 9313
1966 1930
5503 398
5423 6803
173 6462
5756 7257
4921 1166
6740 5800
5071 9398
4304 5355
5489 2538
2039 769
1241 4415
5125 3322
4231 365
8873 9220
8510 8648
689 3284
4507 4578
752 6637
8911 7653
3914 9030
6796 5409
9290 1577
8546 5238
3347 8078
2052 3167
8679 5047
5830 6609
3964 635
8953 7425
4847 6575
1023 1745
6703 5869
5458 906
7326 7209
5998 3422
786 1145
8347 90
3594 621
4965 7829
978 3845
1472 726
3630 4927
3208 873
3010 5520
202 3482
2246 8555
705 4674
9199 7639
8599 3154
659 6153
3628 1630
4586 1201
1208 4959
7522 2550
9313 8773
1930 1997
398 360
6803 3703
6462 2536
7257 7584
1166 8445
5800 8959
9398 7680
5355 5640
2538 5690
769 2622
4415 8750
3322 6967
365 9363
9220 9044
8648 2688
3284 3591
4578 1858
6637 4614
7653 3157
9030 3228
5409 6392
1577 3207
5238 8941
8078 8639
3167 3415
5047 4351
6609 7029
635 4193
7425 9316
6575 4543
1745 8182
5869 4454
906 6072
7209 9234
3422 2992
1145 677
90 5558
621 7276
7829 8786
3845 1212
726 3754
4927 9437
873 2225
5520 8847
3482 8956
8555 7792
4674 159
7639 3722
3154 7960
6153 5326
1630 9174
1201 8070
4959 3196
2550 8460
8773 1719
1997 2825
360 8149
3703 2750
2536 9274
7584 6904
8445 4285
8959 113
7680 1317
5640 3271
5690 8665
2622 3549
8750 1492
6967 2440
9363 5431
9044 4525
2688 6860
3591 9324
1858 3132
4614 3230
3157 4488
3228 4634
6392 5492
3207 2695
8941 3953
8639 2683
3415 2228
4351 7385
7029 2372
4193 4806
9316 1992
4543 8822
8182 4241
4454 4929
6072 5111
9234 77
2992 4204
677 3677
5558 7847
7276 8986
8786 6635
1212 5179
3754 9245
9437 3203
2225 2610
8847 6436
8956 8780
7792 1486
159 4715
3722 5863
7960 7932
5326 7110
9174 4553
8070 7564
3196 573
8460 4275
1719 3879
2825 3062
8149 4418
2750 3222
9274 9056
6904 504
4285 2567
113 2387
1317 4519
3271 1961
8665 3580
3549 9005
1492 629
2440 3481
5431 5526
4525 6218
6860 546
9324 801
3132 4722
3230 4358
4488 8189
4634 8017
5492 5875
2695 948
3953 1458
2683 2511
2228 1406
7385 3780
2372 7640
4806 9133
1992 2976
8822 8418
4241 8307
4929 3348
5111 7776
77 7956
4204 8826
3677 31
7847 7021
8986 1434
6635 4601
5179 5906
9245 1078
3203 3314
2610 6981
6436 939
8780 4041
1486 8772
4715 8802
5863 1870
7932 5961
7110 4988
4553 3378
7564 5028
573 7853
4275 7641
3879 4458
3062 2700
4418 607
3222 5042
9056 8937
504 5637
2567 3632
2387 5036
4519 3671
1961 1283
3580 6177
9005 8050
629 238
3481 2063
5526 1648
6218 5538
546 8119
801 7525
4722 63
4358 6786
8189 7207
8017 4808
5875 1645
948 6032
1458 1476
2511 6766
1406 2412
3780 8699
7640 642
9133 3220
2976 1866
8418 5663
8307 9287
3348 3409
7776 7783
7956 2993
8826 1990
31 8916
7021 2663
1434 630
4601 3822
5906 1768
1078 5388
3314 3356
6981 5931
939 1750
4041 7905
8772 4228
8802 7692
1870 6918
5961 5124
4988 6198
3378 7260
5028 4305
7853 3674
7641 9298
4458 4289
2700 3748
607 3456
5042 3518
8937 5605
5637 3283
3632 1265
5036 5396
3671 921
1283 7328
6177 5933
8050 5232
238 4755
2063 5146
1648 8027
5538 6415
8119 7972
7525 9394
63 7336
6786 2465
7207 8429
4808 8024
1645 8654
6032 429
1476 8594
6766 3836
2412 647
8699 4100
642 4618
3220 2798
1866 8398
5663 8787
9287 4369
3409 6223
7783 4514
2993 613
1990 8642
8916 1426
2663 1504
630 8406
3822 6458
1768 282
5388 2939
3356 7943
5931 1130
1750 579
7905 2566
4228 2484
7692 2274
6918 8557
5124 5341
6198 1366
7260 5861
4305 353
3674 7910
9298 1100
4289 2182
3748 4022
3456 7681
3518 7154
5605 3495
3283 888
1265 9078
5396 776
921 7622
7328 4937
5933 527
5232 6199
4755 562
5146 6521
8027 9125
6415 6143
7972 6678
9394 7753
