1303
1168 1173
1168 322
1173 371
1173 1008
322 650
371 280
371 854
371 603
371 187
1008 687
1008 122
1008 449
650 786
280 254
280 92
854 105
854 1003
854 948
603 204
603 1174
603 128
187 93
187 654
187 1263
687 1065
687 1133
687 1170
122 347
449 629
449 811
449 751
786 414
786 205
254 180
92 200
92 838
105 494
105 245
1003 1037
1003 671
948 1281
948 498
948 1264
204 343
204 1160
1174 80
1174 909
128 370
93 765
93 961
654 832
1263 355
1263 1222
1065 1220
1065 385
1133 1276
1133 597
1170 316
347 895
347 1039
629 191
629 324
811 963
751 589
751 1206
414 949
205 641
205 569
180 1234
200 1282
838 1129
838 219
494 816
494 684
245 1236
1037 953
1037 1259
671 814
1281 593
1281 466
498 1058
1264 637
343 882
343 893
1160 672
80 1134
909 291
370 83
765 217
961 173
832 634
355 763
1222 1020
1220 918
385 52
1276 564
597 158
316 858
895 801
1039 712
191 543
324 1093
963 783
589 1255
1206 258
949 422
641 725
569 1016
1234 868
1282 933
1129 443
219 932
816 674
684 1286
1236 713
953 759
1259 424
814 275
593 522
466 1106
1058 375
637 1202
882 247
893 471
672 190
1134 678
291 221
83 888
217 673
173 907
634 796
763 446
1020 580
918 976
52 386
564 409
158 931
858 131
801 5
712 1098
543 575
1093 1044
783 760
1255 726
258 1291
422 274
725 545
1016 573
868 330
933 861
443 967
932 923
674 1081
1286 913
713 643
759 48
424 1150
275 235
522 107
1106 794
375 411
1202 1201
247 570
471 1013
190 653
678 327
221 472
888 271
673 1092
907 611
796 261
446 733
580 675
976 822
386 524
409 584
931 775
131 437
5 38
1098 1229
575 682
1044 1136
760 209
726 614
1291 216
274 820
545 145
573 788
330 649
861 1086
967 930
923 356
1081 140
913 348
643 960
48 119
1150 29
235 1109
107 1261
794 97
411 425
1201 910
570 1017
1013 1113
653 310
327 946
472 1184
271 806
1092 269
611 792
261 1237
733 782
675 1000
822 113
524 26
584 886
775 20
437 844
38 1141
1229 607
682 63
1136 717
209 565
614 916
216 1104
820 546
145 724
788 645
649 683
1086 1157
930 311
356 378
140 1197
348 157
960 1235
119 743
29 72
1109 1250
1261 927
97 883
425 1025
910 648
1017 60
1113 728
310 539
946 941
1184 55
806 49
269 1176
792 1054
1237 578
782 757
1000 1181
113 600
26 929
886 346
20 1140
844 465
1141 488
607 292
63 718
717 736
565 1214
916 586
1104 1153
546 773
724 154
645 470
683 971
1157 416
311 647
378 977
1197 1296
157 344
1235 401
743 299
72 197
1250 503
927 499
883 59
1025 661
648 744
60 903
728 442
539 1298
941 492
55 257
49 1260
1176 78
1054 377
578 130
757 734
1181 727
600 314
929 285
346 263
1140 242
465 460
488 1295
292 450
718 1279
736 1138
1214 270
586 1151
1153 359
773 28
154 475
470 1300
971 559
416 547
647 924
977 1254
1296 50
344 177
401 1228
299 632
197 962
503 77
499 1211
59 101
661 526
744 334
903 188
442 199
1298 809
492 556
257 979
1260 509
78 689
377 789
130 100
734 1146
727 417
314 504
285 591
263 1131
242 981
460 747
1295 1077
450 1266
1279 4
1138 529
270 1284
1151 1196
359 577
28 46
475 373
1300 541
559 1145
547 381
924 512
1254 869
50 1096
177 159
1228 1030
632 1049
962 86
77 1019
1211 762
101 1121
526 282
334 988
188 701
199 1085
809 549
556 609
979 14
509 968
689 35
789 1290
100 1011
1146 234
417 721
504 76
591 31
1131 178
981 902
747 160
1077 612
1266 921
4 679
529 1012
1284 998
1196 716
577 964
46 1182
373 746
541 807
1145 109
381 54
512 555
869 965
1096 380
159 294
1030 802
1049 652
86 618
1019 18
762 1089
1121 1069
282 463
988 700
701 1215
1085 62
549 567
609 408
14 1079
968 994
35 1185
1290 602
1011 1156
234 479
721 156
76 397
31 698
178 473
902 691
160 527
612 493
921 1118
679 413
1012 770
998 845
716 853
964 975
1182 1256
746 39
807 112
109 621
54 897
555 1189
965 973
380 288
294 208
802 710
652 557
618 376
18 943
1089 958
1069 719
463 566
700 1100
1215 969
62 753
567 402
408 848
1079 758
994 840
1185 729
602 47
1156 144
479 232
156 623
397 622
698 325
473 793
691 1007
527 935
493 1068
1118 880
413 87
770 502
845 477
853 1280
975 1267
1256 223
39 226
112 894
621 1224
897 166
1189 696
973 1027
288 1162
208 486
710 1116
557 835
376 530
943 1241
958 135
719 772
566 44
1100 193
969 1047
753 210
402 16
848 388
758 663
840 244
729 855
47 720
144 896
232 986
623 237
622 1270
325 875
793 1243
1007 1094
935 457
1068 66
880 1009
87 89
502 246
477 610
1280 739
1267 1198
223 950
226 172
894 1053
1224 9
166 189
696 818
1027 272
1162 982
486 553
1116 474
835 697
530 132
1241 525
135 230
772 676
44 6
193 357
1047 352
210 745
16 625
388 939
663 749
244 1072
855 1226
720 1183
896 276
986 912
237 27
1270 889
875 212
1243 297
1094 3
457 514
66 1132
1009 1067
89 850
246 312
610 1080
739 11
1198 1114
950 1040
172 1165
1053 481
9 1233
189 240
818 56
272 394
982 506
553 1056
474 750
697 1001
132 1110
525 1120
230 624
676 985
6 390
357 551
352 540
745 1302
625 520
939 389
749 1
1072 1227
1226 1195
1183 19
276 938
912 1004
27 1159
889 787
212 548
297 1042
3 804
514 248
1132 198
1067 1021
850 937
312 856
1080 899
11 328
1114 228
1040 17
1165 532
481 127
1233 1274
240 305
56 487
394 1122
506 455
1056 885
750 1099
1001 748
1110 642
1120 284
624 606
985 1187
390 800
551 467
540 1244
1302 24
520 587
389 1239
1 1180
1227 738
1195 1249
19 7
938 768
1004 706
1159 519
787 164
548 495
1042 952
804 1071
248 992
198 1177
1021 8
937 554
856 420
899 220
328 926
228 742
17 360
532 181
127 480
1274 264
305 966
487 351
1122 406
455 290
885 469
1099 1018
748 1015
642 118
284 797
606 731
1187 255
800 338
467 876
1244 1088
24 482
587 25
1239 936
1180 1285
738 440
1249 1123
7 1303
768 605
706 887
519 1289
164 192
495 251
952 196
1071 837
992 579
1177 616
8 686
554 1062
420 1288
220 1252
926 1258
742 1119
360 1265
181 705
480 104
264 90
966 1169
351 427
406 1232
290 821
469 1095
1018 182
1015 143
118 891
797 542
731 396
255 214
338 489
876 1287
1088 626
482 581
25 1225
936 256
1285 82
440 75
1123 1245
1303 1084
605 870
887 298
1289 1271
192 218
251 1294
196 741
837 295
579 1090
616 755
686 699
1062 278
1288 45
1252 436
1258 1143
1119 142
1265 1161
705 10
104 955
90 1297
1169 462
427 194
1232 40
821 640
1095 774
182 98
143 521
891 162
542 1172
396 596
214 1091
489 293
1287 491
626 1164
581 615
1225 677
256 867
82 1082
75 552
1245 533
1084 604
870 1251
298 222
1271 583
218 925
1294 186
741 857
295 260
1090 974
755 1045
699 1205
278 1112
45 1051
436 1248
1143 1253
142 1175
1161 362
10 341
955 995
1297 249
462 1005
194 418
40 1194
640 630
774 155
98 339
521 846
162 33
1172 544
596 666
1091 537
293 391
491 167
1164 407
615 369
677 41
867 1268
1082 129
552 825
533 53
604 268
1251 103
222 737
583 944
925 490
186 30
857 1152
260 817
974 179
1045 1010
1205 243
1112 1064
1051 1073
1248 636
1253 841
1175 997
362 1209
341 382
995 483
249 12
1005 139
418 342
1194 315
630 1216
155 1034
339 70
846 163
33 313
544 735
666 476
537 1272
391 1022
167 592
407 1041
369 121
41 137
1268 51
129 631
825 1257
53 441
268 646
103 633
737 250
944 266
490 426
30 309
1152 1240
817 980
179 1204
1010 660
243 703
1064 780
1073 1142
636 368
841 430
997 367
1209 68
382 709
483 1193
12 392
139 1155
342 704
315 942
1216 730
1034 84
70 1200
163 989
313 898
735 445
476 448
1272 1103
1022 419
592 628
1041 766
121 668
137 149
51 1107
631 153
1257 1002
441 405
646 849
633 906
250 1293
266 1124
426 690
309 410
1240 892
980 851
1204 384
660 702
703 183
780 1166
1142 523
368 1207
430 777
367 915
68 400
709 21
1193 124
392 67
1155 871
704 957
942 572
730 692
84 805
1200 459
989 594
898 1273
445 863
448 513
1103 1075
419 515
628 169
766 911
668 136
149 329
1107 808
153 1052
1002 784
405 404
849 1208
906 91
1293 1171
1124 1278
690 201
410 1191
892 1128
851 319
384 73
702 1231
183 518
1166 996
523 34
1207 345
777 843
915 878
400 831
21 1046
124 301
67 363
871 96
957 659
572 1060
692 1126
805 970
459 803
594 900
1273 1213
863 267
513 366
1075 613
515 23
169 116
911 114
136 233
329 617
808 508
1052 94
784 1137
404 303
1208 317
91 253
1171 171
1278 211
201 500
1191 1097
1128 1083
319 1006
73 1190
1231 1163
518 439
996 954
34 434
345 769
843 1178
878 550
831 1048
1046 1033
301 147
363 195
96 585
659 1230
1060 165
1126 99
970 1219
803 959
900 141
1213 873
267 340
366 795
613 64
23 239
116 170
114 302
233 283
617 830
508 740
94 454
1137 752
303 993
317 398
253 1028
171 1217
211 464
500 1023
1097 281
1083 95
1006 115
1190 536
1163 57
439 1283
954 987
434 1292
769 176
1178 563
550 1139
1048 778
1033 207
147 134
195 983
585 945
1230 224
165 229
99 847
1219 151
959 1246
141 785
873 88
340 859
795 1218
64 126
239 1147
170 956
302 106
283 333
830 595
740 823
454 447
752 1014
993 1221
398 296
1028 517
1217 435
464 304
1023 206
281 213
95 562
115 453
536 866
57 241
1283 714
987 364
1292 81
176 860
563 842
1139 1059
778 354
207 374
134 307
983 693
945 812
224 175
229 320
847 353
151 722
1246 110
785 438
88 852
859 379
1218 833
126 1070
1147 323
956 917
106 1167
333 306
595 864
823 824
447 657
1014 1277
1221 225
296 1223
517 984
435 102
304 393
206 656
213 478
562 767
453 510
866 688
241 1154
714 1036
364 395
81 665
860 707
842 715
1059 815
354 790
374 1115
307 771
693 1038
812 905
175 1105
320 558
353 58
722 890
110 1188
438 781
852 1262
379 531
833 862
1070 978
323 1066
917 1078
1167 1301
306 372
864 468
824 412
657 685
1277 120
225 184
1223 694
984 999
102 203
393 874
656 655
478 1057
767 919
510 639
688 619
1154 79
1036 125
395 238
665 236
707 1275
715 2
815 776
790 1076
1115 321
771 681
1038 511
905 839
1105 202
558 599
58 908
890 601
1188 1158
781 1050
1262 834
531 32
862 1101
978 627
1066 881
1078 571
1301 15
372 265
468 620
412 69
685 1117
120 150
184 901
694 1192
999 428
203 761
874 1210
655 262
1057 36
919 1186
639 568
619 350
79 723
125 148
238 349
236 779
1275 403
2 336
776 1074
1076 415
321 836
681 799
511 337
839 1111
202 456
599 1179
908 940
601 484
1158 756
1050 972
834 423
32 61
1101 576
627 117
881 865
571 1026
15 358
265 1299
620 361
69 507
1117 22
150 829
901 335
1192 667
428 1144
761 754
1210 560
262 914
36 300
1186 452
568 711
350 1063
723 813
148 485
349 318
779 798
403 108
336 590
1074 42
415 227
836 332
799 664
337 561
1111 1127
456 658
1179 928
940 461
484 111
756 582
972 1148
423 695
61 133
576 608
117 1199
865 1031
1026 13
358 732
1299 669
361 934
507 638
22 308
829 43
335 431
667 259
1144 65
754 951
560 1247
914 287
300 879
452 433
711 1035
1063 215
813 810
485 496
318 501
798 827
108 1024
590 538
42 152
227 383
332 1269
664 872
561 432
1127 231
658 279
928 174
461 1130
111 588
582 708
1148 387
695 516
133 273
608 670
1199 1029
1031 74
13 1203
732 535
669 644
934 1102
638 161
308 444
43 399
431 71
259 37
65 505
951 326
1247 947
287 146
879 791
433 1061
1035 764
215 252
810 920
496 1108
501 1149
827 365
1024 819
538 286
152 1242
383 826
1269 990
872 877
432 574
231 904
279 528
174 123
1130 458
588 1238
708 991
387 1212
516 922
273 534
670 635
1029 1043
74 1032
1203 138
535 277
644 1125
1102 168
161 331
444 451
399 680
71 85
37 429
505 828
326 289
947 884
146 421
791 1055
1061 598
764 1087
252 662
920 1135
1108 185
1149 651
365 497
