6600
2255 4132
2255 1398
2255 339
4132 309
1398 3056
1398 1985
1398 2906
1398 4549
339 6459
339 1507
339 1829
339 3162
309 948
309 1916
309 1046
309 4904
3056 4214
3056 5026
3056 6570
1985 3324
1985 5022
2906 1991
2906 6071
4549 3675
4549 1822
6459 2410
6459 1285
6459 5747
1507 1374
1829 3376
3162 6126
3162 2441
948 1672
948 6229
948 6584
1916 4337
1046 539
4904 724
4904 3314
4214 5827
4214 2930
5026 1040
5026 575
5026 2810
6570 1183
6570 2293
6570 6000
3324 6391
3324 6405
5022 5817
5022 3341
1991 3484
6071 5638
3675 1439
3675 5032
1822 6217
2410 3735
2410 4306
1285 3246
5747 1424
5747 2066
1374 1816
3376 5988
6126 6213
6126 413
2441 5196
1672 4467
6229 4114
6584 2092
4337 978
539 3790
724 3418
724 1029
3314 5049
5827 5752
2930 889
1040 4393
1040 6502
575 5330
2810 4120
1183 3679
2293 4609
6000 333
6391 603
6405 1222
5817 3040
3341 4436
3484 5410
5638 4499
1439 2772
5032 2825
6217 4954
3735 3294
4306 5002
3246 3678
1424 1013
2066 5104
1816 5037
5988 5671
6213 3336
413 6320
5196 6386
4467 3323
4114 270
2092 1307
978 2630
3790 5526
3418 5966
1029 5260
5049 114
5752 4495
889 5160
4393 2615
6502 2427
5330 3496
4120 4429
3679 6452
4609 428
333 1815
603 5483
1222 4188
3040 660
4436 2288
5410 1027
4499 5939
2772 4840
2825 1232
4954 6333
3294 2634
5002 1942
3678 913
1013 5699
5104 687
5037 3695
5671 3128
3336 3493
6320 3172
6386 19
3323 1205
270 1437
1307 1220
2630 2737
5526 1820
5966 4786
5260 4997
114 2249
4495 3107
5160 3630
2615 4618
2427 5605
3496 276
4429 5944
6452 886
428 3829
1815 4266
5483 5933
4188 1019
660 1753
2288 3077
1027 2898
5939 6009
4840 3434
1232 4757
6333 736
2634 5337
1942 371
913 2907
5699 128
687 834
3695 2217
3128 5785
3493 3490
3172 4822
19 1867
1205 4292
1437 763
1220 164
2737 1057
1820 3016
4786 5458
4997 365
2249 1527
3107 4901
3630 1292
4618 4667
5605 2201
276 2891
5944 4726
886 4133
3829 6116
4266 4361
5933 4016
1019 997
1753 4882
3077 3948
2898 3701
6009 738
3434 5830
4757 2510
736 390
5337 1131
371 3822
2907 2107
128 1773
834 3184
2217 835
5785 2394
3490 5974
4822 1731
1867 789
4292 5581
763 5845
164 4946
1057 2354
3016 5649
5458 5115
365 4090
1527 4720
4901 4849
1292 1296
4667 127
2201 5640
2891 3050
4726 1002
4133 560
6116 44
4361 2052
4016 6015
997 5498
4882 1677
3948 5583
3701 1912
738 455
5830 119
2510 5164
390 6532
1131 6157
3822 2035
2107 2751
1773 4920
3184 2497
835 4734
2394 5793
5974 3803
1731 5599
789 5674
5581 3650
5845 3354
4946 5394
2354 945
5649 2156
5115 5877
4090 5621
4720 2901
4849 2279
1296 5420
127 542
5640 846
3050 1858
1002 2674
560 5887
44 4379
2052 3106
6015 2461
5498 4607
1677 4854
5583 2677
1912 1709
455 5627
119 3338
5164 1075
6532 244
6157 6460
2035 1505
2751 1807
4920 2788
2497 2398
4734 3454
5793 574
3803 4157
5599 1593
5674 1629
3650 5843
3354 5039
5394 3179
945 6169
2156 3068
5877 355
5621 4994
2901 1067
2279 6261
5420 3602
542 2741
846 1528
1858 4972
2674 5943
5887 3407
4379 4915
3106 2965
2461 1370
4607 4094
4854 4637
2677 528
1709 5847
5627 6228
3338 4370
1075 2635
244 1732
6460 2828
1505 4369
1807 2072
2788 1367
2398 740
3454 32
574 3642
4157 6284
1593 5835
1629 711
5843 5381
5039 139
3179 1574
6169 3979
3068 3702
355 2127
4994 2714
1067 5329
6261 6448
3602 2058
2741 6527
1528 5027
4972 6417
5943 5657
3407 964
4915 4554
2965 6539
1370 644
4094 5426
4637 5677
528 5361
5847 5212
6228 5839
4370 495
2635 2472
1732 6313
2828 3706
4369 5400
2072 2655
1367 490
740 1738
32 4224
3642 2153
6284 1151
5835 1655
711 5480
5381 501
139 2186
1574 1315
3979 3704
3702 2922
2127 3387
2714 3483
5329 5143
6448 6566
2058 550
6527 133
5027 2306
6417 594
5657 344
964 5228
4554 2147
6539 2575
644 1266
5426 4156
5677 4764
5361 3170
5212 4930
5839 1419
495 3557
2472 2281
6313 1584
3706 5831
5400 5702
2655 4663
490 6180
1738 4656
4224 4639
2153 2508
1151 1249
1655 4713
5480 1610
501 6369
2186 3053
1315 5194
3704 321
2922 4452
3387 6406
3483 3292
5143 1545
6566 4031
550 5367
133 136
2306 4077
594 1569
344 5187
5228 5925
2147 596
2575 2659
1266 106
4156 3088
4764 1662
3170 2081
4930 4641
1419 2796
3557 6143
2281 5783
1584 2237
5831 2761
5702 821
4663 2500
6180 3937
4656 3636
4639 2556
2508 278
1249 485
4713 2012
1610 3441
6369 6193
3053 531
5194 5222
321 5672
4452 3378
6406 2292
3292 1351
1545 2509
4031 545
5367 6036
136 5513
4077 2243
1569 4787
5187 315
5925 1051
596 2524
2659 5345
106 6172
3088 5087
1662 1110
2081 13
4641 1303
2796 2284
6143 2638
5783 6271
2237 939
2761 4906
821 460
2500 2450
3937 3687
3636 5856
2556 5004
278 638
485 3398
2012 5209
3441 2122
6193 5055
531 1787
5222 4922
5672 6103
3378 742
2292 4791
1351 909
2509 6511
545 487
6036 1206
5513 1580
2243 5749
4787 3102
315 1837
1051 3930
2524 358
5345 165
6172 1269
5087 2213
1110 5256
13 5656
1303 1397
2284 4666
2638 60
6271 1083
939 4566
4906 3216
460 1748
2450 417
3687 2483
5856 1276
5004 4343
638 1836
3398 897
5209 1645
2122 5257
5055 6102
1787 4601
4922 781
6103 2919
742 3966
4791 2274
909 198
6511 4225
487 3992
1206 5487
1580 2640
5749 6453
3102 2430
1837 3364
3930 5227
358 2200
165 5491
1269 2956
2213 3647
5256 3919
5656 813
1397 6392
4666 1100
60 1018
1083 617
4566 5683
3216 1767
1748 3509
417 1604
2483 5666
1276 6245
4343 3754
1836 1889
897 1595
1645 3019
5257 3357
6102 5818
4601 4241
781 6072
2919 631
3966 1092
2274 5168
198 5664
4225 4712
3992 1329
5487 271
2640 1438
6453 5578
2430 327
3364 6455
5227 4977
2200 5124
5491 4168
2956 6198
3647 6551
3919 5996
813 534
6392 232
1100 3886
1018 3691
617 6595
5683 2905
1767 5197
3509 4953
1604 4562
5666 5123
6245 2115
3754 3082
1889 6425
1595 3031
3019 2181
3357 174
5818 2559
4241 6585
6072 776
631 1516
1092 2522
5168 3963
5664 1236
4712 4919
1329 1026
271 6037
1438 3786
5578 2976
327 741
6455 5404
4977 2804
5124 6447
4168 1813
6198 4347
6551 5068
5996 4510
534 3600
232 5523
3886 178
3691 1420
6595 1023
2905 5023
5197 3214
4953 5113
4562 3274
5123 5321
2115 587
3082 1786
6425 3284
3031 2676
2181 4860
174 5803
2559 1055
6585 2948
776 923
1516 2895
2522 3182
3963 3973
1236 898
4919 3295
1026 3453
6037 553
3786 3599
2976 2539
741 4075
5404 2773
2804 3713
6447 2652
1813 5908
4347 3459
5068 1365
4510 3477
3600 5358
5523 1713
178 4652
1420 1812
1023 4544
5023 4058
3214 1313
5113 5445
3274 2245
5321 1422
587 402
1786 3933
3284 6522
2676 4397
4860 6482
5803 304
1055 1730
2948 3280
923 1907
2895 1639
3182 3809
3973 216
898 3208
3295 3760
3453 2962
553 3856
3599 3086
2539 54
4075 3671
2773 4701
3713 682
2652 4290
5908 3010
3459 1575
1365 4144
3477 4130
5358 5307
1713 2463
4652 1001
1812 585
4544 3339
4058 2428
1313 5512
5445 6182
2245 2566
1422 5034
402 5092
3933 5419
6522 4218
4397 2389
6482 2857
304 1105
1730 5276
3280 2220
1907 3096
1639 4829
3809 1654
216 3350
3208 5890
3760 4807
2962 4327
3856 3911
3086 1407
54 5520
3671 310
4701 2135
682 2999
4290 1172
3010 326
1575 700
4144 5972
4130 4087
5307 866
2463 1922
1001 5395
585 858
3339 2460
2428 3920
5512 5615
6182 1471
2566 83
5034 4267
5092 1270
5419 6529
4218 3685
2389 426
2857 150
1105 6567
5276 5602
2220 5569
3096 525
4829 4071
1654 2205
3350 3859
5890 5912
4807 786
4327 4805
3911 4383
1407 661
5520 72
310 152
2135 1652
2999 4479
1172 3964
326 2421
700 76
5972 5000
4087 4020
866 5746
1922 3227
5395 3075
858 4676
2460 6249
3920 401
5615 3909
1471 1542
83 2558
4267 53
1270 2242
6529 3226
3685 6490
426 6270
150 37
6567 1696
5602 4681
5569 1901
525 4140
4071 3114
2205 3751
3859 2966
5912 1819
786 952
4805 783
4383 3915
661 3020
72 2414
152 989
1652 4610
4479 3633
3964 6218
2421 2132
76 5917
5000 3303
4020 2740
5746 4249
3227 3925
3075 3552
4676 4283
6249 5425
401 3506
3909 502
1542 3311
2558 2613
53 6
2242 2823
3226 1203
6490 4541
6270 6440
37 6493
1696 35
4681 1869
1901 651
4140 4978
3114 4013
3751 5904
2966 998
1819 4629
952 4093
783 4861
3915 2400
3020 1304
2414 373
989 2286
4610 669
3633 2794
6218 5684
2132 680
5917 5406
3303 3399
2740 117
4249 3449
3925 2853
3552 2466
4283 58
5425 690
3506 4532
502 4529
3311 281
2613 3871
6 5221
2823 2126
1203 2151
4541 5496
6440 3640
6493 914
35 5870
1869 1118
651 2233
4978 827
4013 1102
5904 5443
998 510
4629 1774
4093 4433
4861 4069
2400 2701
1304 5724
373 3794
2286 4286
669 4971
2794 982
5684 878
680 1360
5406 2192
3399 4683
117 1
3449 6330
2853 5914
2466 1785
58 3698
690 4759
4532 6486
4529 2121
281 2734
3871 1345
5221 2572
2126 3768
2151 4003
5496 2057
3640 1095
914 4811
5870 5968
1118 806
2233 5872
827 1465
1102 6204
5443 5940
510 282
1774 3331
4433 2301
4069 5468
2701 522
5724 1845
3794 946
4286 137
4971 5690
982 1049
878 860
1360 5784
2192 6359
4683 2855
1 2221
6330 4334
5914 2647
1785 505
3698 5349
4759 3346
6486 755
2121 4987
2734 4022
1345 5291
2572 1989
3768 2426
4003 3444
2057 6508
1095 4006
4811 52
5968 2215
806 3235
5872 567
1465 1717
6204 6355
5940 2254
282 6225
3331 5028
2301 1980
5468 4812
522 3109
1845 1508
946 6133
137 5795
5690 1617
1049 2978
860 1093
5784 4002
6359 6122
2855 2703
2221 4630
4334 4261
2647 4172
505 4254
5349 206
3346 2754
755 4950
4987 3425
4022 1463
5291 370
1989 2129
2426 1984
3444 5545
6508 1903
4006 3817
52 4697
2215 2226
3235 2553
567 2203
1717 5149
6355 5332
2254 2988
6225 725
5028 3071
1980 3395
4812 4677
3109 10
1508 1641
6133 1946
5795 3205
1617 3492
2978 6562
1093 3898
4002 1037
6122 4509
2703 424
4630 1906
4261 2492
4172 3759
4254 4062
206 2846
2754 4371
4950 2235
3425 6435
1463 2954
370 2106
2129 3787
1984 4966
5545 5563
1903 4038
3817 5053
4697 4516
2226 5107
2553 5633
2203 3663
5149 634
5332 4116
2988 6098
725 2502
3071 1627
3395 3236
4677 2071
10 4196
1641 5588
1946 4899
3205 4744
3492 2485
6562 1297
3898 6383
1037 3548
4509 211
424 2782
1906 4019
2492 389
3759 4909
4062 5828
2846 6395
4371 4830
2235 3986
6435 2193
2954 3784
2106 1376
3787 1295
4966 2710
5563 4096
4038 2109
5053 2327
4516 6237
5107 710
5633 564
3663 6110
634 2223
4116 4990
6098 5980
2502 4914
1627 1259
3236 3253
2071 3317
4196 5380
5588 4178
4899 2067
4744 4412
2485 135
1297 747
6383 1650
3548 1390
211 2359
2782 5691
4019 3572
389 1707
4909 2353
5828 5399
6395 4644
4830 5294
3986 4139
2193 3987
3784 2683
1376 2515
1295 5040
2710 2721
4096 2149
2109 4834
2327 5624
6237 5360
710 1887
564 4368
6110 1539
2223 61
4990 3286
5980 1238
4914 5086
1259 298
3253 5789
3317 586
5380 4878
4178 4526
2067 6353
4412 400
135 5266
747 6531
1650 3437
1390 3831
2359 4325
5691 1486
3572 6306
1707 928
2353 160
5399 6222
4644 4865
5294 4913
4139 927
3987 5775
2683 29
2515 392
5040 4970
2721 4973
2149 5043
4834 5642
5624 675
5360 1234
1887 580
4368 901
1539 595
61 1231
3286 2009
1238 3827
5086 5768
298 4064
5789 1436
586 5862
4878 2364
4526 5151
6353 1844
400 4235
5266 2010
6531 1588
3437 1986
3831 4907
4325 362
1486 4858
6306 5275
928 5485
160 3815
6222 5665
4865 6449
4913 6290
927 5405
5775 5899
29 6297
392 3984
4970 1333
4973 3938
5043 3542
5642 5668
675 807
1234 2979
580 912
901 5679
595 5048
1231 3164
2009 6080
3827 266
5768 2362
4064 2763
1436 2931
5862 5323
2364 3291
5151 5008
1844 3168
4235 5338
2010 5794
1588 6179
1986 299
4907 256
362 1644
4858 4175
5275 2795
5485 1878
3815 3079
5665 3081
6449 2429
6290 954
5405 5278
5899 3615
6297 6238
3984 4373
1333 4594
3938 2082
3542 906
5668 2211
807 1170
2979 920
912 5553
5679 1848
5048 5739
3164 2473
6080 5641
266 265
2362 820
2763 146
2931 1256
5323 3736
3291 4193
5008 3764
3168 6594
5338 1480
5794 6194
6179 3480
299 497
256 3458
1644 3419
4175 5411
2795 1751
1878 2077
3079 5692
3081 3690
2429 4494
954 6483
5278 5184
3615 3597
6238 1048
4373 3391
4594 5167
2082 1103
906 352
2211 5947
1170 1483
920 3248
5553 3520
1848 2272
5739 3554
2473 3821
5641 6090
265 1628
820 3074
146 3648
1256 2076
3736 3244
4193 3456
3764 3584
6594 3148
1480 2031
6194 1477
3480 787
497 4396
3458 4279
3419 1499
5411 4160
1751 4741
2077 2742
5692 6526
3690 1766
4494 3318
6483 5648
5184 4596
3597 3888
1048 1929
3391 209
5167 34
1103 142
352 5142
5947 2665
1483 4400
3248 3481
3520 5088
2272 4524
3554 2225
3821 5290
6090 3955
1628 1489
3074 3927
3648 4568
2076 3978
3244 109
3456 305
3584 873
3148 6338
2031 1939
1477 423
787 5274
4396 2707
4279 6162
1499 5522
4160 4001
4741 4737
2742 3120
6526 4197
1766 2738
3318 2921
5648 1783
4596 204
3888 4654
1929 4705
209 3683
34 5921
142 5237
5142 2177
2665 5658
4400 2196
3481 5153
5088 1558
4524 3485
2225 1978
5290 3061
3955 6074
1489 5547
3927 6005
4568 356
3978 5962
109 3942
305 3498
873 3641
6338 5643
1939 2114
423 3156
5274 1599
2707 3894
6162 6163
5522 565
4001 4520
4737 2095
3120 1047
4197 5091
2738 1834
2921 5935
1783 4281
204 255
4654 750
4705 2002
3683 5042
5921 6520
5237 3497
2177 3141
5658 4353
2196 464
5153 4391
1558 5146
3485 2849
1978 5457
3061 4969
6074 648
5547 626
6005 6544
356 3217
5962 3026
3942 3969
3498 1247
3641 5302
5643 197
2114 2367
3156 2312
1599 1735
3894 1114
6163 3433
565 3133
4520 4360
2095 4268
1047 4147
5091 3503
1834 4536
5935 6370
4281 1399
255 2381
750 4546
2002 513
5042 5771
6520 1179
3497 1510
3141 280
4353 66
464 1825
4391 2537
5146 6517
2849 6427
5457 6160
4969 2503
648 544
626 1253
6544 5036
3217 4253
3026 4790
3969 4512
1247 1587
5302 5577
197 3382
2367 1129
2312 6479
1735 4886
1114 1763
3433 5905
3133 3696
4360 517
4268 2845
4147 1944
3503 3723
4536 1219
6370 2335
1399 6024
2381 4767
4546 953
513 419
5771 4198
1179 3014
1510 4449
280 5780
66 6307
1825 3762
2537 4476
6517 405
6427 3028
6160 3304
2503 589
544 6323
1253 847
5036 5310
4253 5760
4790 3855
4512 2300
1587 147
5577 4988
3382 4401
1129 3297
6479 557
4886 107
1763 2935
5905 4101
3696 3995
517 1246
2845 5618
1944 4446
3723 4417
1219 2530
2335 5370
6024 50
4767 5773
953 2294
419 3371
4198 4827
3014 1447
4449 2943
5780 3741
6307 3012
3762 1919
4476 2419
405 4402
3028 6152
3304 3136
589 1466
6323 828
847 6537
5310 1557
5760 2266
3855 3608
2300 4145
147 4603
4988 1961
4401 5309
3297 2798
557 5584
107 3200
2935 2240
4101 569
3995 1636
1246 2446
5618 4911
4446 1302
4417 6289
2530 3038
5370 1596
50 2015
5773 926
2294 6565
3371 2842
4827 4691
1447 5681
2943 1077
3741 1324
3012 240
1919 3258
2419 1000
4402 3643
6152 6034
3136 1168
1466 6461
828 2984
6537 2583
1557 5005
2266 6087
3608 3281
4145 3740
4603 1372
1961 2913
5309 5001
2798 3896
5584 6131
3200 3095
2240 268
569 6234
1636 1846
2446 3609
4911 3413
1302 2479
6289 1772
3038 842
1596 5415
2015 336
926 547
6565 2042
2842 5636
4691 3206
5681 6136
1077 5854
1324 6587
240 996
3258 4023
1000 1015
3643 5211
6034 5644
1168 5265
6461 3233
2984 3288
2583 3699
5005 3443
6087 4330
3281 1084
3740 3703
1372 5056
2913 1074
5001 102
3896 3239
6131 3094
3095 4265
268 5846
6234 2764
1846 1581
3609 1704
3413 3510
2479 1768
1772 6388
842 5853
5415 3564
336 6235
547 1336
2042 2874
5636 384
3206 3147
6136 3845
5854 6035
6587 1529
996 1211
4023 1319
1015 770
5211 907
5644 1448
5265 5732
3233 4295
3288 5540
3699 3561
3443 4960
4330 5700
1084 4665
3703 3377
5056 4921
1074 5836
102 6571
3239 2454
3094 4980
4265 2872
5846 1472
2764 2270
1581 291
1704 4844
3510 2345
1768 2080
6388 4468
5853 3337
3564 2748
6235 1133
1336 916
2874 3766
384 2749
3147 3372
3845 3335
6035 1204
1529 3528
1211 850
1319 2206
770 830
907 5743
1448 1511
5732 6387
4295 1385
5540 3223
3561 1926
4960 853
5700 1982
4665 2024
3377 3527
4921 3333
5836 1332
6571 399
2454 3405
4980 5147
2872 3947
1472 1450
2270 693
291 2452
4844 6258
2345 3368
2080 5916
4468 3379
3337 5515
2748 2053
1133 681
916 2219
3766 1525
2749 1457
3372 2590
3335 4760
1204 1573
3528 1432
850 2916
2206 5776
830 4565
5743 2653
1511 3255
6387 5911
1385 4514
3223 4983
1926 5663
853 5696
1982 1060
2024 3569
3527 1823
3333 591
1332 3840
399 4794
3405 1620
5147 3436
3947 3921
1450 1384
693 1780
2452 3482
6258 2557
3368 2668
5916 2819
3379 2672
5515 697
2053 911
681 4024
2219 3738
1525 3613
1457 6262
2590 536
4760 4999
1573 4143
1432 2526
2916 2730
5776 1708
4565 4501
2653 3593
3255 2587
5911 1080
4514 2617
4983 5488
5663 1586
5696 5369
1060 4869
3569 2440
1823 6582
591 1614
3840 6283
4794 3617
1620 5006
3436 6535
3921 791
1384 380
1780 3635
3482 3993
2557 103
2668 4836
2819 5273
2672 5757
697 4070
911 4302
4024 4775
3738 2167
3613 4257
6262 1038
536 440
4999 1242
4143 2797
2526 6372
2730 599
1708 1145
4501 2867
3593 6336
2587 3127
1080 1547
2617 3396
5488 3866
1586 2688
5369 5193
4869 4774
2440 1225
6582 1434
1614 6548
6283 4453
3617 981
5006 2544
6535 2339
791 6203
380 132
3635 925
3993 4170
103 3688
4836 6189
5273 393
5757 4311
4070 650
4302 1865
4775 1278
2167 546
4257 4755
1038 4538
440 4976
1242 5069
2797 1341
6372 732
599 1343
1145 3009
2867 5208
6336 411
3127 3606
1547 6418
3396 1616
3866 2078
2688 290
5193 655
4774 6129
1225 520
1434 4517
6548 6403
4453 6540
981 2198
2544 3064
2339 5422
6203 6149
132 2194
925 3171
4170 2140
3688 2679
6189 4164
393 4026
4311 817
650 273
1865 5356
1278 306
546 471
4755 224
4538 4781
4976 4067
5069 143
1341 2681
732 3669
1343 1548
3009 2308
5208 3422
411 6183
3606 4952
6418 1410
1616 4405
2078 1028
290 1072
655 2569
6129 3811
520 641
4517 3875
6403 5249
6540 80
2198 2820
3064 2866
5422 3467
6149 535
2194 1230
3171 3961
2140 5259
2679 3753
4164 2743
4026 5594
817 940
273 5564
5356 2706
306 4
471 1348
224 2298
4781 4490
4067 3959
143 2317
2681 1884
3669 3901
1548 1193
2308 4489
3422 5364
6183 253
4952 1613
1410 1764
4405 4912
1028 4961
1072 5574
2569 3222
3811 3570
641 774
3875 2011
5249 3047
80 973
2820 2099
2866 561
3467 3392
535 3488
1230 2670
3961 3904
5259 3591
3753 148
2743 6319
5594 5946
940 999
5564 3858
2706 176
4 6456
1348 3526
2298 2397
4490 696
3959 1337
2317 4104
1884 6556
3901 3122
1193 2812
4489 3672
5364 2626
253 4110
1613 335
1764 943
4912 2340
4961 398
5574 4063
3222 4597
3570 3833
774 2161
2011 2731
3047 332
973 4345
2099 4411
561 2875
3392 4301
3488 195
2670 6488
3904 3574
3591 3578
148 4165
6319 6430
5946 5450
999 1634
3858 3558
176 1932
6456 6012
3526 179
2397 2486
696 4678
1337 4625
4104 1033
6556 5200
3122 1739
2812 3073
3672 1177
2626 2614
4110 3814
335 533
943 4813
2340 5592
398 538
4063 1416
4597 1963
3833 2022
2161 4246
2731 4745
332 3185
4345 416
4411 658
2875 5901
4301 4556
195 1715
6488 4319
3574 1856
3578 3030
4165 3812
6430 4340
5450 6236
1634 1322
3558 5855
1932 991
6012 3462
179 3530
2486 2856
4678 4857
4625 4421
1033 3843
5200 3997
1739 2392
3073 2607
1177 1334
2614 5285
3814 4619
533 1481
4813 4612
5592 6575
538 5232
1416 5983
1963 1832
2022 5286
4246 4595
4745 5938
3185 5796
416 4937
658 1514
5901 5823
4556 3781
1715 6420
4319 3041
1856 264
3030 3853
3812 3536
4340 4237
6236 2792
1322 2776
5855 1389
991 3003
3462 3565
3530 5720
2856 473
4857 5041
4421 3309
3843 6408
3997 3727
2392 2775
2607 4838
1334 1854
5285 3629
4619 3988
1481 5269
4612 118
6575 23
5232 5331
5983 3025
1832 3836
5286 6256
4595 172
5938 3192
5796 2260
4937 905
1514 4461
5823 4240
3781 4416
6420 4636
3041 2189
264 3951
3853 5777
3536 1245
4237 2387
2792 5554
2776 3892
1389 3743
3003 3654
3565 6533
5720 5170
473 3586
5041 2036
3309 3546
6408 4107
3727 2478
2775 6253
4838 1938
1854 4762
3629 5930
3988 3406
5269 3746
118 679
23 2231
5331 5725
3025 6250
3836 3078
6256 65
172 3450
3192 4496
2260 463
905 576
4461 228
4240 950
4416 625
4636 407
2189 3119
3951 2651
5777 1718
1245 2664
2387 1532
5554 5686
3892 205
3743 5046
3654 3646
6533 6286
5170 134
3586 4703
2036 4561
3546 1987
4107 1356
2478 4624
6253 2464
1938 116
4762 1121
5930 5486
3406 1346
3746 1070
679 2208
2231 308
5725 5428
6250 1277
3078 811
65 5181
3450 1918
4496 2470
463 2108
576 6081
228 3151
950 5234
625 349
407 5958
3119 4702
2651 441
1718 184
2664 1274
1532 2334
5686 6003
205 5756
5046 314
3646 6210
6286 6534
134 5241
4703 1320
4561 5389
1987 4668
1356 3178
4624 2957
2464 71
116 4332
1121 4905
5486 3721
1346 2538
1070 949
2208 4749
308 5903
5428 233
1277 1737
811 3476
5181 4413
1918 4121
2470 5711
2108 6572
6081 6317
3151 2989
5234 3804
349 753
5958 790
4702 4384
441 2860
184 6208
1274 526
2334 2179
6003 694
5756 6166
314 4005
6210 348
6534 2141
5241 4458
1320 2259
5389 4183
4668 6294
3178 4378
2957 3093
71 3511
4332 4531
4905 4285
3721 5669
2538 1146
949 4208
4749 5635
5903 798
233 3800
1737 5255
3476 4875
4413 1036
4121 5144
5711 4738
6572 4027
6317 4746
2989 6095
3804 3946
753 1606
790 2318
4384 5280
2860 4797
6208 2791
526 6494
2179 5076
694 5891
6166 1492
4005 1120
348 6523
2141 581
4458 2498
2259 5892
4183 6390
6294 466
4378 6538
3093 2287
3511 2512
4531 320
4285 5918
5669 5859
1146 4233
4208 503
5635 3035
798 4492
3800 422
5255 5976
4875 2075
1036 3594
5144 1935
4738 5829
4027 3953
4746 2928
6095 5873
3946 5060
1606 4335
2318 5062
5280 3504
4797 548
2791 4186
6494 2087
5076 3885
5891 6117
1492 5095
1120 6363
6523 2622
581 239
2498 3876
5892 4690
6390 728
466 4272
6538 302
2287 4341
2512 5251
320 213
5918 78
5859 1706
4233 3145
503 1349
3035 1684
4492 4137
422 5801
5976 412
2075 2990
3594 2448
1935 2291
5829 4227
3953 3923
2928 3620
5873 1958
5060 5924
4335 3363
5062 2619
3504 5928
548 5352
4186 3165
2087 3724
3885 3140
6117 3195
5095 5482
6363 2888
2622 3854
239 2020
3876 1688
4690 1429
728 5871
4272 1305
302 1362
4341 1736
5251 3568
213 1513
78 4943
1706 882
3145 703
1349 3069
1684 4305
4137 2434
5801 1979
412 140
2990 220
2448 1088
2291 2396
4227 1566
3923 5289
3620 1790
1958 5073
5924 4841
3363 8
2619 5279
5928 4981
5352 2555
3165 2375
3724 31
3140 2520
3195 6454
5482 1915
2888 5999
3854 1258
2020 6197
1688 5132
1429 4204
5871 2807
1305 4098
1362 611
1736 2735
3568 4728
1513 237
4943 1369
882 951
703 4270
3069 6321
4305 6581
2434 2871
1979 4574
140 2554
220 5300
1088 5355
2396 277
1566 5371
5289 4839
1790 3321
5073 1597
4841 1971
8 3718
5279 5593
4981 3971
2555 4060
2375 4422
31 2753
2520 1196
6454 1104
1915 2961
5999 73
1258 1769
6197 4111
5132 1728
4204 4585
2807 3270
4098 4308
611 6373
2735 1435
4728 3272
237 1271
1369 1579
951 2373
4270 3880
6321 4552
6581 2265
2871 5433
4574 1224
2554 2934
5300 397
5355 6593
277 815
5371 958
4839 1445
3321 3730
1597 3774
1971 1031
3718 577
5593 2199
3971 5705
4060 1719
4422 3189
2753 5385
1196 5030
1104 323
2961 1352
73 3891
1769 4407
4111 1366
1728 5383
4585 5059
3270 3816
4308 2793
6373 3072
1435 2616
3272 5455
1271 717
1579 6019
2373 2174
3880 5050
4552 5533
2265 4879
5433 4033
1224 5524
2934 1509
397 6216
6593 4179
815 1666
958 6077
1445 3373
3730 1406
3774 5386
1031 1898
577 5335
2199 5129
5705 2303
1719 6352
3189 829
5385 799
5030 226
323 4015
1352 1924
3891 1144
4407 4645
1366 249
5383 3788
5059 1156
3816 1743
2793 1289
3072 5550
2616 2865
5455 518
717 1474
6019 303
2174 3411
5050 177
5533 5960
4879 1308
4033 2883
5524 2839
1509 2618
6216 3610
4179 2216
1666 532
6077 2806
3373 986
1406 6598
5386 2496
1898 5975
5335 3427
5129 2780
2303 2488
6352 5792
829 5130
799 98
226 1605
4015 3791
1924 1947
1144 311
4645 2056
249 1905
3788 2577
1156 5497
1743 5417
1289 4141
5550 3380
2865 6052
518 3225
1474 3180
303 4100
3411 795
177 5066
5960 1733
1308 5865
2883 5206
2839 2366
2618 4210
3610 4216
2216 5093
532 5473
2806 1127
986 3935
6598 3693
2496 5293
5975 3940
3427 4498
2780 3793
2488 1800
5792 6335
5130 5697
98 984
1605 2937
3791 6334
1947 5580
311 3645
2056 3852
1905 472
2577 3008
5497 3802
5417 2290
4141 6375
3380 1664
6052 3415
3225 6254
3180 6130
4100 2333
795 4675
5066 3869
1733 5436
5865 1567
5206 657
2366 6560
4210 4385
4216 4052
5093 2202
5473 6226
1127 2704
3935 5701
3693 3756
5293 4711
3940 6528
4498 3135
3793 2720
1800 4814
6335 4404
5697 1885
984 2282
2937 6302
6334 6086
5580 1096
3645 395
3852 6295
472 2014
3008 2947
3802 1928
2290 1760
6375 6342
1664 1379
3415 5774
6254 3036
6130 3550
2333 5950
4675 3334
3869 6462
5436 3451
1567 2887
657 1452
6560 5610
4385 403
4052 6442
2202 5661
6226 3739
2704 5576
5701 2997
3756 4581
4711 234
6528 3665
3135 1241
2720 4097
4814 3414
4404 1598
1885 3967
2282 2028
6302 246
6086 2465
1096 5271
395 5014
6295 442
2014 6458
2947 5317
1928 2019
1760 2003
6342 5327
1379 849
5774 699
3036 2896
3550 3464
5950 6113
3334 1535
6462 6109
3451 6030
2887 3110
1452 4477
5610 812
403 4108
6442 2733
5661 5082
3739 6434
5576 3260
2997 1640
4581 3726
234 1615
3665 353
1241 4403
4097 6119
3414 1414
1598 2275
3967 3055
2028 1752
246 5727
2465 6315
5271 381
5014 6023
442 5811
6458 6223
5317 5528
2019 5261
2003 2728
5327 6525
849 885
699 3277
2896 144
3464 279
6113 4831
1535 248
6109 5619
6030 2139
3110 2620
4477 5878
812 5365
4108 4589
2733 86
5082 880
6434 2523
3260 684
1640 2844
3726 2636
1615 744
353 1659
4403 1490
6119 5703
1414 3000
2275 2356
3055 6500
1752 6154
5727 2648
6315 4682
381 5188
6023 6324
5811 1261
6223 3457
5528 2945
5261 4558
2728 2717
6525 3412
885 4747
3277 6006
144 4942
279 4948
4831 2606
248 5516
5619 2386
2139 1682
2620 4723
5878 5376
5365 6308
4589 2424
86 874
880 2910
2523 2719
684 1136
2844 4142
2636 4228
744 1690
1659 4414
1490 5225
5703 771
3000 3370
2356 5075
6500 4047
6154 1686
2648 5398
4682 5204
5188 1578
6324 713
1261 3902
3457 3626
2945 5689
4558 2049
2717 1006
3412 3299
4747 1526
6006 1904
4942 1210
4948 832
2606 3632
5516 1180
2386 6219
1682 5413
4723 4350
5376 452
6308 810
2424 5927
874 722
2910 4245
2719 1923
1136 590
4142 4080
4228 1279
1690 4053
4414 2639
5225 6079
771 3231
3370 2338
5075 6056
4047 5546
1686 1314
5398 6010
5204 1746
1578 275
713 6241
3902 5824
3626 6273
5689 4643
2049 1801
1006 4138
3299 1316
1526 4725
1904 6260
1210 2251
832 6433
3632 376
1180 4472
6219 2633
5413 6051
4350 6499
452 1283
810 1056
5927 4826
722 4428
4245 5945
1923 2344
590 4751
4080 719
1279 3448
4053 1967
2639 922
6079 3301
3231 2628
2338 836
6056 470
5546 1702
1314 5502
6010 5596
1746 2054
275 1330
6241 3126
5824 4455
6273 3668
4643 4617
1801 4105
4138 1190
1316 6497
4725 6191
6260 3996
2251 2172
6433 6156
376 6205
4472 6401
2633 5333
6051 4564
6499 5045
1283 677
1056 324
4826 2371
4428 4349
5945 1549
2344 3954
4751 3582
719 1910
3448 1729
1967 1368
922 6145
3301 2336
2628 944
836 4583
470 1959
1702 541
5502 2808
5596 3166
2054 2879
1330 4102
3126 6132
4455 4146
3668 1943
4617 1252
4105 3789
1190 5106
6497 4569
6191 4152
3996 5517
2172 5509
6156 5459
6205 3631
6401 1612
5333 6124
4564 1149
5045 6042
677 187
324 2902
2371 2983
4349 966
1549 5476
3954 3523
3582 5866
1910 5604
1729 260
1368 6552
6145 3487
2336 3023
944 2831
4583 448
1959 1908
541 516
2808 5071
3166 2542
2879 5868
4102 295
6132 4548
4146 2769
1943 5424
1252 3941
3789 3535
5106 1843
4569 3409
4152 2050
5517 1169
5509 558
5459 5109
3631 6514
1612 2576
6124 1148
1149 6446
6042 4174
187 2656
2902 961
2983 633
966 4916
5476 4462
3523 5375
5866 1135
5604 3404
260 2543
6552 1741
3487 230
3023 3256
2831 5990
448 4212
1908 1150
516 5281
5071 1412
2542 3716
5868 4089
295 3181
4548 1582
2769 6115
5424 5003
3941 610
3535 1771
1843 2111
3409 2183
2050 3279
1169 1689
558 2986
5109 1828
6514 300
2576 5500
1148 2229
6446 4282
4174 2280
2656 6411
961 1862
633 511
4916 919
4462 363
5375 1577
1135 4934
3404 970
2543 2893
1741 5201
230 2444
3256 3709
5990 4847
4212 5896
1150 1456
5281 4487
1412 5957
3716 6091
4089 2783
3181 2834
1582 5288
6115 3044
5003 4842
610 2827
1771 5182
2111 3234
2183 2230
3279 4441
1689 3559
2986 3519
1828 4931
300 2034
5500 5954
2229 6510
4282 319
2280 4679
6411 46
1862 1469
511 4213
919 3472
363 4992
1577 6186
4934 3839
970 4967
2893 4579
5201 4823
2444 5508
3709 2365
4847 5174
5896 4259
1456 2079
4487 3310
5957 4853
6091 6125
2783 5654
2834 3203
5288 2248
3044 3083
4842 6506
2827 3322
5182 2171
3234 3749
2230 4207
4441 3085
3559 3634
3519 1375
4931 3638
2034 5191
5954 462
6510 2405
319 5372
4679 1537
46 2596
1469 5530
4213 2686
3472 4891
4992 2904
6186 62
3839 4352
4967 1685
4579 5319
4823 2408
5508 2315
2365 4376
5174 6348
4259 6465
2079 796
3310 877
4853 1064
6125 5765
5654 4294
3203 4342
2248 5029
3083 1442
6506 2383
3322 2263
2171 2629
3749 5484
4207 5159
3085 5867
3634 5647
1375 947
3638 2299
5191 4106
462 2725
2405 4115
5372 4833
1537 3438
2596 530
5530 1484
2686 6065
4891 5452
2904 5178
62 3823
4352 3054
1685 837
5319 4628
2408 5886
2315 5926
4376 1216
6348 1883
6465 5837
796 4166
877 3501
1064 6347
5765 6599
4294 6577
4342 4437
5029 4893
1442 1956
2383 2516
2263 4925
2629 4821
5484 4431
5159 28
5867 1791
5647 1058
947 2511
2299 4307
4106 1378
2725 3142
4115 3478
4833 1498
3438 3138
530 4091
1484 3934
6065 3237
5452 2175
5178 1638
3823 6201
3054 3882
837 6379
4628 294
5886 33
5926 6240
1216 1147
1883 2519
5837 764
4166 647
3501 1068
6347 1955
6599 2671
6577 4795
4437 4088
4893 1950
1956 5451
2516 3207
4925 85
4821 1966
4431 6536
28 1776
1791 2162
1058 131
2511 6285
4307 6114
1378 686
3142 5841
3478 2900
1498 1054
3138 4284
4091 5737
3934 1968
3237 3832
2175 584
1638 2110
6201 3468
3882 2469
6379 3936
294 1497
33 6597
6240 1403
1147 5099
2519 5876
764 4964
647 780
1068 748
1955 683
2671 5231
4795 2915
4088 3374
1950 2074
5451 1464
3207 4459
85 434
1966 2105
6536 5320
1776 803
2162 4649
131 5340
6285 5714
6114 108
686 5653
5841 191
2900 3157
1054 1299
4284 3958
5737 1503
1968 3393
3832 1890
584 2323
2110 5479
3468 1913
2469 2903
3936 2713
1497 1703
6597 1842
1403 1363
5099 4000
5876 4162
4964 2425
780 1386
748 941
683 4493
5231 2732
2915 969
3374 2693
2074 2152
1464 3676
4459 5885
434 126
2105 2959
5320 5031
803 639
4649 2489
5340 6410
5714 2026
108 2480
5653 3369
191 1705
3157 3607
1299 3039
3958 5628
1503 3705
3393 4985
1890 382
2323 6407
5479 3384
1913 3015
2903 3029
2713 292
1703 2474
1842 2447
1363 5832
4000 1544
4162 5064
2425 1440
1386 4867
941 1952
4493 2504
2732 1154
969 5603
2693 5961
2152 5634
3676 5421
5885 2727
126 6464
2959 4522
5031 691
639 5299
2489 2401
6410 621
2026 6046
2480 439
3369 6431
1705 5118
3607 5442
3039 1564
5628 6413
3705 5007
4985 1797
382 3242
6407 2694
3384 5304
3015 4924
3029 2501
292 1630
2474 5242
2447 6164
5832 6255
1544 2182
5064 3123
1440 4184
4867 4176
1952 4956
2504 1803
1154 4315
5603 6364
5961 70
5634 4923
5421 5172
2727 1451
6464 3153
4522 2552
691 1811
5299 3027
2401 6310
621 1328
6046 429
439 4932
6431 2102
5118 3619
5442 3293
1564 6445
6413 4647
5007 3278
1797 5761
3242 1392
2694 2311
5304 5797
4924 6140
2501 2377
1630 4573
5242 4220
6164 49
6255 2861
2182 1195
3123 5707
4184 720
4176 5529
4956 6557
1803 4366
4315 3531
6364 4483
70 623
4923 881
5172 5913
1451 1755
3153 4698
2552 3905
1811 5898
3027 6362
6310 5994
1328 437
429 2824
4932 238
2102 2682
3619 6001
3293 2310
6445 1467
4647 1871
3278 4123
5761 2033
1392 4464
2311 4540
5797 3929
6140 6376
2377 666
4573 3677
4220 2838
49 145
2861 3111
1195 1957
5707 524
720 45
5529 5694
6557 5454
4366 5351
3531 17
4483 215
623 5384
881 4251
5913 3719
1755 4779
4698 5070
3905 5816
5898 2642
6362 2180
5994 252
437 1094
2824 4158
238 4519
2682 2578
6001 3625
2310 77
1467 4662
1871 2518
4123 5448
2033 1692
4464 5527
4540 2939
3929 1128
6376 4650
666 5922
3677 2627
2838 2228
145 1521
3111 2869
1957 4770
524 4081
45 5606
5694 2598
5454 3588
5351 1712
17 6173
215 415
5384 2762
4251 5575
3719 1165
4779 3033
5070 2120
5816 4085
2642 1235
2180 1024
252 4688
1094 1468
4158 4696
4519 6161
2578 4486
3625 3424
77 4680
4662 3264
2518 1284
5448 3865
1692 4014
5527 3571
2939 1934
1128 261
4650 698
5922 1251
2627 379
2228 5246
1521 2507
2869 2949
4770 4733
4081 5494
5606 4968
2598 3276
3588 1590
1712 4789
6173 6314
415 2678
2762 3403
5575 3849
1165 4521
3033 2718
2120 4354
4085 5882
1235 5471
1024 6340
4688 3215
1468 3656
4696 6007
6161 3805
4486 2416
3424 4451
4680 746
3264 2207
1284 570
3865 3711
4014 3874
3571 3251
1934 1081
261 5157
698 4616
1251 5065
379 3218
5246 3221
2507 2212
2949 1891
4733 3300
5494 4318
4968 4785
3276 3983
1590 4215
4789 1215
6314 2565
2678 4996
3403 2561
3849 4460
4521 6279
2718 3445
4354 2574
5882 3544
5471 672
6340 4706
3215 845
3656 2532
6007 1240
3805 1396
2416 5374
4451 1280
746 3421
2207 2971
570 1880
3711 3247
3874 6349
3251 4263
1081 6513
5157 5126
4616 3867
5065 6555
3218 1272
3221 3455
2212 2329
1891 1012
3300 2116
4318 2854
4785 3194
3983 1977
4215 3516
1215 2822
2565 2128
4996 3313
2561 5171
4460 51
6279 2043
3445 3359
2574 1589
3544 1383
672 5565
4706 2146
845 3965
2532 3887
1240 2209
1396 3596
5374 288
1280 2840
3421 4708
2971 1861
1880 857
3247 2779
6349 5967
4263 5819
6513 1354
5126 4563
3867 2352
6555 649
1272 5318
3455 5858
2329 4730
1012 5311
2116 938
2854 5952
3194 3722
1977 1143
3516 6211
2822 2388
2128 5612
3313 800
5171 1866
51 3982
2043 4815
3359 6195
1589 4243
1383 1045
5565 388
2146 1160
3965 5388
3887 486
2209 6471
3596 612
288 863
2840 6574
4708 2343
1861 3989
857 1174
2779 2044
5967 6025
5819 6200
1354 5401
4563 506
2352 5223
649 1214
5318 4004
5858 3779
4730 3797
5311 2917
938 170
5952 760
3722 5264
1143 4042
6211 514
2388 2404
5612 3013
800 3173
1866 2661
3982 3515
4815 4126
6195 5560
4243 3466
1045 1745
388 5186
1160 1902
5388 5469
486 4941
6471 2187
612 4475
863 5150
6574 5730
2343 1073
3989 3265
1174 4293
2044 2859
6025 2969
6200 6215
5401 4190
506 2134
5223 5334
1214 159
4004 2431
3779 2330
3797 4044
2917 1631
170 843
760 6148
5264 5189
4042 5880
514 5297
2404 5608
3013 2985
3173 1485
2661 2491
3515 714
4126 5277
5560 2953
3466 1603
1745 1311
5186 4280
1902 5814
5469 436
4941 851
2187 4613
4475 3108
5150 868
5730 2702
1073 87
3265 6227
4293 6053
2859 453
2969 3708
6215 734
4190 4621
2134 597
5334 5439
159 956
2431 1275
2330 5937
4044 6397
1631 4231
843 5408
6148 4398
5189 3232
5880 1900
5297 619
5608 4846
2985 2952
1485 6300
2491 809
714 1189
5277 3402
2953 4382
1603 2594
1311 5531
4280 3177
5814 4205
436 3381
851 5660
4613 5781
3108 5177
868 6346
2702 4513
87 480
6227 6501
6053 1781
453 2406
3708 867
734 782
4621 1388
597 5626
5439 6296
956 1197
1275 2385
5937 5427
6397 1171
4231 841
5408 296
4398 1882
3232 1626
1900 231
619 6475
4846 4824
2952 5250
6300 1572
809 4358
1189 5363
3402 1888
4382 6309
2594 4189
5531 1003
3177 2008
4205 383
3381 1034
5660 5462
5781 3471
5177 4309
6346 3241
4513 38
480 194
6501 1198
1781 2273
2406 4346
867 6199
782 1864
1388 712
5626 979
6296 579
1197 3118
2385 987
5427 307
1171 4991
841 2938
296 1331
1882 285
1626 592
231 6487
6475 4627
4824 2584
5250 2715
1572 5074
4358 4289
5363 4365
1888 4769
6309 537
4189 2143
1003 4856
2008 4771
383 4388
1034 4843
5462 6093
3471 959
4309 6394
3241 3305
38 5343
194 5397
1198 2967
2273 1749
4346 6421
6199 3879
1864 3806
712 1994
979 3622
579 4852
3118 5963
987 2046
307 1504
4991 967
2938 6424
1331 5122
285 3193
592 2944
6487 5693
4627 1997
2584 499
2715 708
5074 1323
4289 5969
4365 4545
4769 2160
537 2059
2143 6457
4856 5888
4771 3261
4388 4653
4843 5353
6093 6028
959 3660
6394 3187
3305 4355
5343 5477
5397 374
2967 6147
1749 4339
6421 5192
3879 1223
3806 4478
1994 210
3622 4037
4852 2573
5963 2687
2046 1059
1504 3394
967 2685
6424 1805
5122 95
3193 4740
2944 6135
5693 960
1997 2348
499 6004
708 1199
1323 4136
5969 6426
4545 5875
2160 3674
2059 6202
6457 4504
5888 5396
3261 2247
4653 5492
5353 659
6028 2278
3660 5373
3187 5970
4355 5504
5477 2433
374 94
6147 257
4339 5431
5192 3129
1223 2124
4478 1454
210 4030
4037 6304
2573 6332
2687 6596
1059 5651
3394 1592
2685 3893
1805 5416
95 5447
4740 43
6135 4880
960 1011
2348 3537
6004 2563
1199 5929
4136 582
6426 3755
5875 2499
3674 5782
6202 1744
4504 5715
5396 18
2247 6275
5492 4394
659 354
2278 2597
5373 272
5970 4262
5504 4750
2433 1895
94 1413
257 2100
5431 269
3129 5620
2124 4659
1454 6242
4030 6328
6304 2467
6332 2982
6596 1876
5651 6341
1592 4731
3893 2870
5416 6187
5447 5539
43 4687
4880 2442
1011 1226
3537 512
2563 5552
5929 6519
582 2169
3755 515
2499 5810
5782 4375
1744 5233
5715 766
18 3447
6275 3689
4394 1701
354 6469
2597 2178
272 636
4262 4896
4750 418
1895 2697
1413 918
2100 883
269 3837
5620 2361
4659 5179
6242 3970
6328 1030
2467 1788
2982 879
1876 3545
6341 4463
4731 5790
2870 6381
6187 2253
5539 2837
4687 59
2442 2360
1226 1853
512 3263
5552 1824
6519 3103
2169 5556
515 5148
5810 1309
4375 6150
5233 606
766 2131
3447 1089
3689 4066
1701 4222
6469 3158
2178 3290
636 254
4896 2699
418 6123
2697 2227
918 6107
883 2918
3837 6048
2361 4256
5179 1899
3970 752
1030 3682
1788 2600
879 775
3545 6441
4463 5799
5790 154
6381 4753
2253 241
2837 3780
59 2546
2360 1016
1853 3957
3263 96
1824 409
3103 3977
5556 4669
5148 3566
1309 2314
6150 2195
606 3820
2131 456
1089 1941
4066 2803
4222 4926
3158 4700
3290 5755
254 6181
2699 2541
6123 1806
2227 6224
6107 1186
2918 3994
6048 5430
4256 1632
1899 759
752 1050
3682 3707
2600 5382
775 2611
6441 4250
5799 4473
154 3644
4753 5932
241 5097
3780 4862
2546 6078
1016 2418
3957 5350
96 2357
409 2091
3977 47
4669 113
3566 3426
2314 1678
2195 2829
3820 3505
456 1795
1941 972
2803 723
4926 5750
4700 1814
5755 2214
6181 1756
2541 4482
1806 182
6224 1559
1186 1461
3994 5718
5430 3423
1632 5726
759 1562
1050 1426
3707 4374
5382 6083
2611 1656
4250 6184
4473 3525
3644 2084
5932 225
5097 4855
4862 1693
6078 4434
2418 3624
5350 4883
2357 915
2091 2570
47 2337
113 566
3426 6097
1678 3452
2829 985
3505 110
1795 5244
972 1380
723 6559
5750 3765
1814 805
2214 5218
1756 1765
4482 217
182 5438
1559 2276
1461 1618
5718 3347
3423 4112
5726 5175
1562 3463
1426 5680
4374 4783
6083 6118
1656 6232
6184 4029
3525 5722
2084 6111
225 387
4855 4850
1693 3889
4434 68
3624 6385
4883 2680
915 5617
2570 5324
2337 2222
566 11
6097 3551
3452 1192
985 6287
110 6192
5244 1601
1380 2471
6559 4537
3765 79
805 1014
5218 4580
1765 2805
217 3577
5438 2752
2276 4902
1618 2605
3347 6402
4112 1076
5175 2246
3463 5842
5680 2296
4783 4828
6118 5900
6232 5011
4029 4979
5722 3491
6111 5982
387 5475
4850 4724
3889 3974
68 3748
6385 3210
2680 1983
5617 6190
5324 3842
2222 2815
11 4086
3551 875
1192 6274
6287 1518
6192 2925
1601 5248
2471 5704
4537 6272
79 4336
1014 1758
4580 6281
2805 856
3577 5889
2752 3563
4902 2560
2605 1254
6402 100
1076 6331
2246 446
5842 5180
2296 3771
4828 653
5900 3446
5011 2580
4979 372
3491 3906
5982 784
5475 91
4724 839
3974 4633
3748 2305
3210 3742
1983 5851
6190 361
3842 5572
2815 4127
4086 1872
875 872
6274 4264
1518 1462
2925 5728
5248 1201
5704 4252
6272 5207
4336 5326
1758 6311
6281 876
856 1182
5889 6011
3563 3767
2560 701
1254 75
100 1720
6331 4801
446 5568
5180 2039
3771 4291
653 4692
3446 4173
2580 5019
372 6583
3906 4646
784 3778
91 3052
839 955
4633 6248
2305 1418
3742 2190
5851 3587
361 2085
5572 1479
4127 3914
1872 1697
872 4803
4264 2814
1462 1536
5728 4122
1201 5825
4252 469
5207 4500
5326 6277
6311 5025
876 6530
1182 5942
6011 243
3767 2468
701 461
75 20
1720 21
4801 227
5568 1090
2039 3091
4291 2016
4692 1625
4173 4820
5019 613
6583 2801
4646 6220
3778 1175
3052 4195
955 3521
6248 4793
1418 2873
2190 2698
3587 1290
2085 5198
1479 3956
3914 2025
1697 640
4803 1069
2814 3972
1536 5637
4122 2029
5825 2236
469 5033
4500 2987
6277 508
5025 6165
6530 301
5942 1427
243 844
2468 5305
461 1911
20 5120
21 5052
227 3863
1090 5736
3091 3115
2016 4796
1625 2609
4820 414
613 1237
2801 709
6220 5325
1175 155
4195 5981
3521 2868
4793 4048
2873 5163
2698 6590
1290 1585
5198 3529
3956 2890
2025 4940
640 2716
1069 5072
3972 1218
5637 4425
2029 1670
2236 6409
5033 551
2987 1106
508 1132
6165 2564
301 4884
1427 826
844 163
5305 4729
1911 890
5120 6054
5052 2150
3863 6017
5736 3514
3115 6266
4796 1491
2609 1157
414 3137
1237 5135
709 5203
5325 2950
155 1821
5981 5114
2868 4898
4048 772
5163 5336
6590 4456
1585 1830
3529 4551
2890 4542
4940 965
2716 2750
5072 3733
1218 2320
4425 4714
1670 4040
6409 3870
551 1533
1106 2960
1132 3692
2564 4623
4884 2766
826 1291
163 870
4729 5377
890 733
6054 6106
2150 869
6017 1674
3514 6380
6266 1546
1491 1371
1157 4866
3137 2164
5135 4848
5203 4507
2950 2940
1821 670
5114 3581
4898 6061
772 2027
5336 2017
4456 6325
1830 6121
4551 5359
4542 3604
965 5235
2750 1754
3733 5717
2320 1669
4714 312
4040 5840
3870 6495
1533 1264
2960 183
3692 1137
4623 4432
2766 4095
1291 5650
870 543
5377 5010
733 5712
6106 3435
869 5798
1674 1992
6380 5270
1546 1065
1371 519
4866 3473
2164 5089
4848 2592
4507 5096
2940 2309
670 27
3581 2623
6061 129
2027 792
2017 3486
6325 5315
6121 123
5359 6104
3604 5881
5235 4752
1754 4242
5717 1268
1669 3573
312 3673
5840 5874
6495 831
1264 2980
183 3890
1137 1109
4432 5440
4095 3001
5650 1770
543 1649
5010 1874
5712 468
3435 2531
5798 5869
1992 1173
5270 6443
1065 3872
519 5675
3473 2877
5089 3330
2592 2770
5096 3877
2309 2030
27 5503
2623 3589
129 620
792 125
3486 368
5315 5169
123 5766
6104 2277
5881 1607
4752 4206
4242 235
1268 3717
3573 4944
3673 1679
5874 3134
831 2760
2980 4149
3890 4238
1109 4192
5440 169
3001 2256
1770 5501
1649 3130
1874 5676
468 6057
2531 5910
5869 4314
1173 6231
6443 3826
3872 5595
5675 3772
2877 6002
3330 814
2770 6038
3877 1665
2030 1608
5503 1458
3589 5731
620 6064
125 2093
368 4059
5169 5463
5766 1233
2277 1035
1607 4955
4206 3420
235 2809
3717 3098
4944 2047
1679 82
3134 5287
2760 3032
4149 1188
4238 2977
4192 63
169 3316
2256 1387
5501 6029
3130 5698
5676 4201
6057 1115
5910 1681
4314 1646
6231 5303
3826 489
5595 4057
3772 2262
6002 1421
814 2399
6038 6351
1665 2705
1608 5895
1458 4322
5731 1191
6064 1621
2093 1576
4059 4300
5463 1809
1233 3196
1035 609
4955 2708
3420 346
2809 1925
3098 6151
2047 2083
82 3011
5287 40
3032 5695
1188 5214
2977 375
63 2319
3316 5460
1387 6512
6029 5098
5698 1021
4201 4035
1115 2562
1681 3576
1646 3475
5303 433
489 2391
4057 3637
2262 1914
1421 3883
2399 1673
6351 6550
2705 5655
5895 2409
4322 2832
1191 3397
1621 4525
1576 2350
4300 4488
1809 1282
3196 4465
609 504
2708 5822
346 4622
1925 2765
6151 5379
2083 4430
3011 2585
40 6367
5695 6326
5214 4539
375 5378
2319 90
5460 1318
6512 3590
5098 743
1021 360
4035 855
2562 1161
3576 2250
3475 4851
433 2669
2391 2908
3637 4928
1914 1430
3883 6128
1673 5719
6550 3344
5655 2739
2409 2833
2832 5195
3397 727
4525 3100
2350 1777
4488 6252
1282 5478
4465 479
504 4331
5822 36
4622 3777
2765 3658
5379 5713
4430 1167
2585 707
6367 1975
6326 1495
4539 5137
5378 4466
90 3912
1318 4380
3590 1531
743 2060
360 1142
855 552
1161 3747
2250 1568
4851 1964
2669 3522
2908 3058
4928 283
1430 1152
6128 181
5719 5016
3344 2709
2739 5652
2833 2527
5195 2880
727 895
3100 737
1777 1428
6252 6174
5478 6543
479 5735
4331 1162
36 632
3777 5217
3658 5883
5713 3834
1167 571
707 3271
1975 12
1495 2363
5137 3744
4466 629
3912 4699
4380 1831
1531 4011
2060 5897
1142 185
552 2881
3747 5571
1568 5258
1964 1202
3522 166
3058 410
283 2673
1152 1091
181 5607
5016 5306
2709 229
5652 3583
2527 3343
2880 3639
895 5391
737 4567
1428 1473
6174 2123
6543 5328
5735 745
1162 2051
632 1642
5217 3670
5883 4599
3834 4709
571 1163
3271 6580
12 5080
2363 3819
3744 1382
629 4377
4699 4043
1831 5015
4011 1321
5897 1181
185 5272
2881 2188
5571 498
5258 5562
1202 2096
166 1960
410 1995
2673 4947
1091 2349
5607 1782
5306 364
229 1560
3583 1740
3343 5984
3639 4584
5391 3916
4567 5243
1473 5630
2123 477
5328 1478
745 6144
2051 5806
1642 933
3670 5850
4599 212
4709 642
1163 4632
6580 4707
5080 5809
3819 5812
1382 2341
4377 6062
4043 3495
5015 6350
1321 793
1181 1711
5272 1534
2188 3160
498 980
5562 4765
2096 730
1960 1502
1995 3533
4947 1357
2349 2494
1782 3918
364 1079
1560 5472
1740 6377
5984 1663
4584 4317
3916 2645
5243 4819
5630 4389
477 1714
1478 5965
6144 4694
5806 2970
933 1962
5850 3175
212 5166
642 4180
4632 2261
4707 6026
5809 1358
5812 1643
2341 4229
6062 1551
3495 4045
6350 1342
793 2390
1711 3097
1534 5770
3160 971
980 4356
4765 2826
730 1494
1502 286
3533 1970
1357 1338
2494 4917
3918 4719
1079 2355
5472 4153
6377 1747
1663 602
4317 5986
2645 6518
4819 2098
4389 2451
1714 2876
5965 1212
4694 4117
2970 5313
1962 2946
3175 3666
5166 3949
4180 1609
2261 729
6026 4742
1358 6423
1643 1622
4229 2505
1551 5058
4045 208
1342 5152
2390 247
3097 3653
5770 5591
971 5493
4356 1556
2826 2551
1494 1062
286 1759
1970 1361
1338 4444
4917 3614
4719 449
2355 5366
4153 5239
1747 1453
602 1404
5986 779
6518 773
2098 5511
2451 5018
2876 1052
1212 3348
4117 3857
5313 6233
2946 5283
3666 1228
3949 3917
1609 1863
729 6451
4742 6422
6423 4099
1622 3266
2505 4736
5058 1141
208 3320
5152 2843
247 1078
3653 450
5591 3897
5493 5763
1556 251
2551 3269
1062 4555
1759 484
1361 4778
4444 4470
3614 2159
449 4274
5366 2325
5239 5392
1453 2376
1404 6524
779 2767
773 1243
5511 3950
5018 1300
1052 2158
3348 3006
3857 6016
6233 5614
5283 2420
1228 5667
3917 735
1863 3417
6451 3315
6422 3651
4099 3282
3266 3985
4736 3361
1141 4890
3320 4333
2843 6276
1078 3243
450 1122
3897 767
5763 6099
251 1700
3269 88
4555 2968
484 4078
4778 3202
4470 6142
2159 1554
4274 5800
2325 1969
5392 6027
2376 6576
6524 5557
2767 5815
1243 1996
3950 739
1300 3728
2158 5820
3006 2958
6016 2157
5614 262
2420 2886
5667 4832
735 5210
3417 6547
3315 1400
3651 5710
3282 861
3985 6476
3361 5314
4890 5348
4333 4247
6276 5709
3243 5931
1122 1408
767 777
6099 157
1700 1401
88 1446
2968 4754
4078 1517
3202 5342
6142 4275
1554 6259
5800 6382
1969 4068
6027 6047
6576 4598
5557 4528
5815 334
1996 6246
739 785
3728 2136
5820 1778
2958 2041
2157 643
262 4817
2886 313
4832 6094
5210 6485
6547 6264
1400 1847
5710 81
861 4320
6476 67
5314 3062
5348 3824
4247 5985
5709 3662
5931 2601
1408 2811
777 1111
157 4605
1401 89
1446 1488
4754 6444
1517 5559
5342 4028
4275 4570
6259 3968
6382 5764
4068 3289
6047 1927
4598 5959
4528 5807
334 2112
6246 1838
785 4012
2136 4763
1778 5997
2041 1742
643 2649
4817 3245
313 2023
6094 2403
6485 293
6264 1487
1847 5429
81 3199
4320 2786
67 3556
3062 5079
3824 242
5985 5110
3662 3655
2601 258
2811 2048
1111 458
4605 1287
89 2332
1488 1470
6444 5470
5559 6043
4028 5936
4570 2370
3968 3981
5764 6384
3289 6416
1927 4448
5959 4782
5807 2757
2112 5558
1838 6396
4012 664
4763 529
5997 4124
1742 3960
2649 5067
3245 2972
2023 4288
2403 976
293 1524
1487 3847
5429 3878
3199 3991
2786 2379
3556 5103
5079 3932
242 888
5110 2477
3655 4419
258 6438
2048 2490
458 1476
1287 662
2332 4392
1470 1802
5470 3926
6043 2119
5936 549
2370 975
3981 5561
6384 4582
6416 5247
4448 6546
4782 5414
2757 668
5558 818
6396 4074
664 1850
529 3798
4124 4484
3960 6366
5067 523
2972 3913
4288 6480
976 3715
1524 3680
3847 4438
3878 9
3991 2295
2379 337
5103 3296
3932 4572
888 1619
2477 3567
4419 5344
6438 4017
2490 1877
1476 3259
662 4661
4392 5
1802 404
3926 214
2119 674
549 4445
975 572
5561 408
4582 1166
5247 2963
6546 64
5414 3092
668 5262
818 992
4074 5923
1850 4051
3798 2258
4484 1658
6366 4328
523 5754
3913 4481
6480 5623
3715 6059
3680 562
4438 5708
9 3229
2295 1683
337 5919
3296 5090
4572 4118
1619 5347
3567 2951
5344 3818
4017 5597
1877 3327
3259 5759
4661 3045
5 1552
404 6354
214 476
674 797
4445 4151
572 338
408 5254
1166 3358
2963 2675
64 3084
3092 6468
5262 1449
992 1921
5923 2372
4051 2210
2258 5084
1658 4415
4328 3731
5754 2624
4481 1611
5623 1602
6059 3342
562 4885
5708 2836
3229 2021
1683 5136
5919 3152
5090 141
4118 6429
5347 3539
2951 41
3818 6082
5597 822
3327 4202
5759 4065
3045 3366
1552 1657
6354 6329
476 2666
797 6489
4151 963
338 2137
5254 2658
3358 993
2675 1119
3084 2457
6468 1066
1449 5543
1921 3649
2372 1071
2210 1671
5084 1217
4415 5407
3731 4748
2624 5706
1611 1827
1602 862
3342 5998
4885 3034
2836 3928
2021 4792
5136 715
3152 5112
141 2579
6429 5418
3539 2173
41 4050
6082 4199
822 4163
4202 4244
4065 223
3366 1600
1657 341
6329 4868
2666 5600
6489 765
963 3283
2137 1794
2658 5268
993 1194
1119 2545
2457 2271
1066 4674
5543 1623
3649 3513
1071 48
1671 2936
1217 1893
5407 1530
4748 1140
5706 6318
1827 769
862 1931
5998 1976
3034 5226
3928 894
4792 5117
715 902
5112 3090
2579 4631
5418 2691
2173 4835
4050 3502
4199 478
4163 6041
4244 318
223 6472
1600 3410
341 2567
4868 3460
5600 615
765 1286
3283 2
1794 2712
5268 4260
1194 6578
2545 3851
2271 2328
4674 3873
1623 2942
3513 5202
48 443
2936 689
1893 2711
1530 4903
1140 3268
6318 5009
769 2437
1931 2495
1976 6365
5226 4049
894 491
5117 3799
902 1017
3090 5190
4631 4435
2691 4008
4835 4084
3502 4587
478 5758
6041 5111
318 200
6472 5894
3410 917
2567 5220
3460 884
615 1025
1286 475
2 173
2712 4508
4260 5838
6578 1917
3851 3939
2328 1153
3873 3611
2942 2069
5202 4863
443 3980
689 4351
2711 1870
4903 1185
3268 5119
5009 4873
2437 2662
2495 1810
6365 4870
4049 2234
491 6542
3799 4693
1017 5879
5190 4600
4435 5013
4008 2462
4084 6299
4587 5964
5758 891
5111 3
200 704
5894 4041
917 3621
5220 4506
884 5585
1025 2155
475 2899
173 4427
4508 840
5838 6305
1917 3220
3939 2581
1153 2068
3611 4634
2069 6176
4863 1116
3980 900
4351 328
1870 6076
1185 4547
5119 5779
4873 5183
2662 6568
1810 188
4870 6463
2234 3975
6542 4727
4693 465
5879 2835
4600 250
5013 6389
2462 1409
6299 4949
5964 4221
891 1519
3 3538
704 5341
4041 4732
3621 1009
4506 5541
5585 4439
2155 3228
2899 4766
4427 1723
840 4660
6305 2932
3220 4638
2581 406
2068 5721
4634 347
6176 1178
1116 563
900 4324
328 4203
6076 3121
4547 3439
5779 6068
5183 1660
6568 492
188 2736
6463 221
3975 5907
4727 5236
465 4963
2835 5322
250 3252
6389 6303
1409 2726
4949 2981
4221 4171
1519 731
3538 5116
5341 3714
4732 702
1009 4299
5541 3021
4439 4426
3228 2813
4766 5778
1723 3076
4660 3312
2932 3850
4638 2771
406 331
5721 673
347 2170
1178 3846
563 6070
4324 1496
4203 4889
3121 1937
3439 4933
6068 4872
1660 3899
492 5063
2736 6022
221 2599
5907 4125
5236 2695
4963 896
5322 5991
3252 5284
6303 6371
2726 190
2981 4135
4171 3201
731 2369
5116 5723
3714 2358
702 578
4299 5139
3021 5316
4426 3616
2813 222
5778 5989
3076 4592
3312 2692
3850 4410
2771 3825
331 4593
673 5489
2170 189
3846 5057
6070 322
1496 1347
4889 3534
1937 1651
4933 4072
4872 5805
3899 559
5063 1134
6022 6127
2599 3931
4125 1393
2695 3652
896 5852
5991 5537
5284 6288
6371 3601
190 4816
4135 4957
3201 716
2369 4550
5723 1265
2358 3080
578 2632
5139 3063
5316 5199
3616 1826
222 1113
5989 5282
4592 598
2692 2316
4410 5857
3825 3763
4593 5024
5489 6155
189 3465
5057 2166
322 706
1347 995
3534 3776
1651 1364
4072 4381
5805 6337
559 1998
1134 4586
6127 2086
3931 5464
1393 1130
3652 5434
5852 4348
5537 6096
6288 120
3601 4055
4816 1353
4957 692
716 768
4550 1515
1265 2073
3080 1306
2632 1415
3063 500
5199 3250
1826 3375
1113 974
5282 2138
598 3900
2316 4881
5857 1250
3763 2850
5024 6247
6155 2540
3465 4788
2166 5230
706 2269
995 5161
3776 804
1364 1117
4381 1775
6337 1852
1998 2602
4586 3267
2086 1725
5464 2070
1130 2759
5434 924
4348 1288
6096 5245
120 474
4055 4894
1353 601
692 4892
768 3943
1515 5145
2073 2964
1306 3117
1415 628
500 1540
3250 6481
3375 4009
974 1675
2138 2975
3900 5298
4881 2799
1250 4181
2850 6058
6247 5301
2540 2777
4788 1868
5230 3575
2269 6207
5161 6214
804 5844
1117 4491
1775 3623
1852 156
2602 4211
3267 1039
1725 1301
2070 1860
2759 5267
924 778
1288 6251
5245 5362
474 5616
4894 2000
601 4689
4892 6050
3943 3808
5145 4313
2964 369
3117 5047
628 1676
1540 6265
6481 2996
4009 3560
1675 5506
2975 2912
5298 3328
2799 2423
4181 3512
6058 6504
5301 3810
2777 3240
1868 2660
3575 2643
6207 6014
6214 2756
5844 2547
4491 2830
3623 4217
156 7
4211 1624
1039 3828
1301 3903
1860 2591
5267 3057
778 4007
6251 4642
5362 2267
5616 4079
2000 5848
4689 2407
6050 2094
3808 5253
4313 5579
369 2747
5047 2459
1676 3952
6265 357
2996 4312
3560 6439
5506 4326
2912 4187
3328 366
2423 3813
3512 3910
6504 921
3810 3046
3240 5532
2660 6558
2643 325
6014 26
2756 2004
2547 149
2830 2453
4217 4876
7 15
1624 6569
3828 2321
3903 1063
2591 2529
3057 3694
4007 2588
4642 3508
2267 203
4079 2724
5848 652
2407 1541
2094 2439
5253 6108
5579 5769
2747 2378
2459 5682
3952 4938
357 5955
4312 259
6439 1004
4326 3273
4187 2549
366 454
3813 6045
3910 608
921 4209
3046 904
5532 5734
6558 5821
325 1894
26 3219
2004 667
149 1981
2453 3017
4876 4236
15 444
6569 6268
2321 2382
1063 4248
2529 3385
3694 4575
2588 3474
3508 2533
203 3124
2724 3785
652 6089
1541 2283
2439 6085
6108 2313
5769 833
2378 25
5682 3112
4938 2608
5955 1381
259 5631
1004 5521
3273 4655
2549 801
454 1273
6045 4359
608 4497
4209 6437
904 4626
5734 2927
5821 6491
1894 84
3219 2536
667 1061
1981 3400
3017 3770
4236 3007
444 2163
6268 645
2382 5909
4248 3725
3385 968
4575 942
3474 5973
2533 3287
3124 496
3785 6509
6089 540
2283 2411
6085 2781
2313 893
833 2897
25 124
3112 3657
2608 4502
1381 3769
5631 2858
5521 6478
4655 6586
801 6404
1273 6541
4359 6450
4497 2610
6437 3737
4626 5629
2927 6101
6491 6466
84 6549
2536 3249
1061 3043
3400 4591
3770 3553
3007 6196
2163 24
645 1591
5909 5536
3725 3592
968 39
942 1460
5973 2395
3287 6138
496 2755
6509 4908
540 2929
2411 5441
2781 5542
893 2380
2897 2790
124 1840
3657 852
4502 2038
3769 3795
2858 2185
6478 3143
6586 1808
6404 3101
6541 1244
6450 5156
2610 4721
3737 990
5629 5295
6101 4056
6466 5751
6549 4871
3249 2729
3043 6360
4591 5772
3553 1082
6196 2063
24 6293
1591 6230
5536 4939
3592 4975
39 6327
1460 3686
2395 3005
6138 5941
2755 3390
4908 2513
2929 6112
5441 3710
5542 350
2380 635
2790 1933
1840 5138
852 3562
2038 3002
3795 5038
2185 4611
3143 994
1808 74
3101 4936
1244 3099
5156 2264
4721 5393
990 983
5295 3861
4056 5567
5751 2438
4871 5490
2729 4457
6360 2550
5772 1661
1082 4809
2063 4735
6293 5423
6230 122
4939 5514
4975 4825
6327 158
3686 1954
3005 5409
5941 2117
3390 5598
2513 2646
6112 4685
3710 4395
350 1455
635 6339
1933 756
5138 377
3562 6374
3002 3416
5038 3059
4611 5077
994 1087
74 1988
4936 6400
3099 2032
2264 4039
5393 3018
983 1543
3861 3332
5567 6008
2438 5551
5490 2644
4457 1993
2550 1043
1661 1909
4809 2955
4735 2924
5423 6063
122 2197
5514 1818
4825 1571
158 4363
1954 838
5409 3549
2117 3186
5598 604
2646 3104
4685 5949
4395 6545
1455 1859
6339 2589
756 202
377 2548
6374 3494
3416 6221
3059 4010
5077 2326
1087 988
1988 1727
6400 4200
2032 1561
4039 1583
3018 5240
1543 1522
3332 5688
6008 930
5551 1155
2644 2864
1993 3500
1043 1668
1909 5860
2955 3345
2924 1886
6063 824
2197 5020
1818 56
1571 5979
4363 2013
838 3144
3549 5753
3186 1647
604 2851
3104 1999
5949 5158
6545 6554
1859 6358
2589 1425
202 4167
2548 4758
3494 2062
6221 1350
4010 3386
2326 3353
988 2723
1727 4998
4200 4671
1561 267
1583 3159
5240 104
1522 1213
5688 509
930 2045
1155 4780
2864 2525
3500 3169
1668 663
5860 5744
3345 3945
1886 175
824 5312
5020 1229
56 6167
5979 438
2013 5893
3144 5906
5753 823
1647 1227
2851 1940
1999 3844
5158 1949
6554 3830
6358 3440
1425 5570
4167 3275
4758 6212
2062 2238
1350 161
3386 4362
3353 6561
2723 3667
4998 4036
4671 4258
267 483
3159 678
104 4761
1213 4802
509 4321
2045 5742
4780 6269
2525 6171
3169 1951
663 1041
5744 5044
3945 1798
175 3116
5312 2482
1229 5741
6167 4298
438 654
5893 4559
5906 1892
823 749
1227 1726
1940 1086
3844 4408
1949 5525
3830 432
3440 910
5570 3329
3275 99
6212 3150
2238 5549
161 6055
4362 330
6561 2218
3667 3051
4036 758
4258 3113
483 6503
678 5678
4761 2758
4802 4076
4321 4119
5742 3132
6269 1779
6171 3298
1951 4672
1041 5165
5044 5215
1798 3070
3116 1339
2482 5535
5741 2257
4298 1750
654 3146
4559 5787
1892 3191
749 4338
1726 2142
1086 4092
4408 2484
5525 6177
432 6361
910 2933
3329 1849
99 1896
3150 3319
5549 219
6055 2331
330 2998
2218 6356
3051 4387
758 1126
3113 6206
6503 5133
5678 3603
2758 5140
4076 1044
4119 167
3132 3907
1779 2911
3298 4640
4672 3163
5165 5510
5215 5861
3070 607
1339 3775
5535 5587
2257 2133
1750 343
3146 2402
5787 6322
3191 162
4338 3365
2142 6573
4092 435
2484 6474
6177 5432
6361 2631
2933 5920
1849 3848
1896 2603
3319 1176
219 6139
2331 2684
2998 2923
6356 1417
4387 4588
1126 5786
6206 1875
5133 1411
3603 3230
5140 3154
1044 859
167 754
3907 3499
2911 3367
4640 2663
3163 2821
5510 193
5861 854
607 4364
3775 1340
5587 4958
2133 762
343 5495
2402 1945
6322 5121
162 4806
3365 1007
6573 4234
435 2103
6474 1667
5432 297
2631 4664
5920 1695
3848 5953
2603 4993
1176 5573
6139 6066
2684 4025
2923 447
1417 2884
4588 3881
5786 4277
1875 808
1411 527
3230 5791
3154 4471
859 4571
754 4177
3499 656
3367 6496
2663 6600
2821 4134
193 6368
854 5051
4364 5716
1340 3922
4958 6185
762 427
5495 130
1945 5387
5121 3308
4806 1423
1007 6378
4234 4511
2103 1637
1667 4818
297 1239
4664 4614
1695 2351
5953 3838
4993 1475
5573 936
6066 287
4025 751
447 6428
2884 4887
3881 4418
4277 695
808 757
527 5461
5791 6170
4471 4420
4571 2745
4177 168
656 5061
6496 5125
6600 2037
4134 1687
6368 3801
5051 1920
5716 622
3922 2571
6185 1691
427 6592
130 2506
5387 3773
3308 121
1423 3540
6378 962
4511 2582
1637 6345
4818 3697
1239 6092
4614 1101
2351 2994
3838 3431
1475 1263
936 6134
287 2517
751 5105
6428 2604
4887 1294
4418 6175
695 1520
757 6553
5461 1443
6170 5081
4420 4995
2745 5444
168 4533
5061 4900
5125 1405
2037 494
1687 391
3801 600
1920 3442
622 6505
2571 5646
1691 3262
6592 3618
2506 2443
3773 1855
121 794
3540 3204
962 3732
2582 2528
6345 4535
3697 1221
6092 583
1101 2475
2994 1879
3431 6257
1263 5357
6134 3383
2517 521
5105 627
2604 5977
1294 1325
6175 1158
1520 676
6553 3125
1443 5453
5081 4518
4995 3841
5444 3049
4533 1796
4900 3517
1405 3326
494 3479
391 2322
600 4864
3442 5788
6505 2722
5646 92
3262 4602
3618 5590
2443 5601
1855 1053
794 482
3204 3470
3732 5611
2528 1694
4535 1881
1221 4304
583 3356
2475 5481
1879 3388
6257 2244
5357 2368
3383 3489
521 1209
627 6178
5977 2802
1325 4604
1158 5995
676 5659
3125 5505
5453 6515
4518 2436
3841 5263
3049 3783
1796 3758
3517 1107
3326 1260
3479 5863
2322 4576
4864 1757
5788 6579
2722 6263
92 2878
4602 2689
5590 2882
5601 445
1053 4440
482 1138
3470 6467
5611 2746
1694 4474
1881 2493
4304 1262
3356 6013
5481 3351
3388 5185
2244 5538
2368 5951
3489 4523
1209 329
6178 4577
2802 6141
4604 1762
5995 2621
5659 5403
5505 2586
6515 3149
2436 3362
5263 57
3783 1936
3758 6060
1107 1124
1260 2145
5863 4651
4576 507
1757 6591
6579 5108
6263 4161
2878 1930
2689 2637
2882 2445
445 5902
4440 3302
1138 3360
6467 5745
2746 4182
4474 5808
2493 5154
1262 1710
6013 4061
3351 2435
5185 5548
5538 5519
5951 4423
4523 2154
329 2006
4577 4804
6141 1344
1762 6067
2621 4716
5403 2847
2586 105
3149 2101
3362 1359
57 2346
1936 5205
6060 4743
1124 2415
2145 1187
4651 4715
507 5390
6591 4845
5108 3432
4161 726
1930 4918
2637 5834
2445 864
5902 3532
3302 6521
3360 2863
5745 2667
4182 4897
5808 1042
5154 1835
1710 396
4061 1873
2435 5128
5548 151
5519 4219
4423 425
2154 4454
2006 2130
4804 6021
1344 2455
6067 4620
4716 186
2847 1200
105 1085
2101 6075
1359 467
2346 1550
5205 3174
4743 5238
2415 4367
1187 236
4715 2818
5390 1716
4845 3579
3432 630
726 1431
4918 624
5834 2165
864 3543
3532 2926
6521 3782
2863 1020
2667 351
4897 263
1042 3139
1835 4109
396 2889
1873 394
5128 1335
151 5632
4219 1123
425 2088
4454 6516
2130 207
6021 4154
2455 5446
4620 3285
186 1267
1200 2297
1085 957
6075 3712
467 2848
1550 4303
3174 2417
5238 5216
4367 5673
236 3167
2818 420
1716 4503
3579 2650
630 1804
1431 1164
624 2744
2165 97
3543 4310
2926 4505
3782 5292
1020 4800
351 4230
263 488
3139 6088
4109 4756
2889 3087
394 5622
1335 4974
5632 192
1123 3340
2088 5849
6516 6033
207 199
4154 6473
5446 4543
3285 2789
1267 2534
2297 6415
957 4710
3712 1734
2848 4657
4303 6414
2417 3585
5216 5101
5673 153
3167 4984
420 1293
4503 5054
2650 4443
1804 1444
1164 2535
2744 816
97 6344
4310 2700
4505 4424
5292 5368
4800 1207
4230 5762
488 2324
6088 4695
4756 1648
3087 493
5622 593
4974 4929
192 4131
3340 2696
5849 4606
6033 4722
199 3580
6473 4469
4543 5176
2789 4323
2534 3307
6415 588
4710 2992
1734 1326
4657 1310
6414 4409
3585 3209
5101 2422
153 3401
4984 6158
1293 3048
5054 3792
4443 5802
1444 3860
2535 3864
816 3408
6344 5173
2700 1897
4424 5017
5368 1208
1207 2347
5762 4316
2324 4648
4695 4232
1648 6278
493 1257
593 616
4929 6498
4131 4684
2696 3461
4606 1841
4722 5685
3580 4194
4469 6357
5176 1108
4323 5639
3307 5141
588 3060
2992 3211
1326 6343
1310 4018
4409 4888
3209 2113
2422 1355
3401 1022
6158 5507
3048 6589
3792 5609
5802 2995
3860 5296
3864 4150
3408 4269
5173 2920
1897 1793
5017 5992
1208 555
2347 4798
4316 2885
4648 3868
4232 3066
6278 138
1257 4515
616 459
6498 2817
4684 4874
3461 665
1841 871
5685 6588
4194 3661
6357 3198
1108 5934
5639 4557
5141 5729
3060 201
3211 6146
6343 3555
4018 4278
4888 1493
2113 929
1355 2191
1022 1792
5507 4054
6589 3628
5609 1565
2995 6039
5296 112
4150 5219
4269 1312
2920 1972
1793 6159
5992 6280
555 2841
4798 1965
2885 4670
3868 5518
3066 825
138 3681
4515 2285
459 2593
2817 2007
4874 3924
665 2458
871 1839
6588 3745
3661 3188
3198 1482
5934 4485
4557 4877
5729 6020
201 340
6146 2914
3555 3734
4278 4951
1493 218
929 6477
2191 934
1792 5155
4054 4034
3628 4191
1565 2974
6039 2168
112 6298
5219 342
1312 2065
1972 5833
6159 718
6280 3037
2841 3067
1965 5740
4670 5738
5518 937
825 4372
3681 4273
2285 2393
2593 3507
2007 5813
3924 1008
2458 1784
1839 1032
3745 1948
3188 4658
1482 3325
4485 3976
4877 196
6020 3131
340 4895
2914 386
3734 3429
4951 4739
218 4155
6477 4073
934 5748
5155 6316
4034 2456
4191 3757
2974 1953
2168 451
6298 5437
342 6398
2065 1459
5833 3352
718 2785
3037 431
3067 1501
5740 4935
5738 5662
937 2342
4372 180
4273 2778
2393 705
3507 4344
5813 3430
1008 2204
1784 4560
1032 4837
1948 6564
4658 5566
3325 5083
3976 2909
196 3962
3131 761
4895 5466
386 3605
3429 1298
4739 4718
4155 4148
4073 3428
5748 1680
6316 5162
2456 4927
3757 2005
1953 2413
451 4534
5437 3238
6398 4287
1459 1974
3352 3895
2785 6484
431 3598
1501 1098
4935 1377
5662 2800
2342 4239
180 2816
2778 6153
705 4615
4344 568
3430 3197
2204 5229
4560 2374
4837 3349
6564 3659
5566 6031
5083 1594
2909 556
3962 908
761 4450
5466 1317
3605 3004
1298 4777
4718 2774
4148 4608
3428 2657
1680 3835
5162 2412
4927 4329
2005 5978
2413 5085
4534 4945
3238 3469
4287 4386
1974 2148
3895 3065
6484 4776
3598 1851
1098 5127
1377 788
2800 2449
4239 6282
2816 1721
6153 3750
4615 5948
568 4276
3197 5474
5229 4717
2374 618
3349 5915
3659 1833
6031 1973
1594 5670
556 688
908 848
4450 4799
1317 4447
3004 245
4777 4021
2774 2304
4608 2061
2657 1817
3835 6120
2412 4673
4329 289
5978 5971
5085 6209
4945 4357
3469 3990
4386 1633
2148 2040
3065 6018
4776 6084
1851 865
5127 6105
788 4159
2449 171
6282 1553
1721 1512
3750 1005
5948 1635
4276 4046
5474 4989
4717 2289
618 284
5915 4784
1833 1555
1973 2481
5670 3541
688 2090
848 4083
4799 977
4447 3024
245 6393
4021 4223
2304 2064
2061 6301
1817 5993
6120 1789
4673 1373
289 2690
5971 554
6209 4686
4357 4226
3990 6291
1633 4113
2040 3627
6018 430
6084 5544
865 457
6105 5589
4159 3105
171 2268
1553 5134
1512 5884
1005 637
1635 4810
4046 4910
4989 1395
2289 1281
284 6244
4784 2487
1555 3761
2481 2018
3541 5102
2090 2862
4083 1402
977 1441
3024 2941
6393 935
4223 3595
2064 4103
6301 6032
5993 6073
1789 2595
1373 4530
2690 6100
554 4185
4686 3884
4226 3190
6291 481
4113 5613
3627 4129
430 931
5544 2089
457 5094
5589 3999
3105 30
2268 671
5134 5586
5884 1724
637 6399
4810 5733
4910 367
1395 573
1281 6436
6244 3355
2487 4442
3761 6507
2018 2001
5102 3700
2862 4982
1402 5555
1441 111
2941 1653
935 2991
3595 1097
4103 3518
6032 614
6073 3664
2595 4406
4530 6069
6100 2787
4185 5213
3884 6292
3190 5308
481 101
5613 2241
4129 1139
931 317
2089 5499
5094 2892
3999 5224
30 2784
671 5100
5586 5456
1724 2625
6399 4704
5733 2476
367 5467
573 5402
6436 1990
3355 5354
4442 5339
6507 1761
2001 3729
3700 3306
4982 802
5555 385
111 2302
1653 2055
2991 887
1097 6168
3518 5465
614 2176
3664 2641
4406 2097
6069 2654
2787 3176
5213 6243
6292 359
5308 1433
101 5346
2241 5687
1139 605
317 3389
5499 4772
2892 4553
5224 5021
2784 5826
5100 3224
5456 5767
2625 2104
4704 3684
2476 1125
5467 4635
5402 3213
1990 3862
5354 345
5339 4082
1761 1857
3729 2239
3306 6137
802 6040
385 115
2302 3183
2055 1394
887 2118
6168 6563
5465 2307
2176 2432
2641 4986
2097 2252
2654 685
3176 2521
6243 6188
359 5131
1433 3089
5346 2144
5687 14
605 6470
3389 3022
4772 4399
4553 3042
5021 6419
5826 1538
3224 1391
5767 5035
2104 3998
3684 93
1125 69
4635 5412
3213 1563
3862 4296
345 892
4082 4480
1857 3752
2239 378
6137 1010
6040 4128
115 2125
3183 2224
1394 3254
2118 22
6563 819
2307 2894
2432 2568
4986 2612
2252 1506
685 1722
2521 4255
6188 1112
5131 5534
3089 6049
2144 5252
14 4527
6470 1500
3022 646
4399 721
3042 3807
6419 1799
1538 4959
1391 5449
5035 3524
3998 5435
93 2973
69 42
5412 1698
1563 3796
4296 3612
892 6432
4480 3212
3752 3720
378 5625
1010 1523
4128 6492
2125 6044
2224 4590
3254 899
22 2852
819 1184
2894 1570
2568 16
2612 274
1506 2514
1722 5987
4255 55
1112 6412
5534 3161
6049 5645
5252 4297
4527 4965
1500 3257
646 1099
721 5804
3807 932
1799 2768
4959 421
5449 6312
3524 4271
5435 4169
2973 6239
42 3908
1698 5012
3796 5582
3612 6267
6432 1159
3212 5956
3720 2993
5625 3547
1523 4768
6492 3944
6044 2384
4590 4859
899 1699
2852 1327
1184 4578
1570 1255
16 4390
274 2232
2514 4808
5987 4032
55 903
6412 316
3161 4962
5645 3155
4297 4773
4965 5864
3257 1248
1099 5078
5804 2184
