4097
722 3731
722 794
722 3382
722 3809
3731 1588
3731 3945
3731 1567
794 718
3382 3042
3809 1012
1588 1378
1588 1300
1588 618
3945 2150
3945 3873
3945 3648
3945 1009
1567 3518
1567 2081
1567 3798
1567 597
718 3736
718 4089
3042 1800
3042 1875
3042 2339
3042 3632
1012 2270
1378 974
1378 212
1378 922
1378 684
1300 1597
1300 1872
1300 994
618 2161
2150 1650
2150 3576
2150 724
2150 837
3873 2614
3873 1531
3873 3151
3648 490
1009 3621
1009 2948
1009 1746
3518 1216
3518 2822
3518 3520
2081 4044
2081 2424
3798 80
597 1490
3736 2089
3736 2392
4089 2591
4089 2021
1800 131
1800 802
1800 3542
1875 268
2339 1170
2339 3707
2339 2775
3632 1003
2270 1937
974 2607
212 2978
922 2338
684 2669
1597 517
1872 1939
1872 420
994 3465
2161 642
1650 854
1650 3215
3576 2767
3576 3782
724 3373
724 193
724 4015
837 914
837 2333
2614 394
2614 3460
1531 329
1531 815
3151 1356
490 1753
490 2779
3621 3422
3621 1094
2948 2737
2948 42
1746 3557
1216 48
1216 1629
2822 313
3520 1194
3520 1522
4044 1059
4044 3878
2424 3927
2424 1372
2424 2302
80 3078
80 3638
1490 3899
2089 3272
2089 3958
2089 1516
2392 1163
2392 2986
2591 678
2021 982
2021 3788
131 2319
802 2535
802 703
802 3941
3542 1000
3542 1132
3542 3534
268 2183
268 3432
1170 2691
3707 2380
2775 2847
2775 3292
2775 881
1003 3220
1003 933
1003 289
1937 2310
1937 1995
2607 810
2607 1450
2607 2032
2978 171
2978 761
2338 2033
2669 211
517 4010
517 1920
517 437
1939 4070
1939 2757
1939 2427
420 3147
420 2375
3465 1698
3465 2210
3465 3083
642 2718
854 946
854 3039
3215 2671
2767 3686
3782 2320
3782 150
3373 3175
3373 1381
193 2331
4015 3938
4015 561
914 3339
914 2590
2333 2203
2333 3858
394 2094
3460 3967
329 656
329 2122
815 1816
1356 1275
1356 4051
1753 2209
1753 3470
2779 3936
3422 3040
1094 2924
1094 2148
2737 1940
42 2733
3557 1904
48 1464
48 1686
1629 2603
313 3989
1194 3510
1194 1268
1522 2660
1059 39
3878 2707
3878 1810
3927 1877
3927 2503
1372 1694
1372 3153
2302 1264
2302 2758
3078 2419
3078 720
3638 227
3899 1362
3272 3426
3958 1541
1516 1026
1516 2893
1163 240
1163 1322
2986 3185
678 3121
678 3242
982 1010
3788 2769
3788 2835
2319 2097
2535 1242
703 1906
3941 910
1000 3284
1132 348
3534 2947
2183 3951
3432 3505
2691 2355
2380 2367
2847 3646
3292 244
881 1267
3220 2275
933 1274
289 473
2310 84
1995 295
810 3594
1450 1960
2032 406
171 2030
761 3629
2033 2859
211 1246
4010 2075
1920 1831
437 3297
4070 608
2757 2114
2427 3920
3147 1017
2375 398
1698 1992
2210 2178
3083 3961
2718 4016
946 3259
3039 1738
2671 3093
3686 3104
2320 3623
150 199
3175 2438
1381 2685
2331 2175
3938 2214
561 2765
3339 3713
2590 3838
2203 3526
3858 3026
2094 768
3967 2304
656 270
2122 1343
1816 1190
1275 3293
4051 2814
2209 3859
3470 2529
3936 2897
3040 895
2924 3850
2148 1842
1940 3633
2733 1497
1904 2793
1464 3942
1686 917
2603 432
3989 1147
3510 2095
1268 1944
2660 506
39 479
2707 3046
1810 2110
1877 3802
2503 3250
1694 281
3153 2049
1264 820
2758 145
2419 2474
720 3502
227 446
1362 3752
3426 3948
1541 1850
1026 138
2893 2440
240 3065
1322 2142
3185 2111
3121 2120
3242 1050
1010 3903
2769 3533
2835 633
2097 3810
1242 3014
1906 2376
910 3173
3284 419
348 499
2947 2446
3951 2861
3505 2488
2355 1716
2367 1320
3646 749
244 4011
1267 2617
2275 1172
1274 187
473 438
84 758
295 2999
3594 2243
1960 2938
406 3572
2030 2566
3629 2255
2859 3833
1246 3806
2075 3253
1831 493
3297 2890
608 2901
2114 826
3920 2785
1017 476
398 2092
1992 1994
2178 1579
3961 3268
4016 971
3259 1016
1738 3599
3093 751
3104 2024
3623 2554
199 402
2438 782
2685 1867
2175 3823
2214 1913
2765 1304
3713 3494
3838 1466
3526 433
3026 2839
768 3898
2304 4042
270 3227
1343 2273
1190 1887
3293 3935
2814 2228
3859 694
2529 1201
2897 2913
895 3099
3850 2007
1842 3384
3633 3395
1497 2683
2793 1125
3942 2344
917 1758
432 1114
1147 2704
2095 1071
1944 1783
506 1614
479 864
3046 4029
2110 3058
3802 1293
3250 1013
281 2620
2049 1535
820 3674
145 723
2474 3084
3502 3085
446 142
3752 3568
3948 4023
1850 288
138 2504
2440 3839
3065 2747
2142 2605
2111 663
2120 463
1050 746
3903 2450
3533 3400
633 1400
3810 106
3014 2698
2376 892
3173 71
419 3482
499 2124
2446 535
2861 35
2488 923
1716 905
1320 2464
749 993
4011 1572
2617 1921
1172 3625
187 4001
438 4082
758 2115
2999 3913
2243 2303
2938 1395
3572 1849
2566 2748
2255 1499
3833 3815
3806 3999
3253 931
493 1351
2890 3454
2901 1171
826 2160
2785 404
476 3136
2092 2363
1994 520
1579 239
3268 4063
971 2756
1016 2343
3599 1993
751 300
2024 2717
2554 1980
402 1903
782 1923
1867 3588
3823 3062
1913 1724
1304 2463
3494 2559
1466 1035
433 1209
2839 4026
3898 3872
4042 408
3227 1055
2273 2761
1887 1715
3935 1678
2228 836
694 383
1201 1862
2913 1775
3099 2881
2007 741
3384 146
3395 3677
2683 1540
1125 2811
2344 2790
1758 729
1114 2201
2704 3776
1071 3195
1783 126
1614 3507
864 638
4029 382
3058 162
1293 2681
1013 116
2620 226
1535 1335
3674 1027
723 3679
3084 896
3085 3877
142 2703
3568 4061
4023 3694
288 2477
2504 1865
3839 604
2747 1154
2605 582
663 3805
463 3754
746 1195
2450 1835
3400 1803
1400 153
106 3901
2698 4041
892 1283
71 1702
3482 2998
2124 2408
535 514
35 130
923 2280
905 207
2464 2193
993 1647
1572 1205
1921 14
3625 209
4001 3981
4082 2149
2115 593
3913 1408
2303 1705
1395 2388
1849 27
2748 1179
1499 1740
3815 3116
3999 4045
931 2714
1351 2876
3454 2407
1171 2819
2160 1224
404 1745
3136 2643
2363 55
520 1827
239 3033
4063 3964
2756 282
2343 2480
1993 2644
300 2323
2717 1851
1980 347
1903 665
1923 222
3588 3733
3062 3998
1724 2907
2463 2571
2559 1637
1035 2472
1209 3634
4026 2262
3872 1927
408 3389
1055 1679
2761 2191
1715 2670
1678 2782
836 1610
383 2753
1862 2977
1775 3980
2881 1207
741 2083
146 4009
3677 36
1540 3726
2811 1526
2790 1187
729 160
2201 1575
3776 1229
3195 3281
126 693
3507 705
638 3624
382 2964
162 158
2681 2155
116 1819
226 580
1335 456
1027 1660
3679 3114
896 276
3877 3904
2703 1605
4061 516
3694 3803
2477 4019
1865 114
604 3349
1154 4014
582 3410
3805 1058
3754 1053
1195 2642
1835 2452
1803 30
153 1670
3901 2967
4041 3383
1283 2383
1702 708
2998 2746
2408 3010
514 1633
130 1019
2280 1570
207 1310
2193 3884
1647 97
1205 430
14 1285
209 1193
3981 903
2149 2997
593 388
1408 24
1705 2994
2388 4092
27 613
1179 3631
1740 1265
3116 1770
4045 3223
2714 1631
2876 1473
2407 1025
2819 842
1224 2107
1745 28
2643 2699
55 3192
1827 1043
3033 1131
3964 669
282 1975
2480 2235
2644 1785
2323 3734
1851 2505
347 2031
665 449
222 3834
3733 637
3998 759
2907 373
2571 1023
1637 208
2472 1471
3634 2351
2262 866
1927 956
3389 1664
1679 1730
2191 3348
2670 3018
2782 1824
1610 2630
2753 16
2977 1582
3980 843
1207 1710
2083 2729
4009 3096
36 797
3726 3550
1526 3275
1187 3480
160 1846
1575 1223
1229 1112
3281 1844
693 1543
705 846
3624 2509
2964 1438
158 567
2155 2512
1819 1974
580 124
456 1034
1660 1213
3114 23
276 2216
3904 1459
1605 1133
516 1447
3803 1990
4019 2636
114 2604
3349 2568
4014 844
3410 2044
1058 2786
1053 25
2642 3742
2452 1321
30 2000
1670 3254
2967 636
3383 1534
2383 78
708 1648
2746 115
3010 2456
1633 1731
1019 3414
1570 3701
1310 936
3884 745
97 2353
430 2253
1285 345
1193 1177
903 1635
2997 3837
388 508
24 134
2994 3260
4092 1544
613 1098
3631 4007
1265 2459
1770 3865
3223 503
1631 586
1473 1895
1025 3251
842 3234
2107 1523
28 2020
2699 3498
3192 2777
1043 3439
1131 2739
669 3564
1975 2657
2235 1218
1785 2159
3734 455
2505 3732
2031 679
449 880
3834 135
637 3598
759 3126
373 835
1023 2815
208 3340
1471 839
2351 1489
866 4038
956 2377
1664 3380
1730 2476
3348 1802
3018 2659
1824 2326
2630 1684
16 2246
1582 817
843 3159
1710 3852
2729 2289
3096 1528
797 3822
3550 938
3275 3853
3480 2511
1846 3642
1223 1148
1112 2223
1844 522
1543 3995
846 2702
2509 3769
1438 175
567 545
2512 3053
1974 3931
124 3101
1034 271
1213 973
23 676
2216 2823
1459 754
1133 1504
1447 2306
1990 1627
2636 3090
2604 2257
2568 888
844 2164
2044 231
2786 2152
25 1344
3742 3386
1321 1085
2000 1600
3254 2548
636 2995
1534 1663
78 3521
1648 324
115 2689
2456 2931
1731 818
3414 2116
3701 3785
936 3953
745 544
2353 3402
2253 1404
345 77
1177 143
1635 1366
3837 3152
508 1073
134 1644
3260 1481
1544 4004
1098 1574
4007 2040
2459 2460
3865 3241
503 3048
586 3211
1895 1323
3251 1227
3234 3866
1523 3222
2020 3072
3498 110
2777 1500
3439 902
2739 169
3564 103
2657 2491
1218 1863
2159 1327
455 2416
3732 2465
679 3170
880 2072
135 3759
3598 2231
3126 4076
835 1982
2815 3597
3340 3940
839 267
1489 1781
4038 3128
2377 2763
3380 1368
2476 2039
1802 2789
2659 2138
2326 1029
1684 1532
2246 1782
817 1345
3159 1361
3852 2068
2289 3993
1528 2953
3822 2712
938 861
3853 2959
2511 3486
3642 1790
1148 4097
2223 742
522 547
3995 972
2702 1822
3769 1703
175 2730
545 1852
3053 640
3931 2613
3101 69
271 236
973 3758
676 4039
2823 961
754 1164
1504 2701
2306 1367
1627 4032
3090 1537
2257 60
888 862
2164 2957
231 3448
2152 3622
1344 1109
3386 2905
1085 556
1600 1326
2548 2387
2995 2919
1663 2035
3521 3059
324 1615
2689 2619
2931 1529
818 254
2116 445
3785 1433
3953 210
544 559
3402 1239
1404 1384
77 629
143 967
1366 576
3152 3353
1073 1704
1644 2561
1481 1467
4004 156
1574 2295
2040 1764
2460 823
3241 2716
3048 3952
3211 3139
1323 1494
1227 3332
3866 2329
3222 539
3072 3593
110 624
1500 2840
902 979
169 1108
103 980
2491 183
1863 3787
1327 113
2416 3316
2465 5
3170 3167
2072 2411
3759 1440
2231 1871
4076 137
1982 921
3597 906
3940 1586
267 423
1781 3413
3128 981
2763 2640
1368 2154
2039 3770
2789 439
2138 985
1029 174
1532 2279
1782 2666
1345 2435
1361 3577
2068 3606
3993 3333
2953 621
2712 89
861 2074
2959 19
3486 1973
1790 1879
4097 3463
742 2902
547 1407
972 2565
1822 3514
1703 3947
2730 51
1852 3659
640 474
2613 2506
69 1505
236 1396
3758 3966
4039 2774
961 3138
1164 2019
2701 2054
1367 2950
4032 3289
1537 2241
60 320
862 2221
2957 2102
3448 3915
3622 1303
1109 260
2905 619
556 743
1326 518
2387 1692
2919 3651
2035 2638
3059 366
1615 1161
2619 1999
1529 2621
254 562
445 370
1433 2166
210 1228
559 560
1239 1911
1384 3670
629 2108
967 2045
576 2888
3353 38
1704 1256
2561 536
1467 1839
156 2227
2295 502
1764 2952
823 3490
2716 3897
3952 737
3139 1858
1494 3330
3332 548
2329 1185
539 3359
3593 3337
624 325
2840 3375
979 1385
1108 909
980 1778
183 4013
3787 1054
113 647
3316 1116
5 668
3167 570
2411 572
1440 643
1871 3688
137 304
921 3374
906 3362
1586 2335
423 2321
3413 4078
981 1553
2640 1932
2154 154
3770 2403
439 2736
985 1022
174 831
2279 732
2666 334
2435 940
3577 2543
3606 2662
3333 1894
621 3614
89 2294
2074 796
19 1398
1973 2889
1879 3181
3463 2410
2902 277
1407 2583
2565 3313
3514 2382
3947 1539
51 1755
3659 3900
474 1854
2506 1918
1505 1110
1396 2809
3966 1145
2774 1555
3138 2125
2019 3194
2054 122
2950 1559
3289 731
2241 2908
320 1376
2221 459
2102 395
3915 2791
1303 258
260 1799
619 4088
743 3124
518 2432
1692 2132
3651 269
2638 1727
366 2680
1161 4077
1999 3038
2621 3071
562 2783
370 3527
2166 1642
1228 3584
560 1942
1911 283
3670 2143
2108 3811
2045 2417
2888 3300
38 1589
1256 701
536 3641
1839 3140
2227 3197
502 2264
2952 2242
3490 3346
3897 2755
737 3691
1858 1138
3330 3721
548 2914
1185 2626
3359 1717
3337 360
325 1266
3375 2616
1385 3506
909 1103
1778 2877
4013 494
1054 626
647 1128
1116 2612
668 1751
570 2677
572 3477
643 2428
3688 98
304 4064
3374 3786
3362 441
2335 3150
2321 346
4078 2989
1553 1341
1932 460
154 2810
2403 2285
2736 344
1022 151
831 2690
732 2061
334 1701
940 2180
2543 1680
2662 471
1894 838
3614 102
2294 1444
796 1840
1398 46
2889 698
3181 2156
2410 3394
277 3008
2583 1697
3313 485
2382 3298
1539 1415
1755 2711
3900 2096
1854 2211
1918 2373
1110 2502
2809 2199
1145 3523
1555 3925
2125 1421
3194 1598
122 4056
1559 1805
731 1515
2908 650
1376 3261
459 1546
395 2623
2791 1620
258 1157
1799 1834
4088 2187
3124 546
2432 1065
2132 136
269 1675
1727 911
2680 575
4077 2975
3038 3452
3071 192
2783 1119
3527 2602
1642 2461
3584 3157
1942 2483
283 252
2143 2804
3811 318
2417 2766
3300 2263
1589 3907
701 302
3641 3985
3140 3789
3197 1355
2264 3076
2242 1733
3346 852
2755 1243
3691 3165
1138 1776
3721 1197
2914 1388
2626 247
1717 2686
360 3499
1266 3416
2616 3495
3506 1020
1103 312
2877 157
494 1676
626 1953
1128 2224
2612 4086
1751 3131
2677 2234
3477 2762
2428 1609
98 543
4064 1624
3786 504
441 1140
3150 316
346 2942
2989 3158
1341 2050
460 3238
2810 2808
2285 3306
344 2850
151 1873
2690 2237
2061 1105
1701 2796
2180 803
1680 2250
471 847
838 285
102 565
1444 2622
1840 372
46 172
698 369
2156 3813
3394 592
3008 1448
1697 2799
485 3760
3298 1100
1415 290
2711 2598
2096 1353
2211 765
2373 435
2502 1608
2199 65
3523 2135
3925 1493
1421 3667
1598 814
4056 2854
1805 2805
1515 3324
650 2430
3261 3886
1546 214
2623 2533
1620 3512
1157 2492
1834 3117
2187 568
546 2653
1065 1742
136 780
1675 1257
911 2265
575 1520
2975 2447
3452 3363
192 3326
1119 22
2602 2665
2461 533
3157 1273
2483 1766
252 248
2804 337
318 1665
2766 3003
2263 127
3907 942
302 3232
3985 2867
3789 3088
1355 850
3076 380
1733 1429
852 101
1243 2207
3165 343
1776 2307
1197 3595
1388 246
247 3876
2686 123
3499 3235
3416 1760
3495 1253
1020 1815
312 1707
157 2042
1676 1571
1953 3578
2224 3070
4086 3472
3131 422
2234 411
2762 1737
1609 1821
543 987
1624 2282
504 3172
1140 2740
316 3164
2942 833
3158 3193
2050 2037
3238 204
2808 2421
3306 2003
2850 319
1873 496
2237 1379
1105 532
2796 3628
803 1188
2250 2510
847 3793
285 3529
565 2104
2622 801
372 2402
172 3580
369 813
3813 3249
592 1917
1448 3617
2799 677
3760 1332
1100 444
290 3342
2598 3016
1353 2390
765 1301
435 2976
1608 2397
65 1435
2135 948
1493 1706
3667 2324
814 719
2854 4012
2805 3855
3324 609
2430 218
3886 3681
214 2648
2533 3905
3512 2715
2492 3405
3117 2984
568 2649
2653 2679
1742 4027
780 2634
1257 2434
2265 448
1520 3887
2447 91
3363 1617
3326 2813
22 3661
2665 3860
533 1127
1273 4017
1766 798
248 553
337 52
1665 451
3003 2760
127 2818
942 2469
3232 1039
2867 1090
3088 2010
850 1371
380 935
1429 2654
101 18
2207 3812
343 537
2307 1950
3595 2909
246 3387
3876 2537
123 465
3235 3602
1760 403
1253 3738
1815 3683
1707 3492
2042 2028
1571 667
3578 3895
3070 2086
3472 2519
422 3277
411 469
1737 2577
1821 1986
987 3735
2282 237
3172 1241
2740 1232
3164 3485
833 3245
3193 1508
2037 2312
204 141
2421 733
2003 2336
319 1908
496 1912
1379 3256
532 762
3628 2482
1188 3052
2510 683
3793 3616
3529 32
2104 3869
801 3177
2402 509
3580 1319
813 1260
3249 3309
1917 2240
3617 1063
677 1622
1332 2473
444 3501
3342 3880
3016 450
2390 641
1301 3548
2976 2744
2397 1478
1435 2413
948 3047
1706 3801
2324 2558
719 1200
4012 1632
3855 3279
609 429
218 2105
3681 2693
2648 897
3905 2588
2715 1991
3405 2144
2984 863
2649 630
2679 2364
4027 1156
2634 3689
2434 4080
448 3110
3887 1165
91 2334
1617 1804
2813 2266
3661 1374
3860 86
1127 2940
4017 542
798 3036
553 2812
52 390
451 523
2760 3889
2818 4008
2469 2587
1039 3685
1090 1524
2010 1507
1371 478
935 1671
2654 128
18 400
3812 3881
537 3037
1950 989
2909 2259
3387 1364
2537 1405
465 3474
3602 1838
403 2974
3738 2012
3683 377
3492 147
2028 2966
667 67
3895 2872
2086 515
2519 941
3277 513
469 4067
2577 1681
1986 2500
3735 715
237 2930
1241 3082
1232 610
3485 1514
3245 704
1508 2256
2312 2508
141 315
733 3987
2336 1336
1908 107
1912 2190
3256 2372
762 2979
2482 4053
3052 3601
683 3982
3616 2004
32 44
3869 1284
3177 3263
509 1791
1319 2516
1260 2395
3309 2576
2240 3129
1063 1106
1622 3740
2473 3226
3501 1825
3880 1347
450 253
641 952
3548 3832
2744 2951
1478 2520
2413 840
3047 1893
3801 1949
2558 3825
1200 2399
1632 3216
3279 2254
429 3926
2105 1784
2693 789
897 2099
2588 317
1991 3914
2144 929
863 713
630 1038
2364 333
1156 2608
3689 202
4080 2441
3110 1111
1165 2574
2334 3921
1804 988
2266 3678
1374 2851
86 4046
2940 3009
542 2878
3036 3842
2812 3706
390 1714
523 234
3889 2026
4008 3525
2587 2807
3685 3974
1524 2170
1507 512
478 3954
1671 2826
128 1233
400 1748
3881 873
3037 2579
989 3620
2259 1439
1364 1795
1405 2299
3474 3649
1838 1547
2974 2586
2012 1340
377 1180
147 179
2966 3996
67 3795
2872 3174
515 2552
941 4079
513 359
4067 552
1681 3184
2500 2580
715 1307
2930 3123
3082 407
610 3377
1514 3574
704 1120
2256 397
2508 1826
315 1458
3987 1914
1336 3560
107 2098
2190 3045
2372 1018
2979 4087
4053 3228
3601 3883
3982 849
2004 648
44 486
1284 1772
3263 845
1791 2151
2516 1640
2395 3861
2576 1288
3129 3091
1106 3665
3740 1091
3226 58
1825 3203
1347 564
253 3729
952 955
3832 2912
2951 284
2520 581
840 2596
1893 1269
1949 2090
3825 2179
2399 2060
3216 2277
2254 3928
3926 2962
1784 571
789 353
2099 551
317 1160
3914 1774
929 229
713 1550
1038 3755
333 3364
2608 1584
202 1456
2441 2213
1111 45
2574 2311
3921 2212
988 2553
3678 1126
2851 812
4046 1947
3009 1183
2878 3408
3842 555
3706 74
1714 1451
234 3130
2026 3566
3525 1212
2807 3095
3974 894
2170 2969
512 3682
3954 3856
2826 200
1233 1987
1748 834
873 2174
2579 273
3620 1031
1439 4059
1795 3311
2299 3844
3649 2389
1547 2560
2586 2802
1340 3765
1180 2647
179 3591
3996 2542
3795 2076
3174 2431
2552 1864
4079 1198
359 3302
552 1813
3184 725
2580 1924
1307 2269
3123 1102
407 1474
3377 511
3574 3779
1120 963
397 697
1826 947
1458 3745
1914 1936
3560 1419
2098 2829
3045 3280
1018 466
4087 1556
3228 3746
3883 1577
849 2922
648 206
486 736
1772 481
845 3393
2151 976
1640 3224
3861 3818
1288 2217
3091 1652
3665 3352
1091 2664
58 249
3203 3997
564 2858
3729 1857
955 3590
2912 2903
284 507
581 1422
2596 1926
1269 2196
2090 1602
2179 2278
2060 4034
2277 3266
3928 3462
2962 1393
571 2439
353 631
551 3944
1160 409
1774 4037
229 3630
1550 2084
3755 2874
3364 376
1584 3808
1456 221
2213 2205
45 726
2311 2422
2212 278
2553 2197
1126 2140
812 2244
1947 3551
1183 2252
3408 3767
555 3562
74 1089
1451 2249
3130 104
3566 1486
1212 2489
3095 1412
894 452
2969 468
3682 1855
3856 809
200 2627
1987 3476
834 159
2174 2695
273 327
1031 464
4059 2153
3311 3655
3844 3221
2389 1762
2560 899
2802 491
3765 1441
2647 3819
3591 830
2542 1955
2076 1874
2431 2082
1864 3092
1198 2831
3302 7
1813 1619
725 908
1924 3367
2269 2226
1102 1878
1474 2936
511 2885
3779 3035
963 467
697 4033
947 2457
3745 1581
1936 1261
1419 196
2829 3647
3280 3977
466 3350
1556 251
3746 2490
1577 3969
2922 825
206 2584
736 2292
481 1630
3393 1578
976 804
3224 3496
3818 734
2217 975
1652 3538
3352 425
2664 2471
249 3229
3997 167
2858 2944
1857 1107
3590 919
2903 3255
507 2673
1422 427
1926 2507
2196 2546
1602 1970
2278 3467
4034 1469
3266 3983
3462 2778
1393 3700
2439 2795
631 1204
3944 1639
409 2593
4037 867
3630 1735
2084 680
2874 3433
376 1281
3808 2860
221 2123
2205 2194
726 3056
2422 2479
278 3437
2197 3846
2140 8
2244 2532
3551 405
2252 1476
3767 1411
3562 1166
1089 2991
2249 1249
104 1083
1486 4084
2489 3191
1412 3730
452 1971
468 616
1855 129
809 3720
2627 1690
3476 3351
159 428
2695 3257
327 386
464 2886
2153 1916
3655 3790
3221 4018
1762 4022
899 859
491 4006
1441 645
3819 3067
830 3171
1955 3270
1874 3372
2082 3750
3092 3397
2831 1244
7 220
1619 2365
908 1747
3367 2555
2226 1226
1878 2990
2936 3596
2885 3074
3035 1828
467 1446
4033 2595
2457 2781
1581 3484
1261 92
196 487
3647 2567
3977 3213
3350 1052
251 1901
2490 853
3969 1657
825 1768
2584 1375
2292 2564
1630 538
1578 3711
804 2418
3496 2281
734 3784
975 3933
3538 1593
425 1480
2471 666
3229 1777
167 644
2944 1096
1107 3142
919 1202
3255 1270
2673 2147
427 3478
2507 2062
2546 2513
1970 1272
3467 2236
1469 2069
3983 87
2778 3120
3700 3543
2795 1700
1204 3206
1639 3814
2593 492
867 3669
1735 674
680 1311
3433 1585
1281 417
2860 2139
2123 1569
2194 413
3056 4057
2479 41
3437 2943
3846 2359
8 3407
2532 3830
405 3404
1476 2487
1411 3112
1166 2001
2991 1655
1249 54
1083 144
4084 3378
3191 168
3730 3321
1971 164
616 3231
129 2868
3720 2933
1690 3007
3351 1638
428 766
3257 2879
386 534
2886 3108
1916 2220
3790 1673
4018 1967
4022 2988
859 2570
4006 2906
645 1560
3067 1957
3171 170
3270 2077
3372 557
3750 2836
3397 3318
1244 1262
220 2276
2365 620
1747 1189
2555 1217
1226 1506
2990 1175
3596 3650
3074 611
1828 957
1446 264
2595 3403
2781 4071
3484 1564
92 178
487 3322
2567 205
3213 31
1052 3587
1901 1214
853 401
1657 1876
1768 3365
1375 2741
2564 3827
538 901
3711 3513
2418 3546
2281 2883
3784 1961
3933 11
1593 2268
1480 2172
666 272
1777 3282
644 225
1096 1658
3142 788
1202 309
1270 1314
2147 769
3478 2672
2062 603
2513 166
1272 2837
2236 966
2069 3744
87 1115
3120 3522
3543 3205
1700 3357
3206 3307
3814 727
492 121
3669 2498
674 2817
1311 2091
1585 1601
417 1983
2139 890
1569 1948
413 1129
4057 672
41 1591
2943 900
2359 3791
3407 3385
3830 913
3404 3417
2487 37
3112 2449
2001 1008
1655 1883
54 228
144 3672
3378 2167
168 1792
3321 1607
164 1169
3231 4052
2868 1636
2933 355
3007 314
1638 1192
766 869
2879 323
534 2208
3108 3654
2220 358
1673 1929
1967 2341
2988 540
2570 2420
2906 2838
1560 550
1957 1101
170 1330
2077 3200
557 871
2836 2676
3318 2002
1262 2841
2276 1817
620 2426
1189 1235
1217 2128
1506 197
1175 3748
3650 3680
611 3532
957 1682
264 2832
3403 2
4071 3273
1564 984
178 1915
3322 3276
205 1240
31 1380
3587 3607
1214 739
401 700
1876 3934
3365 2055
2741 2305
3827 773
901 2274
3513 3438
3546 2406
2883 2442
1961 1428
11 1919
2268 3728
2172 2582
272 1168
3282 3041
225 2239
1658 3269
788 566
309 1390
1314 3319
769 1896
2672 3519
603 21
166 876
2837 3278
966 3466
3744 3341
1115 2385
3522 702
3205 599
3357 4081
3307 1072
727 2006
121 2169
2498 1621
2817 266
2091 1669
1601 483
1983 1305
890 3988
1948 1959
1129 2692
672 3005
1591 1150
900 1905
3791 912
3385 2682
913 1277
3417 1092
37 3835
2449 1659
1008 3549
1883 472
228 186
3672 2550
2167 868
1792 3666
1607 3528
1169 3544
4052 1245
1636 3370
355 233
314 1258
1192 1370
869 256
323 2272
2208 1653
3654 2968
358 3871
1929 1899
2341 3198
540 3115
2420 261
2838 3444
550 1552
1101 2728
1330 1152
3200 2745
871 3204
2676 3073
2002 2610
2841 3176
1817 687
2426 1064
1235 3604
2128 2797
197 1298
3748 381
3680 3183
3532 1829
1682 2921
2832 2085
2 2820
3273 3424
984 3963
1915 3737
3276 482
1240 799
1380 2100
3607 2963
739 1302
700 2530
3934 1890
2055 785
2305 1889
773 1254
2274 3366
3438 3653
2406 140
2442 4024
1428 4094
1919 2556
3728 3180
2582 185
1168 3992
3041 3609
2239 263
3269 930
566 2130
1390 2048
3319 573
1896 1021
3519 2066
21 3626
876 3132
3278 1909
3466 943
3341 3902
2385 2742
702 62
599 1472
4081 1211
1072 1387
2006 1972
2169 2731
1621 1596
266 3817
1669 2625
483 1155
1305 1383
3988 598
1959 1548
2692 1886
3005 3481
1150 2806
1905 1779
912 1414
2682 3345
1277 3156
1092 3210
3835 15
1659 3545
3549 385
472 2697
186 3265
2550 2451
868 2545
3666 1312
3528 3013
3544 3081
1245 440
3370 1732
233 634
1258 2573
1370 685
256 525
2272 3697
1653 1363
2968 2145
3871 1978
1899 3368
3198 1162
3115 606
261 1573
3444 2314
1552 1427
2728 3335
1152 3709
2745 410
3204 3054
3073 1199
2610 3075
3176 299
687 3537
1064 829
3604 82
2797 3119
1298 1430
381 3055
3183 805
1829 443
2921 3455
2085 217
2820 2539
3424 617
3963 2206
3737 3710
482 3875
799 1292
2100 203
2963 64
1302 95
2530 855
1890 3468
785 1234
1889 778
1254 2283
3366 1278
3653 3879
140 1095
4024 1683
4094 3247
2556 632
3180 2798
185 3781
3992 2345
3609 1503
263 294
930 2368
2130 3984
2048 2136
573 816
1021 3469
2066 57
3626 3069
3132 2181
1909 1174
943 2018
3902 3929
2742 2916
62 1931
1472 2726
1211 3761
1387 1350
1972 3696
2731 1220
1596 1818
3817 3137
2625 3836
1155 3807
1383 1130
598 753
1548 1880
1886 139
3481 1847
2806 2706
1779 596
1414 2131
3345 1888
3156 1093
3210 2291
15 2070
3545 3764
385 1482
2697 1741
3265 1117
2451 968
2545 2687
1312 2541
3013 4068
3081 2856
440 412
1732 1604
634 2137
2573 3702
685 2684
525 2322
3697 120
1363 1048
2145 3826
1978 4003
3368 1599
1162 807
606 3824
1573 3429
2314 879
1427 4000
3335 2468
3709 2047
410 1752
3054 1222
1199 3831
3075 3294
299 1966
3537 1910
829 2455
82 1649
3119 1360
1430 384
3055 841
805 1424
443 2204
3455 94
217 1833
2539 714
617 1487
2206 108
3710 1061
3875 2853
1292 1773
203 1333
64 1808
95 152
855 3155
3468 2298
1234 2163
778 953
2283 3894
1278 688
3879 2960
1095 1002
1683 3214
3247 3613
632 3144
2798 3109
3781 2009
2345 2723
1503 1409
294 1225
2368 821
3984 3411
2136 198
816 1820
3469 2486
57 2185
3069 1794
2181 3757
1174 2752
2018 1634
3929 416
2916 3399
1931 3425
2726 3554
3761 72
1350 1859
3696 1946
1220 1047
1818 1510
3137 2862
3836 3843
3807 3446
1130 558
753 1723
1880 1696
139 2827
1847 991
2706 232
596 884
2131 2222
1888 3239
1093 783
2291 524
2070 2394
3764 3440
1482 3079
1741 3605
1117 784
968 1339
2687 4047
2541 2705
4068 1077
2856 2834
412 3640
1604 915
2137 1907
3702 2882
2684 2168
2322 3325
120 3639
1048 1176
3826 49
4003 4075
1599 2784
807 3573
3824 3864
3429 2481
879 3535
4000 176
2468 3979
2047 3471
1752 2078
1222 2071
3831 777
3294 3264
1966 2709
1910 149
2455 808
1649 3267
1360 275
384 1434
841 173
1424 238
2204 1756
94 3565
1833 3668
714 659
1487 53
108 3867
1061 3762
2853 1590
1773 1984
1333 387
1808 3540
152 2652
3155 3019
2298 793
2163 4005
953 1689
3894 81
688 2937
2960 744
1002 3627
3214 1159
3613 3558
3144 3024
3109 2053
2009 3906
2723 1687
1409 1996
1225 3800
821 307
3411 658
198 2895
1820 760
2486 3451
2185 1866
1794 1722
3757 117
2752 1397
1634 2517
416 182
3399 3427
3425 1603
3554 3305
72 3149
1859 2499
1946 3461
1047 2146
1510 393
2862 257
3843 349
3446 2708
558 2195
1723 3262
1696 3134
2827 1517
991 1382
232 1668
884 3976
2222 2497
3239 1097
783 2034
524 1719
2394 1030
3440 3857
3079 2067
3605 2661
784 336
1339 3504
4047 3991
2705 3328
1077 2788
2834 885
3640 3583
915 675
1907 3635
2882 2056
2168 2857
3325 328
3639 1554
1176 3320
49 1470
4075 4073
2784 392
3573 291
3864 776
2481 83
3535 2371
176 1661
3979 1389
3471 1832
2078 2667
2071 2734
777 3201
3264 350
2709 374
149 740
808 954
3267 1662
275 1259
1434 305
173 2501
238 3106
1756 3064
3565 1426
3668 1512
659 2780
53 3360
3867 1981
3762 1823
1590 3829
1984 2609
387 1151
3540 415
2652 2158
3019 3271
793 3347
4005 1626
1689 2934
81 3208
2937 375
744 3796
3627 1856
1159 3240
3558 3314
3024 3237
2053 1496
3906 2171
1687 2735
1996 3225
3800 2678
307 1062
658 2354
2895 699
760 3207
3451 2296
1866 10
1722 1014
117 1587
1397 2801
2517 1338
182 255
3427 3722
1603 996
3305 2297
3149 2611
2499 3693
3461 243
2146 1208
393 3922
257 2415
349 2904
2708 2754
2195 2117
3262 331
3134 3994
1517 2845
1382 3946
1668 959
3976 2245
2497 3657
1097 148
2034 364
1719 4096
1030 622
3857 3118
2067 293
2661 17
336 3909
3504 2127
3991 529
3328 2615
2788 1749
885 1728
3583 2637
675 3771
3635 3664
2056 3169
2857 3714
328 2046
1554 1954
3320 1354
1470 3768
4073 297
392 1612
291 3415
776 747
83 1308
2371 2350
1661 2880
1389 2215
1832 692
2667 2008
2734 2328
3201 2251
350 1667
374 1616
740 3369
954 1483
1662 3743
1259 2088
305 521
2501 20
3106 3127
3064 2381
1426 484
1512 2961
2780 1536
3360 1674
1981 527
1823 3749
3829 2038
2609 3541
1151 4054
415 2458
2158 2200
3271 3043
3347 2629
1626 3028
2934 1709
3208 1462
375 1708
3796 3552
1856 1545
3240 118
3314 1318
3237 3676
1496 2650
2171 1786
2735 1452
3225 2663
2678 1460
1062 3290
2354 85
699 368
3207 3286
2296 2887
10 2855
1014 1521
1587 541
2801 595
1338 1139
255 2315
3722 2041
996 29
2297 2437
2611 3959
3693 2794
243 998
1208 292
3922 3772
2415 3511
2904 2965
2754 3401
2117 3285
331 354
3994 3972
2845 3182
3946 3794
959 2926
2245 3932
3657 3450
148 1359
364 1247
4096 2121
622 549
3118 4083
293 3530
17 1721
3909 756
2127 2563
529 916
2615 461
1749 2184
1728 1121
2637 1263
3771 2992
3664 2103
3169 3563
3714 477
2046 2981
1954 1231
1354 1
3768 2337
297 2022
1612 2525
3415 2134
747 2562
1308 3436
2350 3459
2880 3186
2215 2198
692 125
2008 2015
2328 1416
2251 4065
1667 195
1616 4093
3369 3100
1483 2129
3743 960
2088 1964
521 321
20 1743
3127 1492
2381 1988
484 4055
2961 4036
1536 3097
1674 184
527 3719
3749 3334
2038 1771
3541 1501
4054 1449
2458 772
2200 259
3043 2646
2629 1011
3028 1484
1709 3660
1462 2514
1708 3187
3552 1046
1545 3391
118 3089
1318 811
3676 399
2650 190
1786 1853
1452 2016
2663 2300
1460 1922
3290 757
85 587
368 662
3286 1337
2887 1461
2855 2436
1521 1418
541 3497
595 2973
1139 3747
2315 691
2041 2972
29 3608
2437 2036
3959 2316
2794 1432
998 851
292 3080
3772 3971
3511 2330
2965 1296
3401 3246
3285 1979
354 1286
3972 1956
3182 3317
3794 3002
2926 3949
3932 1789
3450 3141
1359 787
1247 1413
2121 1699
549 2484
4083 2005
3530 223
1721 1558
756 3610
2563 2379
916 1666
461 3390
2184 3868
1121 2898
1263 2051
2992 191
2103 2453
3563 2846
477 3
2981 2655
1231 3283
1 3086
2337 1725
2022 1287
2525 2374
2134 1081
2562 3063
3436 2910
3459 1685
3186 2229
2198 2400
125 1563
2015 1391
1416 3851
4065 2585
195 594
4093 2849
3100 2759
2129 2401
960 2899
1964 3029
321 3295
1743 2309
1492 2202
1988 3531
4055 750
4036 3718
3097 970
184 4050
3719 3539
3334 781
1771 3133
1501 3890
1449 3585
772 2923
259 886
2646 2043
1011 1137
1484 1513
3660 367
2514 3355
3187 2286
1046 870
3391 828
3089 583
811 2896
399 265
190 3970
1853 2361
2016 76
2300 2369
1922 1135
757 3303
587 3418
662 2982
1337 1519
1461 4021
2436 357
1418 363
3497 950
2973 4058
3747 1565
691 3763
2972 2485
3608 588
2036 2572
2316 1325
1432 2866
851 2293
3080 3916
3971 2176
2330 3323
1296 3406
3246 161
1979 1342
1286 4035
1956 40
3317 2475
3002 3217
3949 2869
1789 99
3141 3288
787 2113
1413 1495
1699 1088
2484 2601
2005 3434
223 2073
1558 2884
3610 771
2379 4020
1666 2230
3390 3724
3868 1210
2898 1900
2051 2429
191 501
2453 3398
2846 1086
3 301
2655 3559
3283 1965
3086 1654
1725 2768
1287 219
2374 2162
1081 3567
3063 436
2910 3015
1685 682
2229 563
2400 800
1563 2917
1391 4090
3851 2844
2585 2027
594 3344
2849 3061
2759 2011
2401 1069
2899 2445
3029 686
3295 893
2309 1068
2202 2551
3531 1445
750 3020
3718 2792
970 1525
4050 3421
3539 3910
781 1215
3133 2751
3890 1788
3585 3896
2923 891
886 1963
2043 2618
1137 3957
1513 3687
367 748
3355 3955
2286 66
870 1977
828 627
583 90
2896 3443
265 2360
3970 1358
2361 1423
76 1798
2369 2219
1135 3006
3303 3435
3418 1167
2982 3441
1519 1628
4021 2828
357 1437
363 3209
950 2534
4058 2017
1565 1142
3763 1860
2485 986
588 652
2572 245
1325 431
2866 2996
2293 1759
3916 1606
2176 690
3323 1306
3406 1951
161 3356
1342 3690
4035 2462
40 2725
2475 2710
3217 3603
2869 1568
99 1252
3288 661
2113 1070
1495 3778
1088 2448
2601 3458
3434 1530
2073 3354
2884 2317
771 2495
4020 3291
2230 1005
3724 3212
1210 1898
1900 2518
2429 3051
501 2949
3398 2674
1086 887
301 3388
3559 1040
1965 925
1654 1181
2768 2694
219 3011
2162 1580
3567 2384
436 1431
3015 2825
682 133
563 1930
800 3561
2917 1885
4090 1465
2844 1184
2027 3077
3344 1592
3061 1897
2011 2087
1069 88
2445 2260
686 1693
893 391
1068 1289
2551 1186
1445 3445
3020 250
2792 2651
1525 2713
3421 657
3910 2864
1215 1399
2751 1329
1788 3766
3896 3371
891 1884
1963 351
2618 577
3957 696
3687 489
748 2892
3955 2023
66 2496
1977 2425
627 1848
90 1962
3443 717
2360 3820
1358 530
1423 2631
1798 2014
2219 1958
3006 1925
3435 3379
1167 646
3441 1651
1628 1309
2828 378
1437 2773
3209 2301
2534 1297
2017 519
1142 447
1860 4
986 3479
652 767
245 1814
431 1037
2996 2842
1759 1769
1606 3579
690 1076
1306 1236
1951 1033
3356 1136
3690 1348
2462 1403
2725 2987
2710 822
3603 498
1568 1843
1252 2398
661 1067
1070 3202
3778 1280
2448 926
3458 2065
1530 1509
3354 4069
2317 2894
2495 2816
3291 1625
1005 3692
3212 3336
1898 623
2518 3301
3051 589
2949 242
2674 352
887 792
3388 213
1040 421
925 1153
1181 2188
2694 3004
3011 1122
1580 274
2384 1688
1431 2528
2825 2288
133 75
1930 2325
3561 1346
1885 163
1465 2287
1184 2724
3077 1178
1592 1299
1897 3918
2087 2928
88 874
2260 3189
1693 3146
391 654
1289 927
1186 442
3445 3924
250 1352
2651 177
2713 2833
657 2247
2864 3068
1399 681
1329 2267
3766 3553
3371 2522
1884 1538
351 1113
577 3243
696 2918
489 475
2892 3107
2023 1868
2496 6
2425 3892
1848 495
1962 1989
717 848
3820 1475
530 303
2631 2925
2014 1695
1958 109
1925 43
3379 939
646 3656
1651 1324
1309 856
378 625
2773 93
2301 2444
1297 2405
519 2423
447 2983
4 1557
3479 1276
767 1511
1814 1453
1037 774
2842 2404
1769 3845
3579 3515
1076 2719
1236 1646
1033 339
1136 3645
1348 3891
1403 3715
2987 59
822 3975
498 2470
1843 3727
2398 1087
1067 4030
3202 79
1280 574
926 3190
2065 2531
1509 3503
4069 2218
2894 2929
2816 2290
1625 1313
3692 3188
3336 3930
623 1718
3301 1477
589 1294
242 306
352 3717
792 2271
213 3381
421 3488
1153 2079
2188 287
3004 3739
1122 2772
274 2743
1688 488
2528 3615
2288 2594
75 56
2325 1527
1346 2954
163 832
2287 2547
2724 2177
1178 3428
1299 2233
3918 3236
2928 3508
874 2824
3189 2238
3146 418
654 1377
927 371
442 1518
3924 2409
1352 1203
177 721
2833 2157
2247 2958
3068 1502
681 1196
2267 3908
3553 2635
2522 775
1538 1463
1113 3500
3243 1060
2918 2599
475 296
3107 3050
1868 3756
6 601
3892 2544
495 928
1989 322
848 132
1475 1420
303 1442
2925 3792
1695 1036
109 2863
43 2932
939 1812
3656 1797
1324 470
856 1032
625 3233
93 990
2444 3547
2405 578
2423 1928
2983 2182
1557 3723
1276 1079
1511 2549
1453 1392
774 235
2404 4095
3845 3178
3515 591
2719 716
1646 1334
339 951
3645 3840
3891 649
3715 3962
59 3774
3975 1331
2470 1938
3727 1562
1087 706
4030 2393
79 2787
574 883
3190 920
2531 3912
3503 1295
2218 3569
2929 2971
2290 1006
1313 181
3188 2352
3930 1861
1718 689
1477 1551
1294 4040
306 111
3717 3911
2271 3643
3381 673
3488 3066
2079 1941
287 3943
3739 2118
2772 155
2743 3430
488 3882
3615 3589
2594 1317
56 635
1527 2347
2954 2578
832 3586
2547 2059
2177 763
3428 3662
2233 1457
3236 47
3508 2466
2824 3725
2238 1613
418 3582
1377 1869
371 3218
1518 958
2409 1118
1203 3111
721 2945
2157 2370
2958 3473
1502 3027
1196 1078
3908 2526
2635 73
775 3442
1463 2658
3500 3098
1060 1146
2599 569
296 3555
3050 1845
3756 1765
601 711
2544 63
928 3023
322 3392
132 1736
1420 2261
1442 2225
3792 2700
1036 188
2863 735
2932 286
1812 791
1797 1713
470 3060
1032 3219
3233 1271
990 1291
3547 2875
578 3409
1928 3828
2182 795
3723 1807
1079 1763
2549 3166
1392 1780
235 1594
4095 3637
3178 1533
591 600
716 1425
1334 1796
951 2720
3840 664
649 1491
3962 3804
3774 3431
1331 3094
1938 457
1562 1892
706 1401
2393 3780
2787 1057
883 1933
920 13
3912 764
1295 3487
3569 2378
2971 68
1006 3684
181 1410
2352 3034
1861 2318
689 1149
1551 510
4040 3105
111 2727
3911 1042
3643 3612
673 584
3066 3516
1941 1566
3943 1141
2118 3464
155 1882
3430 1316
3882 992
3589 671
1317 1104
635 2536
2347 1837
2578 2645
3586 1417
2059 3741
763 298
3662 3712
1457 105
47 655
2466 4002
3725 2764
1613 3087
3582 2467
1869 3854
3218 1754
958 651
1118 4072
3111 1051
2945 3022
2370 338
3473 1173
3027 2493
1078 1576
2526 3329
73 2232
3442 2133
2658 3751
3098 2915
1146 2800
569 889
3555 2029
1845 1230
1765 2342
711 230
63 639
3023 2970
3392 119
1736 918
2261 934
2225 1328
2700 3179
188 356
735 1365
286 1436
791 3287
1713 308
3060 3611
3219 112
1271 165
1291 2093
2875 2865
3409 2696
3828 2557
795 2433
1807 858
1763 2109
3166 3923
1780 2597
1594 3703
3637 709
1533 1943
600 2357
1425 997
1796 224
2720 12
664 615
1491 2523
3804 332
3431 1870
3094 790
457 3145
1892 1726
1401 3973
3780 2386
1057 2349
1933 602
13 1645
764 3310
3487 3671
2378 1402
68 1099
3684 2900
1410 3888
3034 2173
2318 1134
1149 999
510 2332
3105 1998
2727 2624
1042 1001
3612 4091
584 3315
3516 898
1566 1976
1141 1290
3464 3449
1882 2939
1316 4049
992 755
671 462
1104 3420
2536 3937
1837 3358
2645 4085
1417 100
3741 1250
298 2803
3712 605
105 2119
655 526
4002 2025
2764 3968
3087 819
2467 2770
3854 33
1754 1968
651 3783
4072 3517
1051 4025
3022 612
338 2080
1173 730
2493 3847
1576 241
3329 3950
2232 969
2133 2750
3751 1643
2915 3797
2800 4060
889 426
2029 3143
1230 1143
2342 3644
230 1712
639 2126
2970 882
119 61
918 2935
934 3483
1328 2955
3179 3592
356 3475
1365 528
1436 3652
3287 3102
308 1729
3611 500
112 2340
165 3343
2093 1488
2865 1191
2696 3154
2557 3419
2433 3841
858 707
2109 2848
3923 752
2597 3122
3703 1373
709 311
1943 2589
2357 1677
997 827
224 458
12 3849
615 3939
2523 1485
332 824
1870 1841
790 1251
3145 3658
1726 3162
3973 3196
2386 3619
2349 2776
602 978
1645 945
3310 4066
3671 3919
1402 4048
1099 2106
2900 3848
3888 695
2173 2721
1134 944
999 3956
2332 3000
1998 1279
2624 3457
1001 2628
4091 361
3315 1542
898 962
1976 3965
1290 1238
3449 3160
2939 1255
4049 2313
755 2600
462 3990
3420 279
3937 3556
3358 3960
4085 1787
100 2592
1250 2632
2803 1997
605 3978
2119 907
526 2346
2025 3163
3968 1082
819 3704
2770 964
33 995
1968 1443
3783 3230
3517 3025
4025 1583
612 1811
2080 3327
730 860
3847 3361
241 1757
3950 1641
969 2821
2750 2258
1643 2064
3797 454
4060 2843
426 3695
3143 335
1143 453
3644 590
1712 3673
2126 3113
882 3304
61 904
2935 877
3483 2873
2955 710
3592 3001
3475 1806
528 1454
3652 365
3102 2675
1729 1711
500 2141
2340 2540
3343 779
1488 2284
1191 2927
3154 3331
3419 878
3841 3376
707 70
2848 497
752 965
3122 2738
1373 1007
311 1041
2589 2454
1677 2980
827 1672
458 1080
3849 1618
3939 2688
1485 1595
824 1561
1841 1455
1251 3571
3658 1004
3162 2052
3196 1028
3619 2366
2776 2985
978 3148
945 2013
4066 2668
3919 3248
4048 2057
2106 3423
3848 1656
695 1767
2721 1357
944 3044
3956 1881
3000 3103
1279 1074
3457 865
2628 2732
361 2063
1542 924
962 2656
3965 2412
1238 3893
3160 660
1255 3308
2313 554
2600 3312
3990 3396
279 3816
3556 180
3960 4074
1787 3862
2592 3032
2632 1969
1997 3031
3978 480
907 3296
2346 2112
3163 2391
1082 1282
3704 3716
964 2443
995 2192
1443 3708
3230 1124
3025 2348
1583 2993
1811 3885
3327 3456
860 1144
3361 2946
1757 2891
1641 1056
2821 670
2258 2639
2064 3491
454 2956
2843 1934
3695 1221
335 857
453 1084
590 2515
3673 1801
3113 3777
3304 2606
904 9
877 189
2873 50
710 2165
3001 3675
1806 3575
1454 1248
365 4028
2675 342
1711 3252
2141 505
2540 1750
779 362
2284 2521
2927 3699
3331 424
878 2494
3376 1349
70 1623
497 1479
965 977
2738 2058
1007 983
1041 2538
2454 1024
2980 2478
1672 389
1080 1809
1618 4062
2688 1182
1595 3412
1561 3299
1455 215
3571 3917
1004 3021
2052 1468
1028 770
2366 310
2985 3012
3148 3258
2013 786
2668 1406
3248 806
2057 1549
3423 340
1656 3161
1767 341
1357 3874
3044 3663
1881 216
3103 434
1074 2771
865 872
2732 1891
2063 738
924 3821
2656 2722
2412 4043
3893 1206
660 2641
3308 1793
554 3168
3312 3135
3396 3773
3816 614
180 2248
4074 2852
3862 1830
3032 2327
1969 3799
3031 26
480 1015
3296 414
2112 3581
2391 201
1282 2569
3716 4031
2443 3698
2192 875
3708 2830
1124 2308
2348 1045
2993 3338
3885 3870
3456 3049
1144 579
2946 2870
2891 1369
1056 1761
670 2189
2639 3600
3491 194
2956 949
1934 2101
1221 96
857 2911
1084 653
2515 1952
1801 1394
3777 1049
2606 1945
9 280
189 1123
50 3274
2165 2871
3675 1836
3575 3493
1248 2396
4028 3489
342 2362
3252 34
505 1498
1750 1744
362 3536
2521 3636
3699 607
424 2358
2494 2356
1349 3775
1623 1386
1479 3705
977 379
2058 3057
983 1219
2538 396
1024 330
2478 3618
389 3570
1809 585
4062 3030
1182 2920
3412 3453
3299 2524
215 531
3917 1739
3021 3447
1468 2633
770 2581
310 728
3012 1935
3258 1237
786 3986
1406 3125
806 1611
1549 2414
340 3017
3161 3199
341 3753
3874 1158
3663 262
216 712
434 1315
2771 3244
872 1044
1891 628
738 2575
3821 937
2722 1734
4043 326
1206 932
2641 3524
1793 1902
3168 1075
3135 3863
3773 3509
614 1066
2248 1720
2852 1985
1830 2941
2327 1691
3799 2527
26 2186
1015 2749
