2767
492 342
492 448
492 567
342 1797
342 483
448 2188
567 2485
567 1758
1797 2441
1797 1277
1797 2692
1797 1919
483 1087
483 1498
483 220
2188 296
2188 110
2188 2530
2188 1906
2485 2704
2485 2680
2485 1845
1758 1266
2441 684
2441 2378
1277 1909
1277 1553
1277 924
2692 805
2692 1491
2692 183
1919 971
1919 2015
1087 2516
1087 332
1498 2072
1498 395
220 185
220 107
296 2368
296 2218
110 505
110 675
2530 2541
1906 2063
1906 926
2704 114
2680 2195
2680 2201
1845 748
1845 1041
1266 1422
1266 450
684 2671
2378 1699
2378 1215
1909 2434
1553 2048
924 1019
924 490
805 1531
805 1255
1491 2324
183 50
971 239
2015 457
2516 519
332 2259
2072 896
395 2303
185 1879
107 1502
2368 693
2218 860
505 2026
675 874
2541 2457
2063 2355
926 128
114 222
2195 2349
2201 735
748 1689
1041 1389
1422 2537
450 2453
2671 525
1699 1719
1215 419
2434 2203
2048 2627
1019 2126
490 219
1531 1976
1255 348
2324 1449
50 2656
239 1304
457 1265
519 1826
2259 386
896 2288
2303 615
1879 272
1502 810
693 966
860 2628
2026 1941
874 1409
2457 2331
2355 843
128 102
222 2262
2349 2339
735 2014
1689 377
1389 1895
2537 614
2453 1691
525 2607
1719 2149
419 2561
2203 2009
2627 2436
2126 1924
219 198
1976 145
348 165
1449 2329
2656 288
1304 965
1265 1662
1826 1716
386 1152
2288 1694
615 1106
272 1483
810 930
966 786
2628 381
1941 2742
1409 1726
2331 725
843 2380
102 761
2262 2546
2339 2595
2014 970
377 534
1895 2127
614 1579
1691 632
2607 2565
2149 1551
2561 176
2009 788
2436 164
1924 2046
198 2622
145 839
165 1045
2329 1320
288 2596
965 2091
1662 1033
1716 1901
1152 872
1694 1346
1106 411
1483 1227
930 1383
786 813
381 1608
2742 30
1726 1251
725 1588
2380 1543
761 255
2546 2505
2595 2388
970 2122
534 740
2127 1784
1579 1257
632 2138
2565 2344
1551 180
176 840
788 1351
164 690
2046 1159
2622 1174
839 664
1045 1730
1320 94
2596 1886
2091 898
1033 1524
1901 1137
872 2536
1346 827
411 2348
1227 1620
1383 570
813 2381
1608 744
30 1337
1251 2170
1588 1414
1543 318
255 2499
2505 806
2388 242
2122 710
740 2190
1784 2631
1257 1448
2138 2352
2344 790
180 904
840 1407
1351 71
690 175
1159 538
1174 2272
664 978
1730 2294
94 2207
1886 758
898 170
1524 117
1137 1985
2536 969
827 1211
2348 960
1620 589
570 586
2381 1431
744 635
1337 1188
2170 2296
1414 1325
318 2723
2499 1058
806 509
242 2638
710 1841
2190 354
2631 357
1448 537
2352 1482
790 1056
904 51
1407 1654
71 1988
175 407
538 1806
2272 2603
978 524
2294 526
2207 2146
758 670
170 2055
117 2125
1985 1550
969 1348
1211 2000
960 2755
589 1358
586 2456
1431 1870
635 952
1188 400
2296 2118
1325 1861
2723 171
1058 1646
509 1696
2638 2503
1841 271
354 2649
357 258
537 1047
1482 1131
1056 2144
51 2302
1654 2752
1988 1145
407 2447
1806 429
2603 141
524 2293
526 2652
2146 2328
670 861
2055 565
2125 2403
1550 420
1348 559
2000 153
2755 2129
1358 2231
2456 820
1870 2535
952 1177
400 1164
2118 513
1861 1600
171 2432
1646 1107
1696 310
2503 1652
271 1828
2649 1836
258 889
1047 845
1131 1392
2144 161
2302 1962
2752 563
1145 2315
2447 2258
429 325
141 1609
2293 1692
2652 1439
2328 2314
861 2654
565 990
2403 791
420 2038
559 2239
153 285
2129 964
2231 818
820 795
2535 8
1177 1564
1164 2001
513 330
1600 2707
2432 1394
1107 576
310 230
1652 2274
1828 1000
1836 1150
889 2651
845 1682
1392 245
161 1506
1962 352
563 124
2315 1955
2258 1119
325 199
1609 989
1692 2301
1439 2386
2314 78
2654 1458
990 111
791 677
2038 9
2239 879
285 1022
964 1229
818 1299
795 2163
8 1347
1564 1466
2001 2004
330 1256
2707 2073
1394 2529
576 1707
230 1530
2274 593
1000 187
1150 1194
2651 590
1682 1634
245 1368
1506 340
352 2465
124 311
1955 1432
1119 815
199 1278
989 1338
2301 569
2386 2562
78 873
1458 1573
111 686
677 723
9 299
879 2229
1022 1223
1229 254
1299 546
2163 2555
1347 268
1466 2679
2004 2267
1256 196
2073 583
2529 2632
1707 550
1530 1020
593 98
187 2241
1194 1540
590 600
1634 1792
1368 344
340 929
2465 1970
311 627
1432 2594
815 1101
1278 1637
1338 707
569 52
2562 1661
873 1539
1573 1220
686 1641
723 1179
299 1219
2229 1958
1223 2454
254 726
546 391
2555 2202
268 721
2679 2657
2267 1711
196 1476
583 703
2632 1739
550 863
1020 1335
98 1473
2241 1851
1540 1003
600 1710
1792 392
344 755
929 473
1970 1189
627 151
2594 2353
1101 2612
1637 133
707 777
52 2358
1661 1932
1539 581
1220 279
1641 980
1179 1054
1219 2717
1958 871
2454 1280
726 2641
391 900
2202 610
721 522
2657 939
1711 2194
1476 2338
703 876
1739 653
863 1697
1335 1408
1473 1385
1851 1894
1003 2022
1710 722
392 2545
755 1490
473 1117
1189 673
151 517
2353 136
2612 481
133 2747
777 2110
2358 1555
1932 1769
581 2245
279 2475
980 281
1054 159
2717 49
871 2095
1280 2155
2641 1983
900 1569
610 757
522 1625
939 2346
2194 84
2338 1001
876 2532
653 2316
1697 1552
1408 587
1385 2494
1894 1116
2022 485
722 1421
2545 2326
1490 2244
1117 1997
673 1789
517 323
136 460
481 2197
2747 1623
2110 1429
1555 1954
1769 1417
2245 1554
2475 2688
281 1537
159 207
49 55
2095 2246
2155 503
1983 2515
1569 2332
757 2031
1625 1545
2346 984
84 93
1001 2618
2532 379
2316 2113
1552 465
587 634
2494 2306
1116 742
485 780
1421 1753
2326 2517
2244 2007
1997 1913
1789 868
323 866
460 2702
2197 2716
1623 2400
1429 613
1954 502
1417 2276
1554 1281
2688 1260
1537 1399
207 1332
55 2470
2246 270
503 1140
2515 1921
2332 2445
2031 376
1545 1523
984 1577
93 1665
2618 2357
379 1596
2113 2219
465 1331
634 2351
2306 2379
742 413
780 890
1753 1221
2517 2497
2007 314
1913 2079
868 256
866 1959
2702 2582
2716 2085
2400 2483
613 92
502 63
2276 1132
1281 2225
1260 2462
1399 1252
1332 1684
2470 2634
270 1462
1140 1908
1921 1350
2445 2613
376 1948
1523 2088
1577 1603
1665 2076
2357 137
1596 1993
2219 545
1331 1676
2351 1534
2379 1354
413 1096
890 2319
1221 1053
2497 1043
314 499
2079 22
256 994
1959 383
2582 2670
2085 2507
2483 267
92 2472
63 1575
1132 1193
2225 773
2462 2185
1252 1143
1684 2057
2634 1006
1462 933
1908 1310
1350 2756
2613 278
1948 1525
2088 1547
1603 1947
2076 789
137 1183
1993 2444
545 90
1676 282
1534 2712
1354 1248
1096 1987
2319 96
1053 562
1043 197
499 1435
22 1212
994 579
383 2119
2670 774
2507 415
267 737
2472 1184
1575 1226
1193 2226
773 351
2185 1712
1143 315
2057 676
1006 923
933 884
1310 269
2756 203
278 2585
1525 754
1547 349
1947 2417
789 2521
1183 2646
2444 1285
90 2725
282 1486
2712 1415
1248 2345
1987 604
96 1657
562 1444
197 58
1435 2740
1212 1259
579 1891
2119 975
774 2044
415 209
737 263
1184 1587
1226 1642
2226 605
351 1511
1712 768
315 706
676 2552
923 1791
884 1237
269 1042
203 2220
2585 745
754 842
349 1520
2417 202
2521 2117
2646 1489
1285 2450
2725 1866
1486 489
1415 764
2345 2365
604 456
1657 1568
1444 2384
58 388
2740 1233
1259 233
1891 37
975 648
2044 306
209 1153
263 2209
1587 603
1642 640
605 2030
1511 946
768 2092
706 2320
2552 2640
1791 1966
1237 73
1042 1298
2220 523
745 458
842 2684
1520 46
202 1267
2117 2385
1489 892
2450 2337
1866 1222
489 1995
764 1971
2365 1830
456 2243
1568 1704
2384 956
388 2574
1233 119
233 80
37 650
648 578
306 1856
1153 2180
2209 1752
603 173
640 88
2030 206
946 2617
2092 700
2320 1890
2640 1858
1966 2498
73 695
1298 1671
523 881
458 1593
2684 1507
46 1875
1267 2250
2385 339
892 1377
2337 2411
1222 893
1995 2522
1971 931
1830 646
2243 1095
1704 1021
956 639
2574 2114
119 75
80 447
650 201
578 2039
1856 867
2180 2252
1752 1648
173 2695
88 100
206 2175
2617 81
700 2200
1890 1935
1858 1964
2498 2192
695 668
1671 390
881 1361
1593 1903
1507 1154
1875 1302
2250 19
339 1428
1377 57
2411 2263
893 1686
2522 2757
931 1528
646 2178
1095 191
1021 1216
639 1698
2114 1884
75 2168
447 1046
201 1076
2039 977
867 243
2252 2412
1648 5
2695 468
100 932
2175 853
81 2471
2200 1529
1935 331
1964 333
2192 1946
668 1723
390 950
1361 995
1903 1734
1154 2754
1302 1369
19 2214
1428 1628
57 2289
2263 2556
1686 533
2757 1289
1528 1591
2178 504
191 1012
1216 13
1698 1250
1884 2608
2168 2191
1046 512
1076 2016
977 82
243 123
2412 322
5 18
468 2709
932 987
853 1930
2471 259
1529 762
331 728
333 1541
1946 358
1723 1050
950 1387
995 1713
1734 1615
2754 2341
1369 993
2214 313
1628 1897
2289 2759
2556 1621
533 2102
1289 2481
1591 905
504 692
1012 2082
13 624
1250 982
2608 248
2191 1598
512 1669
2016 833
82 918
123 122
322 69
18 1818
2709 1672
987 23
1930 2087
259 1862
762 34
728 461
1541 2280
358 135
1050 449
1387 1426
1713 2647
1615 1382
2341 65
993 575
313 1611
1897 412
2759 2054
1621 469
2102 41
2481 1762
905 2270
692 804
2082 571
624 2662
982 1210
248 1655
1598 2568
1669 44
833 274
918 699
122 1471
69 2186
1818 2678
1672 1055
23 1032
2087 799
1862 443
34 2427
461 1454
2280 1509
135 572
449 425
1426 2284
2647 2253
1382 1567
65 1341
575 1505
1611 1685
412 1619
2054 1570
469 595
41 1175
1762 1990
2270 1597
804 2097
571 1375
2662 2108
1210 305
1655 1190
2568 129
44 869
274 2637
699 1451
1471 1151
2186 2486
2678 1093
1055 2566
1032 1170
799 607
443 1837
2427 422
1454 439
1509 660
572 899
425 1749
2284 33
2253 1516
1567 1097
1341 2321
1505 1925
1685 2300
1619 1957
1570 996
595 2285
1175 2395
1990 2198
1597 409
2097 211
1375 2064
2108 1605
305 405
1190 1294
129 1398
869 215
2637 2509
1451 1203
1151 997
2486 264
1093 1039
2566 1795
1170 455
607 778
1837 1822
422 87
439 1629
660 1580
899 2666
1749 1295
33 2487
1516 2130
1097 733
2321 1172
1925 1488
2300 2468
1957 2764
996 2282
2285 1773
2395 2377
2198 855
409 1366
211 1622
2064 283
1605 2677
405 1411
1294 2739
1398 2491
215 1867
2509 1100
1203 1372
997 2425
264 7
1039 1766
1795 1328
455 2727
778 2431
1822 1424
87 232
1629 2236
1580 1746
2666 494
1295 1968
2487 134
2130 2279
733 1885
1172 717
1488 1808
2468 2398
2764 1384
2282 466
1773 1989
2377 1173
855 1290
1366 138
1622 217
283 2363
2677 1811
1411 1931
2739 1271
2491 689
1867 193
1100 1807
1372 852
2425 2210
7 1898
1766 152
1328 1305
2727 2089
2431 174
1424 293
232 2706
2236 2335
1746 2112
494 992
1968 2701
134 1240
2279 360
1885 106
717 475
1808 1261
2398 647
1384 1519
466 2625
1989 1653
1173 1
1290 1548
138 2506
217 529
2363 948
1811 1160
1931 1081
1271 308
689 1380
193 2375
1807 794
852 2540
2210 1272
1898 478
152 944
1305 1927
2089 903
174 2495
293 1230
2706 2323
2335 1878
2112 1176
992 1249
2701 658
1240 1312
360 661
106 1258
475 536
1261 320
647 1572
1519 566
2625 194
1653 1027
1 2718
1548 1135
2506 822
529 1831
948 1329
1160 1286
1081 521
308 1276
1380 144
2375 408
794 714
2540 2526
1272 347
478 1242
944 1463
1927 821
903 1370
2495 1014
1230 1905
2323 501
1878 2722
1176 213
1249 1284
658 1340
1312 2761
661 423
1258 941
536 1881
320 2115
1572 303
566 56
194 2029
1027 2109
2718 1517
1135 2528
822 643
1831 2248
1329 2096
1286 1616
521 2281
1276 2550
144 1301
408 11
714 1061
2526 38
347 1330
1242 2610
1463 2488
821 497
1370 2179
1014 591
1905 437
501 85
2722 1515
213 877
1284 1675
1340 1582
2761 856
423 160
941 802
1881 1456
2115 2360
303 2159
56 362
2029 2753
2109 2390
1517 2478
2528 2261
643 182
2248 1666
2096 1457
1616 1535
2281 496
2550 1595
1301 949
11 2683
1061 2050
38 846
1330 1425
2610 336
2488 2451
497 1982
2179 720
591 769
437 2094
85 1499
1515 1574
877 1949
1675 1701
1582 880
856 1094
160 1196
802 1485
1456 1742
2360 1438
2159 894
362 472
2753 961
2390 2221
2478 1192
2261 711
182 189
1666 864
1457 1071
1535 64
496 1434
1595 76
949 2659
2683 2399
2050 312
846 1771
1425 2069
336 702
2451 1374
1982 2762
720 580
769 103
2094 1683
1499 2418
1574 2426
1949 1391
1701 1590
880 42
1094 2204
1196 2733
1485 467
1742 626
1438 641
894 2743
472 621
961 2213
2221 403
1192 1914
711 493
189 685
864 294
1071 2405
64 2765
1434 1920
76 375
2659 427
2399 2356
312 2750
1771 1847
2069 2620
702 2711
1374 1163
2762 2477
580 719
103 598
1683 2240
2418 663
2426 353
1391 1059
1590 2391
42 506
2204 1125
2733 1253
467 115
626 2128
641 1863
2743 1578
621 2500
2213 548
403 696
1914 1933
493 2502
685 1316
294 2560
2405 1048
2765 878
1920 531
375 2746
427 573
2356 584
2750 1010
1847 2424
2620 67
2711 204
1163 2124
2477 329
719 955
598 1034
2240 1198
663 1918
353 1186
1059 2275
2391 2371
506 454
1125 389
1253 1362
115 2362
2128 260
1863 2235
1578 2260
2500 934
548 582
696 1804
1933 680
2502 809
1316 2464
2560 1344
1048 1602
878 940
531 240
2746 730
573 2443
584 1403
1010 771
2424 172
67 1757
204 1104
2124 2697
329 2639
955 1526
1034 1461
1198 2021
1918 247
1186 1586
2275 1585
2371 759
454 958
389 2099
1362 2493
2362 2049
260 365
2235 2745
2260 359
934 265
582 2685
1804 1664
680 2305
809 2734
2464 343
1344 698
1602 637
940 1796
240 146
730 991
2443 1273
1403 829
771 1367
172 1292
1757 77
1104 2749
2697 155
2639 20
1526 1334
1461 2157
2021 2032
247 2614
1586 1678
1585 916
759 1004
958 2650
2099 1765
2493 2278
2049 2520
365 91
2745 2720
359 31
265 1772
2685 1062
1664 116
2305 2394
2734 520
343 2140
698 885
637 1736
1796 484
146 2463
991 2024
1273 1972
829 688
1367 1823
1292 250
77 1860
2749 1798
155 981
20 301
1334 2382
2157 2414
2032 1846
2614 1854
1678 2078
916 910
1004 1945
2650 679
1765 782
2278 1365
2520 2165
91 836
2720 837
31 1023
1772 2052
1062 1604
116 1782
2394 350
520 1406
2140 2295
885 824
1736 2551
484 498
2463 1283
2024 1264
1972 1282
688 480
1823 902
250 2658
1860 539
1798 1493
981 2415
301 2392
2382 787
2414 1225
1846 435
1854 2655
2078 2744
910 27
1945 2086
679 398
782 1729
1365 462
2165 1768
836 491
837 1928
1023 1205
2052 416
1604 1755
1782 2578
350 148
1406 2721
2295 1031
824 2648
2551 2255
498 1136
1283 1052
1264 168
1282 2074
480 150
902 300
2658 1024
539 2036
1493 364
2415 1060
2392 1311
787 474
1225 1464
435 1148
2655 770
2744 1086
27 1077
2086 1557
398 2372
1729 249
462 225
1768 753
491 701
1928 1446
1205 1452
416 1091
1755 886
2578 430
148 2661
2721 1601
1031 2286
2648 304
2255 2107
1136 1680
1052 2181
168 875
2074 143
150 507
300 2696
1024 1238
2036 823
364 1748
1060 1199
1311 1839
474 1147
1464 1467
1148 487
770 858
1086 558
1077 200
1557 1963
2372 1247
249 1803
225 1649
753 2577
701 515
1446 1322
1452 2043
1091 1303
886 2164
430 262
2661 2538
1601 1201
2286 938
304 2298
2107 280
1680 687
2181 1681
875 1300
143 1388
507 241
2696 1469
1238 1142
823 796
1748 1306
1199 1503
1839 943
1147 261
1467 2642
487 998
858 2041
558 644
200 2404
1963 1926
1247 1612
1803 1880
1649 1810
2577 1614
515 238
1322 1209
2043 1501
1303 1764
2164 2682
262 2313
2538 1936
1201 1916
938 1423
2298 317
280 1744
687 907
1681 2767
1300 2060
1388 2626
241 859
1469 2359
1142 2070
796 1323
1306 236
1503 808
943 713
261 1735
2642 2343
998 1980
2041 841
644 393
2404 2474
1926 2624
1612 1639
1880 1617
1810 401
1614 2333
238 816
1209 12
1501 1732
1764 540
2682 1158
2313 1536
1936 1877
1916 2569
1423 223
317 2350
1744 2466
907 1098
2767 1751
2060 436
2626 831
859 2330
2359 341
2070 682
1323 2187
236 1581
808 40
713 1705
1735 2703
2343 2233
1980 1109
841 973
393 477
2474 47
2624 321
1639 302
1617 186
401 2459
2333 1064
816 793
12 2017
1732 1044
540 1882
1158 2525
1536 2732
1877 2619
2569 2177
223 319
2350 1887
2466 1785
1098 1774
1751 1067
436 60
831 2705
2330 452
341 2467
682 543
2187 1951
1581 109
40 1072
1705 1073
2703 2205
2233 2216
1109 1865
973 2317
477 2731
47 1876
321 516
302 2681
186 734
2459 2172
1064 1899
793 53
2017 1659
1044 2643
1882 1364
2525 2389
2732 2409
2619 1992
2177 683
319 370
1887 2581
1785 882
1774 2211
1067 888
60 1401
2705 850
452 1618
2467 163
543 10
1951 384
109 2167
1072 1262
1073 1263
2205 2601
2216 1973
1865 1336
2317 608
2731 2098
1876 479
516 619
2681 2423
734 1829
2172 2162
1899 1029
53 2597
1659 14
2643 1436
1364 453
2389 113
2409 2257
1992 2037
683 1560
370 1915
2581 1079
882 121
2211 532
888 1533
1401 2663
850 2297
1618 557
163 2019
10 947
384 1352
2167 638
1262 2152
1263 346
2601 1191
1973 195
1336 2230
608 2123
2098 289
479 179
619 2428
2423 2584
1829 1206
2162 2726
1029 2758
2597 1427
14 2053
1436 1929
453 2153
113 2518
2257 324
2037 1827
1560 2458
1915 2690
1079 654
121 1128
532 2611
1533 2645
2663 1069
2297 2342
557 2066
2019 1496
947 657
1352 1799
638 1412
2152 1514
346 1938
1191 1345
195 1599
2230 2150
2123 1656
289 1165
179 1321
2428 1756
2584 1513
1206 2269
2726 72
2758 1402
1427 1934
2053 1743
1929 1274
2153 775
2518 629
324 1235
1827 1474
2458 2504
2690 712
654 139
1128 1783
2611 1747
2645 234
1069 356
2342 628
2066 2166
1496 2605
657 1433
1799 2307
1412 1991
1514 681
1938 2142
1345 2609
1599 2182
2150 2549
1656 367
1165 1594
1321 1309
1756 214
1513 2708
2269 1832
72 2361
1402 1532
1934 651
1743 937
1274 1092
775 257
629 2010
1235 363
1474 2237
2504 2580
712 631
139 2735
1783 2273
1747 226
234 985
356 1544
628 2675
2166 1182
2605 2081
1433 54
2307 406
1991 1786
681 811
2142 1709
2609 1994
2182 942
2549 1089
367 1850
1594 284
1309 1185
214 609
2708 2413
1832 66
2361 1065
1532 642
651 1279
937 414
1092 1695
257 2469
2010 925
363 2206
2237 508
2580 2766
631 62
2735 2589
2273 1359
226 2479
985 275
1544 190
2675 1111
1182 1737
2081 1651
54 870
406 2249
1786 1166
811 1112
1709 741
1994 1146
942 131
1089 4
1850 307
284 1690
1185 547
609 857
2413 2075
66 963
1065 1018
642 1673
1279 61
414 1802
1695 2452
2469 2686
925 421
2206 1871
508 286
2766 671
62 2208
2589 2484
1359 2660
2479 2751
275 2137
190 2419
1111 1161
1737 1558
1651 1030
870 738
2249 2093
1166 1512
1112 2151
741 1668
1146 2564
131 883
4 1480
307 1720
1690 834
547 2193
857 2268
2075 2636
963 551
1018 1339
1673 1204
61 979
1802 1950
2452 459
2686 555
421 1793
1871 2592
286 1874
671 83
2208 1869
2484 1287
2660 441
2751 1495
2137 1477
2419 1687
1161 1363
1558 915
1030 2173
738 178
2093 79
1512 1082
2151 25
1668 2183
2564 1088
883 380
1480 2422
1720 1852
834 2242
2193 945
2268 972
2636 847
551 1040
1339 2025
1204 1395
979 2290
1950 2265
459 292
555 1139
1793 1386
2592 2633
1874 328
83 2132
1869 2336
1287 951
441 2106
1495 1805
1477 167
1687 2084
1363 1481
915 1904
2173 440
178 2748
79 1892
1082 1566
25 1484
2183 1195
1088 335
380 1923
2422 732
1852 606
2242 612
945 2062
972 1984
847 2694
1040 594
2025 620
1395 2604
2290 1977
2265 45
292 1317
1139 2396
1386 32
2633 2376
328 1455
2132 2077
2336 2512
951 665
2106 602
1805 1357
167 369
2084 1986
1481 2672
1904 210
440 1037
2748 2327
1892 1722
1566 15
1484 2148
1195 830
335 2027
1923 1011
732 338
606 1070
612 2369
2062 2068
1984 291
2694 1275
594 327
620 1074
2604 611
1977 2367
45 1630
1317 1561
2396 1487
32 832
2376 826
1455 2287
2077 2238
2512 2543
665 2136
602 601
1357 1002
369 1144
1986 1693
2672 1084
210 36
1037 445
2327 953
1722 1834
15 528
2148 1724
830 1522
2027 2171
1011 2534
338 2020
1070 1500
2369 1141
2068 527
291 1670
1275 1592
327 920
1074 2028
611 2373
2367 1440
1630 26
1561 1155
1487 2101
832 1420
826 1379
2287 463
2238 1631
2543 1419
2136 807
601 2059
1002 1243
1144 1228
1693 1998
1084 1922
36 2223
445 1663
953 166
1834 1127
528 817
1724 1393
1522 838
2171 251
2534 1080
2020 825
1500 2593
1141 181
527 1416
1670 1241
1592 2247
920 2189
2028 2728
2373 2160
1440 205
26 2573
1155 1445
2101 2547
1420 488
1379 849
463 1410
1631 1149
1419 622
807 694
2059 2539
1243 1741
1228 1168
1998 922
1922 1133
2223 1636
1663 1809
166 2013
1127 253
817 2698
1393 2408
838 147
251 2437
1080 446
825 1583
2593 1342
181 1896
1416 2713
1241 2416
2247 1910
2189 224
2728 2051
2160 1360
205 2310
2573 2264
1445 1589
2547 2277
488 2449
849 1900
1410 2763
1149 2482
622 1390
694 1556
2539 2476
1741 1979
1168 729
922 237
1133 1738
1636 2430
1809 2653
2013 1224
253 1472
2698 1207
2408 1025
147 1821
2437 1767
446 828
1583 1999
1342 433
1896 1197
2713 1667
2416 596
1910 1324
224 1297
2051 418
1360 2042
2310 954
2264 724
1589 2693
2277 2687
2449 691
1900 1702
2763 1246
2482 394
1390 2691
1556 127
2476 2554
1979 273
729 2061
237 666
1738 424
2430 549
2653 326
1224 1937
1472 2083
1207 630
1025 431
1821 1902
1767 772
828 967
1999 561
433 276
1197 1217
1667 130
596 1960
1324 1638
1297 2292
418 385
2042 1026
954 2514
724 2215
2693 2018
2687 2023
691 928
1702 792
1246 736
394 2439
2691 2741
127 229
2554 1853
273 1981
2061 911
666 1113
424 2034
549 2308
326 2176
1937 1134
2083 597
630 1635
431 1313
1902 35
772 1063
967 2104
561 1794
276 1126
1217 1907
130 895
1960 2401
1638 500
2292 1778
385 1781
1026 617
2514 656
2215 1728
2018 2
2023 511
928 1800
792 921
736 752
2439 914
2741 246
229 2011
1853 2461
1981 2548
911 2730
1113 1750
2034 1944
2308 747
2176 1733
1134 2184
597 387
1635 2347
1313 2224
35 2689
1063 1036
2104 776
1794 1813
1126 2699
1907 1961
895 188
2401 2033
500 2576
1778 1721
1781 564
617 417
656 1645
1728 1714
2 779
511 442
1800 731
921 1967
752 1162
914 59
246 2158
2011 636
2461 2145
2548 112
2730 104
1750 1007
1944 588
747 1688
1733 974
2184 1562
387 101
2347 2309
2224 2161
2689 1371
1036 814
776 2154
1813 2760
2699 2579
1961 1956
188 2442
2033 1912
2576 662
1721 1565
564 2480
417 1314
1645 1232
1714 2438
779 39
442 2312
731 1679
1967 355
1162 1066
59 865
2158 2121
636 1504
2145 552
112 1373
104 428
1007 1731
588 1549
1688 1838
974 212
1562 1888
101 556
2309 2492
2161 1497
1371 544
814 399
2154 560
2760 1293
2579 1727
1956 1114
2442 1848
1912 3
662 184
1565 2387
2480 901
1314 162
1232 2134
2438 988
39 1974
2312 801
1679 1268
355 1942
1066 2322
865 2673
2121 1494
1504 74
552 1825
1373 309
428 1978
1731 909
1549 2035
1838 2056
212 1779
1888 1028
556 936
2492 1740
1497 208
544 1005
399 1725
560 999
1293 649
1727 2600
1114 1450
1848 1269
3 1855
184 2420
2387 382
901 2397
162 1291
2134 2542
988 554
1974 709
801 553
1268 854
1942 2455
2322 518
2673 1405
1494 2256
74 337
1825 1244
309 297
1978 1820
909 2736
2035 1953
2056 2616
1779 705
1028 1868
936 1035
1740 1761
208 906
1005 298
1725 2040
999 2724
649 1644
2600 2635
1450 221
1269 158
1855 2586
2420 2523
382 169
2397 244
1291 2133
2542 86
554 1479
709 1315
553 851
854 2232
2455 968
518 697
1405 1130
2256 1318
337 1400
1244 177
297 2583
1820 1965
2736 228
1953 1049
2616 763
705 919
1868 2446
1035 2139
1761 585
906 1307
298 316
2040 17
2724 2729
1644 2058
2635 2199
221 1760
158 1124
2586 2067
2523 1770
169 2340
244 848
2133 798
86 2251
1479 1068
1315 1975
851 568
2232 1521
968 1708
697 43
1130 1660
1318 535
1400 2559
177 1542
2583 577
1965 218
228 1814
1049 1776
763 2334
919 2429
2446 2630
2139 2047
585 2228
1307 154
316 432
17 2513
2729 1777
2058 1643
2199 1120
1760 404
1124 295
2067 1378
1770 1138
2340 1508
848 2080
798 1213
2251 1576
1068 1969
1975 438
568 470
1521 1413
1708 2448
43 2700
1660 935
535 1353
2559 2644
1542 912
577 1202
218 2588
1814 2665
1776 2587
2334 1817
2429 983
2630 1356
2047 1326
2228 1745
154 1571
432 28
2513 368
1777 1943
1643 1169
1120 541
404 797
295 704
1378 2567
1138 372
1508 835
2080 1939
1213 1110
1576 1787
1969 616
438 2490
470 1700
1413 1376
2448 655
2700 192
935 2621
1353 1288
2644 2531
912 891
1202 2737
2588 235
2665 2111
2587 812
1817 2421
983 2383
1356 108
1326 2100
1745 2299
1571 1118
28 1016
368 2374
1943 2553
1169 1624
541 1492
797 70
704 2501
2567 819
372 908
835 1674
1939 897
1110 2283
1787 277
616 2169
2490 227
1700 986
1376 1706
655 785
192 2366
2621 334
1288 781
2531 1843
891 1245
2737 2719
235 2135
2111 2407
812 396
2421 766
2383 756
108 716
2100 1606
2299 1443
1118 1236
1016 760
2374 118
2553 862
1624 1824
1492 231
70 2105
2501 1647
819 482
908 290
1674 2402
897 402
2283 2311
277 1475
2169 2143
227 1849
986 21
1706 89
785 669
2366 800
334 917
781 1840
1843 542
1245 1759
2719 2496
2135 1102
2407 1349
396 1187
766 1355
756 667
716 99
1606 783
1443 2563
1236 1447
760 1650
118 1418
862 2524
1824 530
231 2266
2105 2676
1647 1775
482 16
290 1157
2402 1563
402 2489
2311 2005
1475 252
2143 1627
1849 1404
21 105
89 471
669 2667
800 2103
917 2572
1840 2227
542 2141
1759 1658
2496 751
1102 1115
1349 1015
1187 2598
1355 739
667 125
99 1460
783 2602
2563 2254
1447 2570
1650 156
1418 2575
2524 1442
530 373
2266 495
2676 1057
1775 451
16 371
1157 672
1563 2234
2489 2406
2005 97
252 2006
1627 1239
1404 2370
105 6
471 142
2667 287
2103 1453
2572 1103
2227 957
2141 2590
1658 68
751 1459
1115 2519
1015 2217
2598 927
739 2738
125 132
1460 434
2602 1051
2254 1078
2570 708
156 976
2575 2120
1442 1465
373 2533
495 2065
1057 743
451 444
371 2664
672 1940
2234 645
2406 476
97 1008
2006 2212
1239 1857
2370 2271
6 765
142 1167
287 2045
1453 2002
1103 1441
957 514
2590 2090
68 2674
1459 746
2519 1171
2217 1470
927 659
2738 1017
132 1319
434 2003
1051 410
1078 1546
708 962
976 1538
2120 1333
1465 623
2533 95
2065 397
743 1607
444 2591
2664 2410
1940 674
645 1872
476 1099
1008 2508
2212 1327
1857 2012
2271 1437
765 2715
1167 2511
2045 1883
2002 1178
1441 2131
514 2623
2090 767
2674 1396
746 1893
1171 1626
1470 2558
659 345
1017 803
1319 2669
2003 784
410 2599
1546 149
962 633
1538 887
1333 1703
623 1013
95 1518
397 1801
1607 1917
2591 1123
2410 2156
674 1584
1872 1343
1099 1833
2508 2364
1327 216
2012 2291
1437 1181
2715 1090
2511 1715
1883 486
1178 1952
2131 1075
2623 715
767 1308
1396 464
1893 718
1626 2629
2558 1610
345 1812
803 1911
2669 2710
784 749
2599 2116
149 574
633 1640
887 2196
1703 157
1013 1231
1518 2615
1801 1468
1917 1780
1123 2071
2156 1633
1584 2510
1343 913
1833 1038
2364 378
216 24
2291 678
1181 959
1090 2393
1715 1085
486 750
1952 599
1075 1200
715 2460
1308 844
464 2606
718 2174
2629 1510
1610 1819
1812 1763
1911 2318
2710 2433
749 29
2116 1790
574 2714
1640 1296
2196 510
157 2354
1231 1218
2615 1083
1468 1478
1780 1430
2071 1270
1633 1381
2510 126
913 1208
1038 1788
378 652
24 1009
678 2147
959 1996
2393 2304
1085 2571
750 2544
599 1754
1200 266
2460 1254
844 1835
2606 1842
2174 1613
1510 727
1819 1121
1763 140
2318 1156
2433 1105
29 1873
1790 592
2714 2435
1296 1129
510 361
2354 2440
1218 1632
1083 618
1478 120
1430 1816
1270 2325
1381 2557
126 1527
1208 1180
1788 1214
652 1108
1009 48
2147 2527
1996 1859
2304 1844
2571 1397
2544 2473
1754 2008
266 1717
1254 1559
1835 1234
1842 1677
1613 1889
727 1864
1121 2222
140 1815
1156 625
1105 366
1873 1718
592 426
2435 374
1129 1122
361 2668
