1247
514 102
514 508
514 1153
514 261
102 1110
102 799
508 416
508 1060
508 893
1153 712
1153 850
1153 259
1153 344
261 1088
1110 837
1110 947
799 1247
416 1127
1060 1034
1060 849
893 420
893 490
712 830
712 447
712 252
712 1118
850 472
259 908
259 521
259 907
259 652
344 389
1088 540
1088 961
1088 16
1088 769
837 168
947 565
947 338
1247 510
1247 51
1247 738
1247 575
1127 403
1127 920
1127 1168
1127 987
1034 346
1034 287
849 735
849 61
849 997
420 986
420 930
490 1221
490 1085
490 926
490 528
830 726
830 688
447 1119
447 404
252 556
252 890
252 1033
1118 357
1118 1216
472 810
472 164
472 1209
472 118
908 972
908 835
908 491
521 293
907 985
652 314
652 1157
652 969
389 959
389 30
389 1099
389 1070
540 185
540 631
961 706
961 387
16 366
16 345
16 323
769 280
769 1018
168 613
168 611
565 476
565 562
565 868
338 728
510 571
510 550
51 636
738 278
738 384
738 1226
575 729
575 593
575 1148
403 41
403 480
403 813
920 722
920 853
920 1134
1168 996
987 349
346 1103
287 213
735 730
61 288
997 242
986 107
930 1214
1221 1049
1085 744
926 239
528 924
726 851
688 383
1119 310
404 1058
556 751
890 343
1033 678
357 583
1216 973
810 676
164 601
1209 621
118 1087
972 1212
835 223
491 663
293 1179
985 1227
314 240
1157 532
969 470
959 175
30 1054
1099 709
1070 153
185 29
631 507
706 1111
387 356
366 531
345 481
323 496
280 1160
1018 105
613 79
611 217
476 622
562 608
868 1121
728 612
571 176
550 180
636 764
278 1193
384 375
1226 268
729 263
593 229
1148 918
41 228
480 897
813 1215
722 437
853 1183
1134 785
996 494
349 667
1103 659
213 230
730 555
288 203
242 1116
107 106
1214 741
1049 224
744 927
239 436
924 1126
851 297
383 386
310 833
1058 1002
751 974
343 319
678 42
583 634
973 225
676 1061
601 838
621 409
1087 1228
1212 373
223 949
663 798
1179 882
1227 205
240 284
532 509
470 610
175 884
1054 596
709 775
153 740
29 872
507 74
1111 742
356 766
531 914
481 1124
496 265
1160 300
105 126
79 145
217 1162
622 938
608 17
1121 831
612 1089
176 827
180 840
764 440
1193 193
375 792
268 660
263 655
229 900
918 716
228 155
897 1063
1215 1078
437 144
1183 910
785 811
494 781
667 312
659 483
230 336
555 864
203 498
1116 1230
106 1108
741 768
224 896
927 980
436 204
1126 1137
297 1138
386 774
833 632
1002 197
974 174
319 703
42 488
634 754
225 1062
1061 1201
838 628
409 520
1228 825
373 137
949 1166
798 844
882 188
205 195
284 690
509 773
610 227
884 662
596 1065
775 762
740 912
872 669
74 876
742 681
766 1045
914 234
1124 187
265 759
300 101
126 819
145 1159
1162 93
938 218
17 533
831 816
1089 852
827 328
840 1090
440 1219
193 714
792 339
660 1066
655 380
900 779
716 103
155 609
1063 873
1078 569
144 765
910 1044
811 1194
781 591
312 554
483 90
336 1055
864 928
498 689
1230 906
1108 970
768 254
896 452
980 953
204 40
1137 1114
1138 535
774 880
632 1000
197 1223
174 33
703 19
488 1112
754 1202
1062 1053
1201 573
628 1098
520 332
825 111
137 1180
1166 1010
844 607
188 758
195 731
690 285
773 275
227 183
662 173
1065 1206
762 976
912 68
669 473
876 599
681 1
1045 1199
234 1231
187 1239
759 377
101 449
819 202
1159 757
93 78
218 581
533 210
816 1186
852 697
328 879
1090 649
1219 771
714 1235
339 391
1066 45
380 1064
779 1022
103 306
609 682
873 869
569 453
765 552
1044 495
1194 290
591 429
554 1198
90 43
1055 1164
928 474
689 434
906 523
970 67
254 861
452 592
953 1244
40 727
1114 1080
535 121
880 458
1000 266
1223 545
33 618
19 672
1112 1014
1202 418
1053 1178
573 150
1098 694
332 747
111 1069
1180 99
1010 839
607 456
758 691
731 1084
285 426
275 892
183 1196
173 919
1206 1187
976 713
68 88
473 308
599 1220
1 181
1199 399
1231 1051
1239 1046
377 1182
449 320
202 120
757 627
78 414
581 1156
210 544
1186 898
697 1163
879 505
649 304
771 212
1235 354
391 534
45 894
1064 504
1022 889
306 1020
682 70
869 385
453 743
552 1016
495 1009
290 1176
429 1042
1198 1175
43 638
1164 461
474 353
434 1210
523 1191
67 468
861 167
592 820
1244 432
727 1120
1080 200
121 352
458 948
266 1101
545 715
618 3
672 790
1014 169
418 989
1178 1203
150 1032
694 1093
747 226
1069 485
99 739
839 546
456 1218
691 857
1084 675
426 408
892 4
1196 57
919 1048
1187 475
713 956
88 971
308 828
1220 977
181 110
399 489
1051 441
1046 800
1182 171
320 286
120 151
627 1081
414 693
1156 717
544 9
898 1047
1163 875
505 658
304 422
212 82
354 899
534 53
894 12
504 998
889 1151
1020 755
70 1131
385 1184
743 241
1016 370
1009 250
1176 501
1042 789
1175 829
638 855
461 936
353 397
1210 2
1191 1056
468 749
167 235
820 957
432 982
1120 1173
200 624
352 886
948 512
1101 625
715 10
3 935
790 333
169 905
989 725
1203 365
1032 1031
1093 1100
226 1038
485 934
739 66
546 1207
1218 594
857 154
675 238
408 350
4 721
57 639
1048 824
475 530
956 493
971 159
828 1139
977 1006
110 1147
489 1204
441 619
800 497
171 302
286 538
151 471
1081 18
693 525
717 646
9 923
1047 1068
875 885
658 854
422 576
82 993
899 955
53 469
12 1232
998 62
1151 1133
755 77
1131 1008
1184 46
241 1213
370 1169
250 1040
501 433
789 860
829 643
855 1172
936 194
397 1123
2 395
1056 506
749 518
235 36
957 413
982 425
1173 112
624 24
886 1117
512 787
625 199
10 834
935 942
333 87
905 817
725 826
365 351
1031 579
1100 1067
1038 318
934 1004
66 177
1207 999
594 401
154 516
238 805
350 86
721 361
639 563
824 1197
530 558
493 1115
159 1050
1139 686
1006 595
1147 327
1204 585
619 705
497 641
302 1242
538 157
471 464
18 877
525 513
646 870
923 602
1068 1189
885 1041
854 1142
576 393
993 233
955 147
469 708
1232 1144
62 1005
1133 482
77 198
1008 1161
46 123
1213 5
1169 991
1040 289
433 587
860 382
643 911
1172 808
194 858
1123 623
395 1037
506 311
518 251
36 1024
413 7
425 466
112 670
24 1177
1117 666
787 22
199 91
834 1109
942 331
87 443
817 526
826 1128
351 903
579 1013
1067 964
318 983
1004 981
177 1029
999 325
401 1082
516 668
805 962
86 13
361 939
563 69
1197 711
558 698
1115 994
1050 584
686 536
595 975
327 1021
585 92
705 20
641 206
1242 337
157 49
464 1102
877 1122
513 427
870 32
602 543
1189 1135
1041 125
1142 479
393 1150
233 796
147 407
708 848
1144 867
1005 445
482 679
198 881
1161 127
123 547
5 215
991 272
289 1091
587 1019
382 776
911 559
808 178
858 71
623 487
1037 160
311 321
251 1003
1024 846
7 921
466 917
670 615
1177 736
666 38
22 1217
91 182
1109 629
331 329
443 952
526 211
1128 968
903 274
1013 963
964 132
983 988
981 116
1029 196
325 763
1082 1036
668 778
962 81
13 457
939 856
69 35
711 673
698 324
994 282
584 158
536 651
975 1096
1021 922
92 273
20 372
206 541
337 477
49 419
1102 720
1122 129
427 756
32 326
543 269
1135 500
125 133
479 724
1150 439
796 606
407 909
848 665
867 950
445 161
679 960
881 276
127 984
547 65
215 430
272 37
1091 1237
1019 1181
776 640
559 1240
178 933
71 783
487 190
160 1073
321 578
1003 761
846 26
921 901
917 301
615 1104
736 39
38 699
1217 572
182 63
629 551
329 1208
952 379
211 279
968 990
274 807
963 1238
132 657
988 186
116 117
196 23
763 701
1036 417
778 1076
81 21
457 801
856 232
35 992
673 1188
324 770
282 1071
158 684
651 364
1096 941
922 309
273 888
372 656
541 522
477 247
419 944
720 1027
129 979
756 96
326 412
269 388
500 435
133 1017
724 1012
439 566
606 162
909 865
665 782
950 271
161 307
960 589
276 270
984 451
65 806
430 568
37 184
1237 772
1181 411
640 1015
1240 492
933 209
783 1211
190 814
1073 152
578 396
761 465
26 1095
901 674
301 671
1104 582
39 1057
699 246
572 818
63 635
551 374
1208 315
379 296
279 887
990 28
807 124
1238 695
657 406
186 692
117 44
23 1023
701 56
417 842
1076 995
21 1105
801 371
232 358
992 1001
1188 737
770 172
1071 1246
684 683
364 637
941 633
309 298
888 146
656 916
522 647
247 442
944 368
1027 334
979 165
96 208
412 423
388 478
435 135
1017 283
1012 27
566 11
162 6
865 932
782 946
271 687
307 943
589 515
270 802
451 732
806 163
568 109
184 862
772 710
411 431
1015 1167
492 114
209 141
1211 614
814 517
152 650
396 874
465 745
1095 723
674 201
671 503
582 237
1057 1030
246 586
818 484
635 1143
374 1245
315 539
296 630
887 221
28 189
124 502
695 486
406 685
692 937
44 76
1023 1129
56 140
842 752
995 734
1105 454
371 707
358 89
1001 295
737 463
172 1097
1246 369
683 402
637 847
633 421
298 1145
146 244
916 462
647 50
442 1035
368 925
334 561
165 617
208 644
423 1205
478 549
135 913
283 166
27 574
11 1052
6 753
932 450
946 179
687 1141
943 1241
515 191
802 54
732 845
163 895
109 940
862 793
710 1174
431 97
1167 342
114 446
141 249
614 1149
517 305
650 567
874 219
745 719
723 236
201 1072
503 967
237 548
1030 1140
586 1132
484 1092
1143 604
1245 142
539 1039
630 511
221 524
189 537
502 1225
486 954
685 823
937 216
76 1059
1129 600
140 931
752 788
734 400
454 1243
707 642
89 777
295 459
463 748
1097 367
369 553
402 760
847 978
421 291
1145 340
244 104
462 398
50 680
1035 1043
925 577
561 560
617 527
644 149
1205 113
549 231
913 455
166 616
574 1106
1052 48
753 1136
450 1236
179 794
1141 80
1241 1158
191 316
54 590
845 620
895 519
940 85
793 467
1174 542
97 1165
342 260
446 945
249 836
1149 878
305 95
567 60
219 958
719 256
236 448
1072 73
967 661
548 797
1140 786
1132 1094
1092 31
604 1077
142 603
1039 780
511 222
524 390
537 499
1225 866
954 784
823 1026
216 1025
1059 58
600 253
931 871
788 139
400 570
1243 348
642 809
777 376
459 598
748 803
367 392
553 696
760 378
978 863
291 156
340 654
104 915
398 843
680 108
1043 248
577 815
560 1222
527 822
149 94
113 277
231 1086
455 1234
616 75
1106 170
48 626
1136 444
1236 355
794 245
80 335
1158 303
316 733
590 460
620 904
519 148
85 1233
467 929
542 313
1165 1079
260 98
945 115
836 1192
878 718
95 1224
60 262
958 891
256 257
448 381
73 965
661 428
797 677
786 1154
1094 791
31 1130
1077 700
603 59
780 951
222 832
390 359
499 767
866 15
784 122
1026 394
1025 8
58 1007
253 410
871 564
139 243
570 1028
348 292
809 859
376 264
598 34
803 750
392 330
696 220
378 100
863 795
156 653
654 415
915 64
843 664
108 362
248 128
815 529
1222 52
822 299
94 1185
277 438
1086 424
1234 214
75 883
170 1229
626 14
444 341
355 1171
245 902
335 1200
303 192
733 130
460 1190
904 841
148 704
1233 588
929 1075
313 347
1079 1083
98 317
115 1125
1192 405
718 1113
1224 25
262 1146
891 580
257 1155
381 134
965 821
428 47
677 1152
1154 136
791 267
1130 143
700 1074
59 702
951 84
832 966
359 1170
767 55
15 1107
122 648
394 207
8 255
1007 322
410 363
564 1011
243 804
1028 812
292 597
859 83
264 1195
34 557
750 258
330 645
220 119
100 72
795 746
653 138
415 605
64 281
664 360
362 294
128 131
