6930
3125 5188
3125 1492
3125 5470
3125 6895
5188 979
1492 2244
5470 2792
5470 6283
5470 5342
5470 1696
6895 2143
979 3955
979 2637
979 3150
979 702
2244 553
2792 3315
2792 6868
2792 460
6283 4162
6283 681
6283 4588
6283 6130
5342 4234
1696 4533
1696 275
2143 5065
2143 5172
2143 5099
3955 3893
2637 5805
2637 110
2637 193
3150 3234
702 4880
553 1057
553 4452
553 5421
3315 4856
3315 431
3315 6727
6868 757
6868 6926
6868 956
6868 3363
460 3420
4162 5159
4162 6641
681 3399
681 1684
681 5806
4588 3795
4588 4510
6130 2158
4234 416
4533 3602
4533 22
4533 6515
275 2802
275 1979
275 6101
275 3776
5065 188
5065 426
5172 2021
5099 598
5099 3644
5099 3902
3893 5761
3893 5129
5805 3404
5805 4500
5805 6651
5805 2113
110 952
110 4372
110 5748
110 2005
193 3395
3234 3418
3234 4215
4880 1901
1057 6267
1057 419
1057 3037
1057 2277
4452 4063
5421 2038
5421 5525
5421 5941
4856 5918
4856 5235
4856 246
4856 6923
431 3480
431 819
431 3914
6727 5684
6727 1628
6727 1415
6727 4306
757 2684
757 3538
757 5926
6926 4360
6926 2648
6926 835
956 6159
3363 3457
3363 6546
3420 1173
3420 2212
3420 1661
3420 1954
5159 1312
6641 3058
6641 2755
3399 3865
1684 259
1684 1248
1684 6098
1684 4979
5806 955
3795 2641
4510 2994
4510 4239
4510 1273
2158 6747
2158 494
2158 4848
2158 3443
416 4776
416 6413
416 1653
3602 4361
22 3127
22 2768
22 6391
6515 1473
2802 3700
2802 2508
1979 3811
6101 1731
6101 1745
6101 5031
6101 3831
3776 9
3776 2406
188 6709
188 3910
188 341
188 6722
426 2205
426 691
426 6831
2021 1412
2021 2343
2021 6375
2021 5852
598 804
598 3620
598 1839
598 4716
3644 1414
3644 2712
3644 3758
3644 6917
3902 2011
5761 6540
5761 2905
5761 562
5761 5119
5129 1436
5129 2960
5129 2466
5129 2464
3404 1530
3404 1297
4500 1679
6651 5757
2113 6556
952 3119
4372 860
4372 6228
4372 5829
5748 6633
5748 496
5748 6049
2005 2012
3395 4737
3418 876
4215 5932
1901 5695
1901 3732
6267 4251
419 2867
419 5923
3037 4701
2277 1329
4063 6088
4063 2187
2038 994
2038 3994
5525 6319
5525 3518
5941 3900
5941 6902
5918 877
5918 2199
5235 211
5235 2185
246 5396
6923 4712
3480 6381
819 5947
819 4352
3914 417
3914 5575
5684 176
5684 3673
1628 4900
1628 6197
1415 3554
4306 37
2684 1370
2684 6164
3538 1099
3538 5310
5926 4581
4360 991
2648 5579
2648 6778
835 4615
6159 5415
6159 2184
3457 5294
3457 3230
6546 6713
6546 5262
1173 3943
1173 4742
2212 1953
2212 4156
1661 5598
1954 6701
1312 5140
3058 6780
2755 5178
3865 2091
259 6243
1248 1680
6098 6741
4979 5796
955 5443
2641 839
2994 3790
4239 2197
1273 6433
6747 1985
494 1403
4848 6208
3443 564
4776 1135
6413 6819
1653 5347
4361 923
3127 1690
2768 1631
6391 3806
1473 673
3700 3463
2508 242
3811 5519
1731 5215
1745 3483
5031 6048
3831 3429
9 159
2406 5791
6709 2946
3910 2502
341 592
6722 4649
2205 1255
691 6111
6831 1699
1412 5879
2343 539
6375 5013
5852 2673
804 6718
3620 1431
1839 5673
4716 5539
1414 5209
2712 5368
3758 5078
6917 826
2011 866
6540 2537
2905 1319
562 3069
5119 151
1436 6790
2960 5508
2466 5330
2464 3766
1530 3368
1297 1996
1679 2432
5757 2130
6556 6308
3119 6122
860 6010
6228 3544
5829 4476
6633 2034
496 1200
6049 3497
2012 4263
4737 5511
876 1928
5932 2398
5695 1739
3732 4438
4251 1510
2867 2917
5923 5495
4701 5727
1329 896
6088 5125
2187 1447
994 4888
3994 6743
6319 3514
3518 4458
3900 1096
6902 3580
877 5214
2199 3008
211 5588
2185 6796
5396 1804
4712 6653
6381 5449
5947 14
4352 2309
417 1280
5575 3903
176 5563
3673 6913
4900 4685
6197 1062
3554 1608
37 6552
1370 2730
6164 5335
1099 3179
5310 1460
4581 2365
991 4024
5579 2442
6778 2066
4615 3780
5415 3841
2184 1948
5294 2018
3230 2174
6713 6511
5262 6244
3943 3727
4742 6211
1953 6337
4156 351
5598 4547
6701 5331
5140 3274
6780 2687
5178 6351
2091 1949
6243 3631
1680 6452
6741 5476
5796 641
5443 4260
839 503
3790 5729
2197 1283
6433 1341
1985 6843
1403 4152
6208 3702
564 1604
1135 5899
6819 4820
5347 3243
923 2699
1690 4219
1631 1179
3806 3198
673 5462
3463 2955
242 4936
5519 5877
5215 4236
3483 3590
6048 4974
3429 3189
159 874
5791 5377
2946 3560
2502 144
592 3364
4649 6034
1255 6464
6111 590
1699 5914
5879 2952
539 6571
5013 5299
2673 2323
6718 2621
1431 4650
5673 5265
5539 2767
5209 5056
5368 4999
5078 3583
826 2483
866 2194
2537 5529
1319 234
3069 3470
151 2231
6790 1131
5508 5763
5330 4965
3766 6485
3368 6469
1996 1717
2432 5849
2130 4832
6308 1932
6122 1709
6010 712
3544 1879
4476 5252
2034 1705
1200 476
3497 5488
4263 6697
5511 397
1928 6255
2398 2087
1739 1733
4438 5050
1510 5882
2917 3267
5495 752
5727 2719
896 4471
5125 4761
1447 5898
4888 4089
6743 2428
3514 5419
4458 3157
1096 390
3580 5315
5214 3130
3008 6737
5588 1222
6796 6076
1804 953
6653 2426
5449 4377
14 4904
2309 2193
1280 6477
3903 16
5563 44
6913 1633
4685 2438
1062 1801
1608 2434
6552 1635
2730 2534
5335 5432
3179 1457
1460 4386
2365 1549
4024 1802
2442 4285
2066 6904
3780 108
3841 5416
1948 104
2018 2571
2174 1778
6511 4538
6244 5785
3727 1127
6211 1561
6337 1358
351 3044
4547 1615
5331 1746
3274 1622
2687 4058
6351 3013
1949 6214
3631 4427
6452 5904
5476 4433
641 3882
4260 5028
503 518
5729 5710
1283 4133
1341 3297
6843 3330
4152 792
3702 1937
1604 3210
5899 2782
4820 2906
3243 794
2699 2139
4219 1227
1179 5372
3198 6591
5462 5977
2955 2421
4936 4109
5877 5639
4236 2249
3590 698
4974 6366
3189 6702
874 4713
5377 6840
3560 4310
144 3141
3364 5434
6034 6650
6464 3427
590 6287
5914 4296
2952 1540
6571 2980
5299 5113
2323 1584
2621 3302
4650 1570
5265 454
2767 2401
5056 6054
4999 1528
3583 5137
2483 100
2194 6529
5529 5089
234 1553
3470 1024
2231 4314
1131 679
5763 1944
4965 2789
6485 908
6469 6187
1717 2825
5849 2975
4832 2383
1932 6866
1709 6755
712 411
1879 1466
5252 2636
1705 2069
476 5526
5488 4308
6697 5552
397 2310
6255 6721
2087 6663
1733 1386
5050 4914
5882 5782
3267 4927
752 1086
2719 5889
4471 3946
4761 3115
5898 1886
4089 825
2428 4902
5419 238
3157 5911
390 5043
5315 4187
3130 1097
6737 3361
1222 1316
6076 1327
953 5676
2426 4087
4377 5161
4904 5048
2193 6383
6477 2511
16 4571
44 5055
1633 5751
2438 5876
1801 5291
2434 5106
1635 6648
2534 6530
5432 4526
1457 4163
4386 942
1549 3095
1802 2852
4285 2616
6904 4704
108 5815
5416 5166
104 2446
2571 296
1778 6360
4538 1036
5785 5624
1127 2914
1561 1468
1358 827
3044 440
1615 3063
1746 5762
1622 3423
4058 2427
3013 3625
6214 4944
4427 4759
5904 6382
4433 1562
3882 374
5028 4682
518 3337
5710 709
4133 3345
3297 2049
3330 6671
792 6022
1937 2769
3210 1666
2782 3772
2906 2001
794 4657
2139 2726
1227 1439
5372 4387
6591 5328
5977 6305
2421 2206
4109 6680
5639 3192
2249 2567
698 767
6366 6005
6702 5787
4713 3381
6840 4301
4310 4247
3141 4083
5434 1504
6650 2267
3427 1662
6287 4663
4296 4389
1540 5672
2980 3250
5113 3552
1584 4521
3302 5997
1570 1313
454 1722
2401 1444
6054 3588
1528 3684
5137 4335
100 5453
6529 4454
5089 5253
1553 5590
1024 4337
4314 4635
679 4202
1944 6516
2789 6577
908 4067
6187 2325
2825 150
2975 5290
2383 257
6866 5820
6755 2381
411 2359
1466 3735
2636 5655
2069 5246
5526 5407
4308 6463
5552 559
2310 2974
6721 282
6663 3353
1386 6035
4914 1483
5782 3907
4927 4932
1086 1243
5889 4949
3946 1831
3115 3082
1886 3241
825 3745
4902 5975
238 4008
5911 6020
5043 4453
4187 4299
1097 3985
3361 6416
1316 5706
1327 3827
5676 1945
4087 4617
5161 4721
5048 5664
6383 5325
2511 4610
4571 1081
5055 4720
5751 1094
5876 461
5291 4367
5106 5381
6648 506
6530 6036
4526 308
4163 1672
942 1245
3095 5177
2852 72
2616 62
4704 5009
5815 3679
5166 2864
2446 4933
296 3550
6360 3249
1036 6706
5624 2289
2914 4502
1468 6853
827 5152
440 361
3063 6336
5762 4315
3423 4899
2427 6154
3625 6687
4944 2179
4759 3938
6382 5955
1562 4544
374 6293
4682 775
3337 4456
709 180
3345 6896
2049 1784
6671 6848
6022 6484
2769 2127
1666 4267
3772 6715
2001 497
4657 372
2726 4968
1439 4269
4387 6909
5328 1999
6305 295
2206 586
6680 4556
3192 5210
2567 1360
767 687
6005 3878
5787 4569
3381 663
4301 6061
4247 4019
4083 6058
1504 3686
2267 3151
1662 2581
4663 3476
4389 915
5672 4618
3250 6538
3552 2658
4521 1489
5997 2997
1313 5429
1722 4302
1444 3810
3588 6795
3684 2195
4335 3445
5453 6407
4454 2844
5253 4134
5590 1399
4337 2725
4635 3748
4202 4638
6516 4110
6577 2450
4067 5630
2325 3377
150 4863
5290 3906
257 6854
5820 2985
2381 788
2359 5857
3735 1990
5655 5936
5246 2620
5407 1014
6463 2215
559 165
2974 2082
282 3493
3353 2937
6035 3833
1483 3890
3907 6198
4932 3997
1243 3331
4949 6863
1831 4467
3082 4402
3241 748
3745 3360
5975 2941
4008 1793
6020 1682
4453 191
4299 1822
3985 4488
6416 5860
5706 3104
3827 6629
1945 2395
4617 4563
4721 2445
5664 3191
5325 3153
4610 3633
1081 2128
4720 4540
1094 6026
461 5550
4367 2150
5381 6072
506 3291
6036 5784
308 848
1672 4797
1245 4867
5177 2612
72 1858
62 749
5009 4486
3679 123
2864 6347
4933 1747
3550 1873
3249 3517
6706 6368
2289 975
4502 2000
6853 5037
5152 5395
361 2346
6336 287
4315 1340
4899 1960
6154 6665
6687 5397
2179 3636
3938 4416
5955 6353
4544 3083
6293 2804
775 3086
4456 373
180 1182
6896 6613
1784 505
6848 1257
6484 437
2127 946
4267 1090
6715 3473
497 2166
372 1952
4968 258
4269 521
6909 6558
1999 3225
295 4771
586 1026
4556 4661
5210 861
1360 50
687 3312
3878 692
4569 6120
663 6598
6061 3450
4019 470
6058 1220
3686 2662
3151 683
2581 5995
3476 1868
915 3410
4618 240
6538 5697
2658 6437
1489 5167
2997 5593
5429 2300
4302 2098
3810 2711
6795 6396
2195 5422
3445 4177
6407 2463
2844 4605
4134 3436
1399 5553
2725 5742
3748 6321
4638 531
4110 5650
2450 1315
5630 28
3377 1354
4863 25
3906 1888
6854 5548
2985 4099
788 793
5857 6177
1990 2099
5936 5077
2620 3413
1014 5625
2215 5771
165 5160
2082 2873
3493 6429
2937 2961
3833 557
3890 4226
6198 3096
3997 4709
3331 2989
6863 4211
4467 1854
4402 5355
748 5256
3360 734
2941 4073
1793 1046
1682 822
191 4952
1822 5082
4488 2834
5860 1755
3104 765
6629 3640
2395 3757
4563 276
2445 5268
3191 2189
3153 5574
3633 2986
2128 6543
4540 3848
6026 2422
5550 491
2150 5350
6072 4040
3291 406
5784 5965
848 1577
4797 3861
4867 2831
2612 4065
1858 4070
749 4539
4486 4781
123 2807
6347 3995
1747 5613
1873 4238
3517 3978
6368 4275
975 1606
2000 5847
5037 5324
5395 2604
2346 2921
287 2856
1340 1010
1960 6442
6665 6659
5397 5321
3636 714
4416 4420
6353 4015
3083 2241
2804 6277
3086 2186
373 4201
1182 1643
6613 1459
505 2460
1257 4942
437 4493
946 307
1090 4839
3473 913
2166 3409
1952 6274
258 5440
521 1833
6558 4444
3225 66
4771 3087
1026 4562
4661 5821
861 1823
50 1205
3312 1792
692 3091
6120 4113
6598 1137
3450 200
470 2799
1220 5469
2662 3143
683 5657
5995 2144
1868 6526
3410 5485
240 5594
5697 2805
6437 86
5167 5486
5593 2586
2300 5717
2098 5658
2711 1168
6396 6890
5422 6024
4177 1293
2463 6618
4605 6545
3436 1956
5553 1576
5742 1852
6321 5094
531 2842
5650 142
1315 2878
28 5659
1354 1964
25 6833
1888 6315
5548 5320
4099 6621
793 1190
6177 2578
2099 3527
5077 5502
3413 2614
5625 1111
5771 3275
5160 4758
2873 524
6429 6927
2961 1303
557 2633
4226 1913
3096 2057
4709 4104
2989 2836
4211 1441
1854 6882
5355 537
5256 4278
734 6816
4073 304
1046 5045
822 1650
4952 5555
5082 3614
2834 1795
1755 5568
765 980
3640 3190
3757 6756
276 2500
5268 4412
2189 1221
5574 4700
2986 6176
6543 5993
3848 4590
2422 2728
491 1876
5350 6226
4040 1729
406 5144
5965 1357
1577 4783
3861 6887
2831 575
4065 3340
4070 3627
4539 3663
4781 1542
2807 4374
3995 2424
5613 1401
4238 2276
3978 4103
4275 4155
1606 2449
5847 6877
5324 3526
2604 5237
2921 6744
2856 809
1010 5204
6442 1247
6659 4857
5321 6161
714 254
4420 3405
4015 3048
2241 6389
6277 947
2186 870
4201 4148
1643 5138
1459 1855
2460 4209
4942 1347
4493 4796
307 3877
4839 4121
913 1388
3409 3305
6274 311
5440 3110
1833 313
4444 6066
66 5439
3087 3764
4562 3202
5821 3825
1823 5096
1205 1348
1792 6330
3091 1150
4113 487
1137 2631
200 5822
2799 3515
5469 2680
3143 1637
5657 4847
2144 1260
6526 6841
5485 490
5594 3868
2805 618
86 1593
5486 5406
2586 6916
5717 894
5658 2771
1168 4150
6890 2557
6024 221
1293 2214
6618 399
6545 5956
1956 1878
1576 2333
1852 3109
5094 3781
2842 4627
142 644
2878 1927
5659 3839
1964 6346
6833 4953
6315 6380
5320 2999
6621 4595
1190 3642
2578 5990
3527 340
5502 5468
2614 5536
1111 4414
3275 1368
4758 2010
524 604
6927 1917
1303 2625
2633 6124
1913 3171
2057 3983
4104 6141
2836 3503
1441 6646
6882 2377
537 5883
4278 6493
6816 5920
304 4429
5045 5061
1650 1064
5555 5171
3614 6175
1795 4666
5568 6323
980 6804
3190 1486
6756 111
2500 4370
4412 2591
1221 2165
4700 2293
6176 4525
5993 1335
4590 789
2728 5303
1876 5915
6226 5833
1729 6151
5144 294
1357 2121
4783 1087
6887 1270
575 4671
3340 40
3627 2770
3663 2075
1542 3502
4374 3555
2424 5699
1401 2521
2276 169
4103 3175
4155 2717
2449 6708
6877 686
3526 986
5237 2180
6744 227
809 3587
5204 6137
1247 4212
4857 2191
6161 2733
254 4925
3405 318
3048 6609
6389 2880
947 3870
870 6439
4148 3959
5138 6557
1855 3221
4209 6411
1347 3842
4796 523
3877 3075
4121 130
1388 5231
3305 2402
311 4664
3110 1893
313 4085
6066 1382
5439 1252
3764 6003
3202 2584
3825 5518
5096 2274
1348 1676
6330 2171
1150 2928
487 4406
2631 1365
5822 5622
3515 724
2680 6104
1637 6595
4847 6310
1260 3989
6841 2786
490 342
3868 6458
618 2465
1593 954
5406 1721
6916 5183
894 4537
2771 1659
4150 3400
2557 1219
221 6011
2214 4957
399 5556
5956 1743
1878 2499
2333 1607
3109 2549
3781 6645
4627 5580
644 547
1927 4411
3839 6180
6346 6258
4953 665
6380 4309
2999 4098
4595 4449
3642 4806
5990 3054
340 2235
5468 3899
5536 3237
4414 1824
1368 3173
2010 1196
604 1984
1917 3685
2625 4628
6124 4124
3171 6185
3983 5132
6141 5135
3503 5002
6646 1071
2377 1902
5883 6002
6493 847
5920 1429
4429 3603
5061 1925
1064 3281
5171 4376
6175 94
4666 2758
6323 5393
6804 3525
1486 2710
111 577
4370 6605
2591 4241
2165 222
2293 2481
4525 4450
1335 2526
789 1371
5303 2979
5915 261
5833 1605
6151 1887
294 6276
2121 3256
1087 2281
1270 6001
4671 2933
40 5491
2770 5398
2075 4326
3502 4390
3555 851
5699 6906
2521 2656
169 5147
3175 3247
2717 2990
6708 1864
686 5929
986 517
2180 6157
227 6524
3587 3821
6137 707
4212 2368
2191 1294
2733 6548
4925 2559
318 2898
6609 5467
2880 5376
3870 2124
6439 4135
3959 2858
6557 5019
3221 344
6411 3643
3842 158
523 5987
3075 6091
130 5394
5231 5296
2402 2418
4664 2204
1893 6051
4085 323
1382 3332
1252 4815
6003 6443
2584 4846
5518 1569
2274 3264
1676 3218
2171 122
2928 846
4406 3000
1365 2
5622 4707
724 1560
6104 3920
6595 1525
6310 3508
3989 4095
2786 26
342 1640
6458 659
2465 6564
954 2547
1721 3917
5183 4715
4537 4554
1659 3929
3400 5425
1219 6057
6011 3845
4957 6369
5556 5441
1743 3462
2499 6284
1607 3974
2549 5500
6645 4698
5580 3851
547 995
4411 5691
6180 3546
6258 3433
665 4706
4309 3779
4098 5869
4449 6400
4806 36
3054 6080
2235 3749
3899 3534
3237 6412
1824 1212
3173 5558
1196 873
1984 1648
3685 796
4628 6513
4124 2683
6185 4882
5132 773
5135 1867
5002 2853
1071 6806
1902 3632
6002 919
847 1674
1429 3442
3603 6304
1925 6500
3281 850
4376 4717
94 2423
2758 5866
5393 1159
3525 3326
2710 1644
577 2441
6605 3056
4241 5670
222 6777
2481 2595
4450 6364
2526 1322
1371 5101
2979 611
261 5615
1605 2353
1887 220
6276 4675
3256 1981
2281 3895
6001 1281
2933 5092
5491 4011
5398 2837
4326 1063
4390 6505
851 1451
6906 4838
2656 314
5147 3649
3247 4764
2990 5165
1864 2754
5929 3589
517 1799
6157 4274
6524 6285
3821 2083
707 5030
2368 1001
1294 1076
6548 1254
2559 3304
2898 2676
5467 6534
5376 916
2124 4304
4135 4422
2858 4732
5019 4818
344 2403
3643 2170
158 2766
5987 6652
6091 6608
5394 6585
5296 4604
2418 886
2204 545
6051 166
323 1865
3332 6880
4815 3350
6443 540
4846 6886
1569 2780
3264 2182
3218 3932
122 5774
846 2513
3000 1929
2 581
4707 5634
1560 4678
3920 5487
1525 2175
3508 5827
4095 3441
26 6270
1640 4142
659 2574
6564 5075
2547 1794
3917 1073
4715 2649
4554 737
3929 5034
5425 3430
6057 2112
3845 5079
6369 4328
5441 5853
3462 1689
6284 3925
3974 605
5500 5802
4698 6426
3851 283
995 3024
5691 3791
3546 3255
3433 3543
4706 280
3779 4424
5869 6881
6400 1850
36 433
6080 6006
3749 2655
3534 6612
6412 6799
1212 1797
5558 2258
873 6071
1648 6733
796 4542
6513 256
2683 3036
4882 6533
773 4918
1867 99
2853 5100
6806 4632
3632 880
919 3357
1674 4178
3442 3235
6304 6399
6500 2580
850 1249
4717 2742
2423 1476
5866 3017
1159 5241
3326 4217
1644 4497
2441 4293
3056 1740
5670 3714
6777 5272
2595 6901
6364 5686
1322 662
5101 4621
611 704
5615 45
2353 3394
220 3928
4675 421
1981 1895
3895 3658
1281 5018
5092 64
4011 6031
2837 1465
1063 2600
6505 266
1451 4334
4838 2250
314 6356
3649 4082
4764 4268
5165 1
2754 2071
3589 1748
1799 1404
4274 1539
6285 3471
2083 5472
5030 5780
1001 1846
1076 5545
1254 5356
3304 5835
2676 6474
6534 6392
916 5280
4304 2623
4422 903
4732 2054
4818 4364
2403 3507
2170 5994
2766 2516
6652 1716
6608 4477
6585 2264
4604 5008
886 1678
545 6693
166 823
1865 5952
6880 6106
3350 3094
540 3582
6886 54
2780 1284
2182 6261
3932 6025
5774 6791
2513 912
1929 2964
581 6225
5634 1041
4678 1095
5487 2260
2175 4122
5827 1266
3441 4905
6270 4338
4142 4245
2574 5054
5075 5505
1794 4534
1073 4536
2649 2015
737 2447
5034 2721
3430 3916
2112 6537
5079 1724
4328 1989
5853 446
1689 2369
3925 4620
605 3244
5802 2140
6426 837
283 3695
3024 2482
3791 5426
3255 3242
3543 293
280 2056
4424 134
6881 2115
1850 5633
433 216
6006 249
2655 2882
6612 160
6799 884
1797 4557
2258 2327
6071 4396
6733 18
4542 3954
256 5185
3036 6859
6533 6052
4918 1703
99 4290
5100 1258
4632 655
880 1420
3357 649
4178 2350
3235 2894
6399 6703
2580 6468
1249 6129
2742 5006
1476 1183
3017 5779
5241 3516
4217 1400
4497 6465
4293 1946
1740 4253
3714 6536
5272 4665
6901 2006
5686 4224
662 6395
4621 6864
704 4592
45 5755
3394 5642
3928 6624
421 6438
1895 2682
3658 711
5018 317
64 1020
6031 3336
1465 6140
2600 5984
266 5596
4334 1856
2250 2760
6356 1268
4082 3788
4268 1192
1 3610
2071 660
1748 6752
1404 1037
1539 2762
3471 6190
5472 556
5780 1806
1846 6481
5545 5569
5356 1552
5835 1195
6474 780
6392 4492
5280 1591
2623 1210
903 5109
2054 4265
4364 6033
3507 5164
5994 1116
2516 6862
1716 5179
4477 6908
2264 3725
5008 6349
1678 2899
6693 4564
823 3113
5952 4676
6106 1279
3094 2693
3582 3482
54 2938
1284 3488
6261 5251
6025 3639
6791 1285
912 5837
2964 744
6225 1228
1041 5996
1095 2627
2260 2736
4122 3295
1266 6018
4905 857
4338 5194
4245 2943
5054 617
5505 184
4534 4141
4536 1968
2015 4280
2447 817
2721 4655
3916 5521
6537 3138
1724 3057
1989 1630
446 2794
2369 6311
4620 2670
3244 6229
2140 5168
837 4094
3695 2519
2482 3855
5426 510
3242 1426
293 1641
2056 3572
134 5549
2115 1692
5633 5436
216 984
249 139
2882 6420
160 1242
884 4629
4557 3053
2327 2686
4396 2473
18 5603
3954 2703
5185 170
6859 1987
6052 6008
1703 4320
4290 3975
1258 4357
655 3762
1420 1791
649 6012
2350 6514
2894 3522
6703 1351
6468 5646
6129 5972
5006 4324
1183 890
5779 3438
3516 2411
1400 6118
6465 1003
1946 6128
4253 2455
6536 382
4665 978
2006 2345
4224 4606
6395 5964
6864 6163
4592 4868
5755 1815
5642 4266
6624 5832
6438 5979
2682 3385
711 3592
317 1367
1020 5544
3336 514
6140 4041
5984 1664
5596 4341
1856 6097
2760 1089
1268 5130
3788 4312
1192 6924
3610 5567
660 5340
6752 3784
1037 2495
2762 1533
6190 1299
556 2223
1806 6016
6481 6914
5569 6102
1552 5991
1195 5971
780 5083
4492 728
1591 1580
1210 5509
5109 1649
4265 2948
6033 6406
5164 4531
1116 1763
6862 6410
5179 1919
6908 2493
3725 933
6349 5049
2899 6166
4564 5143
3113 4038
4676 4853
1279 3011
2693 4397
3482 666
2938 1035
3488 2560
5251 3231
3639 3382
1285 920
5837 4463
744 2868
1228 6230
5996 1904
2627 2356
2736 2965
3295 5203
6018 1421
857 4747
5194 3547
2943 6570
617 4611
184 3901
4141 2996
1968 4792
4280 5448
817 522
4655 4445
5521 2527
3138 6055
3057 414
1630 3850
2794 2970
6311 6191
2670 229
6229 3408
5168 6038
4094 4461
2519 832
3855 3889
510 3744
1426 5839
1641 4697
3572 1896
5549 3132
1692 2675
5436 3307
984 2827
139 477
6420 1548
1242 6374
4629 3067
3053 1766
2686 693
2473 2190
5603 900
2703 1894
170 1686
1987 5206
6008 3197
4320 2080
3975 4705
4357 5709
3762 3980
1791 6766
6012 2117
6514 4634
3522 5520
1351 2707
5646 5897
5972 381
4324 6301
890 4223
3438 3370
2411 5804
6118 480
1003 113
6128 2645
2455 2883
382 5507
978 6388
2345 57
4606 4961
5964 1900
6163 6436
4868 4849
1815 6358
4266 2962
5832 3674
5979 3154
3385 3854
3592 2002
1367 1134
5544 1056
514 6587
4041 713
1664 430
4341 2851
6097 3145
1089 2008
5130 5712
4312 2375
6924 2100
5567 4284
5340 527
3784 5139
2495 2995
1533 5535
1299 5367
2223 6754
6016 2318
6914 3238
6102 3378
5991 5859
5971 4824
5083 4851
728 4639
1580 4077
5509 2531
1649 6178
2948 824
6406 5222
4531 4816
1763 2122
6410 4356
1919 2084
2493 1522
933 1943
5049 4165
6166 565
5143 2192
4038 4365
4853 6040
3011 6398
4397 4022
666 4971
1035 4982
2560 1256
3231 997
3382 1274
920 337
4463 2181
2868 1140
6230 6252
1904 2101
2356 4175
2965 5086
5203 2751
1421 355
4747 1343
3547 5681
6570 1177
4611 5357
3901 6424
2996 1141
4792 580
5448 5669
522 5506
4445 330
2527 140
6055 4222
414 3808
3850 182
2970 2916
6191 171
229 1892
3408 2739
6038 172
4461 6204
832 3852
3889 3392
3744 3492
5839 3124
4697 4644
1896 6798
3132 2136
2675 1047
3307 6145
2827 1719
477 5973
1548 3912
6374 4484
3067 5249
1766 2972
693 4913
2190 992
900 1422
1894 2876
1686 4782
5206 2927
3197 5846
2080 4614
4705 1276
5709 6635
3980 6041
6766 3288
2117 1471
4634 5012
5520 3647
2707 3862
5897 4054
381 84
6301 6801
4223 3556
3370 4659
5804 3380
480 4599
113 402
2645 6300
2883 2830
5507 1197
6388 5036
57 5819
4961 3359
1900 6876
6436 2696
4849 5909
6358 81
2962 237
3674 5688
3154 981
3854 1317
2002 4775
1134 4813
1056 6508
6587 4739
713 6109
430 6266
2851 6710
3145 5269
2008 2285
5712 1438
2375 3965
2100 6842
4284 4769
527 1897
5139 2023
2995 4359
5535 2657
5367 597
6754 4170
2318 223
3238 109
3378 1067
5859 774
4824 5318
4851 3936
4639 3787
4077 2273
2531 3397
6178 3671
824 983
5222 696
4816 3452
2122 2558
4356 3601
2084 4459
1522 5074
1943 6779
4165 6830
565 1300
2192 764
4365 6298
6040 5124
6398 6367
4022 3838
4971 6237
4982 3734
1256 5924
997 1535
1274 5788
337 5807
2181 2506
1140 2486
6252 1142
2101 6138
4175 6029
5086 1863
2751 2156
355 6676
1343 5610
5681 784
1177 6759
5357 2279
6424 5284
1141 4804
580 3719
5669 4081
5506 1825
330 589
140 6695
4222 2826
3808 6740
182 2968
2916 6224
171 1698
1892 5583
2739 2598
172 3570
6204 680
3852 6361
3392 1217
3492 452
3124 6814
4644 4826
6798 6257
2136 3559
1047 5652
6145 6550
1719 6639
5973 5270
3912 526
4484 6112
5249 2647
2972 6911
4913 2572
992 1472
1422 3505
2876 1186
4782 895
2927 3617
5846 4589
4614 4169
1276 534
6635 3499
6041 1425
3288 245
1471 5637
5012 6669
3647 4780
3862 6082
4054 4831
84 6542
6801 6107
3556 3338
4659 5417
3380 1093
4599 3367
402 538
6300 6593
2830 4586
1197 6520
5036 2063
5819 4699
3359 2326
6876 5951
2696 6021
5909 1409
81 2963
237 343
5688 2216
981 2924
1317 1263
4775 5131
4813 990
6508 92
4739 5561
6109 5700
6266 783
6710 1581
5269 225
2285 5720
1438 4555
3965 2043
6842 2790
4769 6808
1897 2317
2023 5894
4359 6401
2657 697
597 5618
4170 4623
223 1058
109 1295
1067 3856
774 2331
5318 2148
3936 4286
3787 46
2273 1840
3397 264
3671 4997
983 5503
696 4128
3452 1612
2558 1442
3601 3909
4459 710
5074 3641
6779 3009
6830 695
1300 607
764 5792
6298 4624
5124 55
6367 1587
3838 5392
6237 2821
3734 3875
5924 5494
1535 2095
5788 2977
5807 5141
2506 5039
2486 3548
1142 743
6138 4730
6029 418
1863 5442
2156 1775
6676 4481
5610 6776
784 583
6759 3615
2279 5736
5284 2354
4804 4101
3719 3327
4081 670
1825 1933
589 4292
6695 456
2826 911
6740 3183
2968 6813
6224 4575
1698 4772
5583 2053
2598 2590
3570 2918
680 3844
6361 5654
1217 6691
452 4244
6814 3760
4826 6654
6257 4344
3559 6343
5652 5386
6550 779
6639 1452
5270 2626
526 3969
6112 3031
2647 244
6911 388
2572 599
1472 4180
3505 2568
1186 2200
895 3163
3617 3687
4589 3071
4169 5149
534 3704
3499 867
1425 1836
245 3240
5637 335
6669 395
4780 320
6082 1301
4831 5836
6542 5886
6107 532
3338 5798
5417 833
1093 1072
3367 6222
538 6883
6593 4002
4586 5724
6520 2630
2063 533
4699 6254
2326 853
5951 4432
6021 1433
1409 694
2963 5457
343 42
2216 6075
2924 5799
1263 4954
5131 4016
990 6419
92 1695
5561 2838
5700 2671
783 2332
1581 2539
225 1842
5720 1970
4555 5704
2043 2890
2790 3823
6808 6597
2317 312
5894 6094
6401 4814
697 3834
5618 5962
4623 5362
1058 1866
1295 1250
3856 6299
2331 6322
2148 3477
4286 297
46 3926
1840 4976
264 1484
4997 3342
5503 15
4128 1805
1612 5420
1442 1416
3909 3586
710 1924
3641 5789
3009 3041
695 869
607 2230
5792 3740
4624 738
55 4647
1587 2659
5392 4196
2821 6467
3875 513
5494 1359
2095 6403
2977 624
5141 5062
5039 639
3548 363
743 5662
4730 2217
418 4489
5442 1701
1775 856
4481 3195
6776 1417
583 5818
3615 3981
5736 6488
2354 3485
4101 2020
3327 2582
670 2761
1933 914
4292 5817
456 6121
911 4507
3183 3500
6813 2954
4575 29
4772 6150
2053 4874
2590 5957
2918 5887
3844 4946
5654 4938
6691 1538
4244 5481
3760 2247
6654 4231
4344 6875
6343 5379
5386 5146
779 115
1452 5278
2626 5938
3969 1352
3031 5834
244 5322
388 1151
599 872
4180 2945
2568 831
2200 6837
3163 288
3687 1208
3071 3311
5149 3451
3704 3440
867 5801
1836 3219
3240 63
335 4042
395 136
320 6307
1301 4358
5836 6146
5886 3406
532 731
5798 2740
833 688
1072 5452
6222 4613
6883 5011
4002 3794
5724 475
2630 4842
533 4440
6254 5612
853 2161
4432 771
1433 214
694 1130
5457 5316
42 669
6075 6313
5799 4004
4954 6431
4016 501
6419 2775
1695 105
2838 4690
2671 6615
2332 629
2539 2298
1842 5336
1970 1993
5704 6668
2890 6642
3823 1947
6597 2967
312 3324
6094 168
4814 3678
3834 2646
5962 4778
5362 1166
1866 4289
1250 1287
6299 1781
6322 1184
3477 5666
297 1050
3926 6610
4976 6660
1484 1940
3342 3630
15 2292
1805 732
5420 5732
1416 3393
3586 2198
1924 1328
5789 2545
3041 3142
869 5366
2230 4515
3740 2783
738 6884
4647 4227
2659 4346
4196 1464
6467 87
513 4277
1359 2606
6403 3479
624 6155
5062 173
639 2872
363 1384
5662 6457
2217 2268
4489 1912
1701 3961
856 197
3195 2409
1417 3696
5818 6147
3981 4303
6488 4373
3485 4695
2020 4043
2582 3826
2761 5187
914 5227
5817 6578
6121 1330
4507 4631
3500 4652
2954 5337
29 829
6150 3386
4874 4465
5957 4519
5887 6817
4946 6717
4938 1559
1538 6083
5481 400
2247 492
4231 1982
6875 770
5379 2443
5146 816
115 224
5278 5935
5938 1600
1352 2886
5834 444
5322 2846
1151 5352
872 6181
2945 736
831 1875
6837 5562
288 4036
1208 4896
3311 10
3451 3809
3440 6340
5801 3660
3219 1458
63 5348
4042 1849
136 3229
6307 3328
4358 3064
6146 4348
3406 4472
731 2315
2740 3465
688 1224
5452 4250
4613 4423
5011 3562
3794 6069
475 91
4842 3939
4440 204
5612 1145
2161 3047
771 3388
214 1761
1130 4930
5316 1139
669 232
6313 1411
4004 1052
6431 3715
501 6200
2775 4494
105 3724
4690 4762
6615 284
629 6732
2298 2355
5336 6078
1993 393
6668 2810
6642 5024
1947 6761
2967 3079
3324 4850
168 404
3678 3068
2646 2993
4778 1004
1166 2339
4289 6316
1287 3857
1781 612
1184 2702
5666 3703
1050 3645
6610 6522
6660 5201
1940 5992
3630 6206
2292 6110
732 5218
5732 5981
3393 4051
2198 3080
1328 6362
2545 5974
3142 6860
5366 962
4515 5765
2783 6318
6884 4418
4227 4934
4346 1508
1464 640
87 2597
4277 1957
2606 2818
3479 1708
6155 4829
173 5169
2872 2692
1384 3805
6457 5627
2268 1206
1912 1877
3961 2608
197 1449
2409 5513
3696 5940
6147 4864
4303 1235
4373 3726
4695 4845
4043 2468
3826 5714
5187 2120
5227 818
6578 4686
1330 1232
4631 4917
4652 5514
5337 4790
829 5181
3386 5478
4465 4325
4519 6686
6817 1683
6717 2132
1559 6414
6083 3951
400 273
492 6584
1982 2096
770 2688
2443 3034
816 4031
224 1102
5935 1556
1600 5341
2886 403
444 4322
2846 5319
5352 2812
6181 473
736 4259
1875 2046
5562 4037
4036 79
4896 4948
10 3194
3809 5107
6340 1555
3660 2562
1458 5148
5348 6472
1849 3711
3229 4579
3328 812
3064 4767
4348 3733
4472 4363
2315 1921
3465 1161
1224 1338
4250 392
4423 3575
3562 5027
6069 5647
91 6247
3939 6212
204 905
1145 4518
3047 5418
3388 3355
1761 1870
4930 263
1139 3937
232 2370
1411 210
1052 5460
3715 3773
6200 6370
4494 301
3724 6417
4762 1355
284 2847
6732 3970
2355 194
6078 1380
393 6879
2810 6576
5024 1918
6761 6239
3079 2351
4850 5046
404 5922
3068 3472
2993 6167
1004 386
2339 4674
6316 422
3857 6619
612 999
2702 6334
3703 5713
3645 3262
6522 6004
5201 1398
5992 1346
6206 3066
6110 3214
5218 5680
5981 215
4051 2255
3080 2477
6362 5003
5974 69
6860 1772
962 447
5765 1136
6318 1461
4418 5202
4934 5998
1508 3453
640 985
2597 5112
1957 1737
2818 3365
1708 4354
4829 5312
5169 4872
2692 885
3805 4331
5627 1204
1206 852
1877 4509
2608 235
1449 966
5513 5692
5940 2225
4864 3167
1235 2708
3726 6768
4845 6628
2468 4466
5714 2969
2120 968
818 2743
4686 5273
1232 435
4917 4233
5514 5830
4790 1432
5181 5134
5478 5221
4325 3835
6686 988
1683 324
2132 3120
6414 4587
3951 3931
273 1565
6584 6188
2096 1514
2688 645
3034 3953
4031 1448
1102 3558
1556 5953
5341 4876
403 2342
4322 1147
5319 6108
2812 2228
473 5635
4259 1302
2046 6007
4037 888
79 1809
4948 560
3194 4760
5107 4174
1555 1931
2562 2387
5148 963
6472 2501
3711 2253
4579 834
812 6259
4767 4200
3733 5240
4363 3020
1921 149
1161 3551
1338 4928
392 5142
3575 3569
5027 6217
5647 4920
6247 5465
6212 1776
905 2579
4518 2248
5418 6519
3355 2045
1870 3076
263 5530
3937 1547
2370 1527
210 3665
5460 1507
3773 4375
6370 71
301 5606
6417 566
1355 550
2847 2003
3970 90
194 3741
1380 5682
6879 1788
6576 5403
1918 5151
6239 70
2351 3270
5046 584
5922 2159
3472 5084
6167 6724
386 1265
4674 2912
422 2576
6619 212
999 1837
6334 1435
5713 6328
3262 4530
6004 2114
1398 2594
1346 630
3066 4594
3214 5010
5680 6681
215 3035
2255 1715
2477 5930
5003 3033
69 4501
1772 4978
447 354
1136 3542
1461 3444
5202 4439
5998 369
3453 2925
985 2859
5112 6625
1737 530
3365 944
4354 4827
5312 4585
4872 4508
885 378
4331 4317
1204 2374
852 1240
4509 6264
235 6567
966 5812
5692 410
2225 453
3167 2484
2708 5963
6768 1493
6628 1331
4466 4029
2969 6723
968 1494
2743 5121
5273 250
435 6173
4233 1029
5830 6674
1432 3656
5134 3682
5221 198
3835 6236
988 148
324 838
3120 5960
4587 5370
3931 2642
1565 1787
6188 2035
1514 2599
645 1181
3953 3348
1448 1488
3558 5309
5953 3287
4876 3439
2342 6910
1147 5102
6108 4951
2228 1144
5635 2679
1302 5660
6007 2178
888 3271
1809 6077
560 2714
4760 1803
4174 1077
1931 1586
2387 1238
963 4956
2501 4986
2253 803
834 5431
6259 2930
4200 5851
5240 5000
3020 3292
149 3178
3551 1820
4928 3578
5142 3005
3569 5261
6217 2329
4920 56
5465 6203
1776 278
2579 6215
2248 3220
6519 6781
2045 6278
3076 3692
5530 2304
1547 5564
1527 5020
3665 6662
1507 6281
4375 2923
71 6539
5606 4552
566 654
550 4
2003 6491
90 1163
3741 4511
5682 2651
1788 2865
5403 1830
5151 1500
70 1230
3270 49
584 5831
2159 5578
5084 5978
6724 3358
1265 3996
2912 973
2576 53
212 6216
1837 3099
1435 3015
6328 3208
4530 3549
2114 4591
2594 6898
630 2588
4594 6544
5010 2874
6681 4859
3035 114
1715 993
5930 1777
3033 1798
4501 1474
4978 2718
354 6378
3542 3874
3444 3871
4439 1728
369 3770
2925 4279
2859 2820
6625 2741
530 2942
944 73
4827 544
4585 1800
4508 5230
378 5773
4317 1596
2374 2097
1240 3945
6264 739
6567 2457
5812 334
410 2884
453 5298
2484 3052
5963 4550
1493 587
1331 2973
4029 4785
6723 4535
1494 1636
5121 3299
250 4512
6173 4026
1029 4055
6674 5538
3656 4048
3682 4166
198 703
6236 1241
148 6855
838 3976
5960 1520
5370 3065
2642 5423
1787 603
2035 3723
2599 30
1181 950
3348 4787
1488 6675
5309 4669
3287 1349
3439 3529
6910 2815
5102 4092
4951 2704
1144 1364
2679 507
5660 5958
2178 5153
3271 6622
6077 3421
2714 1288
1803 3294
1077 253
1586 1407
1238 2542
4956 2745
4986 4962
803 3411
5431 3709
2930 3988
5851 3792
5000 1055
3292 137
3178 6921
1820 6826
3578 2372
3005 1434
5261 4567
2329 6314
56 352
6203 3272
278 2674
6215 3971
3220 4746
6781 306
6278 6792
3692 5108
2304 1890
5564 4378
5020 6183
6662 3767
6281 6441
2923 5828
6539 3585
4552 5026
654 1936
4 83
6491 4154
1163 4646
4511 4248
2651 6679
2865 3283
1830 563
1500 3481
1230 4734
49 6783
5831 4729
5578 5233
5978 6658
3358 6462
3996 2829
973 4598
53 6824
6216 5351
3099 1707
3015 2863
3208 6825
3549 3941
4591 502
6898 1427
2588 5388
6544 1550
2874 5060
4859 415
114 5447
993 3872
1777 252
1798 5900
1474 2311
2718 5863
6378 6260
3874 6256
3871 4975
1728 1969
3770 1114
4279 4027
2820 922
2741 5208
2942 106
73 4950
544 3323
1800 6604
5230 3618
5773 1557
1596 1042
2097 855
3945 4125
739 4891
2457 5225
334 4192
2884 2548
5298 1124
3052 5259
4550 1261
587 1988
2973 3987
4785 951
4535 5444
1636 5402
3299 2563
4512 4071
4026 6136
4055 3836
5538 4158
4048 2639
4166 2431
703 6611
1241 643
6855 5499
3976 658
1520 3982
3065 4812
5423 5856
603 3106
3723 2093
30 7
950 5949
4787 2797
6675 2068
4669 2490
1349 2727
3529 4220
2815 1187
4092 3675
2704 2290
1364 3846
507 6850
5958 4959
5153 478
6622 2226
3421 5728
1288 6451
3294 1974
253 4884
1407 279
2542 6673
2745 5671
4962 5582
3411 3107
3709 4828
3988 5643
3792 6355
1055 5906
137 1751
6921 2152
6826 1780
2372 2026
1434 6135
4567 6195
6314 1498
352 3148
3272 3769
2674 6192
3971 6891
4746 6194
306 5693
6792 3277
5108 5937
1890 4086
4378 3952
6183 4898
3767 2492
6441 943
5828 615
3585 3677
5026 5865
1936 1811
83 6583
4154 1045
4646 4843
4248 1104
6679 336
3283 6872
563 322
3481 6142
4734 1874
6783 6735
4729 6606
5233 4811
6658 2224
6462 1910
2829 3785
4598 2052
6824 196
5351 5025
1707 3362
2863 3815
6825 1991
3941 1278
502 332
1427 3864
5388 472
1550 126
5060 2669
415 6168
5447 907
3872 906
252 1499
5900 1838
2311 127
5863 6062
6260 1551
6256 155
4975 3078
1969 4033
1114 854
4027 4428
922 3737
5208 2987
106 729
4950 3092
3323 2439
6604 5946
3618 6453
1557 4570
1042 1106
855 2452
4125 3607
4891 3742
5225 4146
4192 5928
2548 3747
1124 6634
5259 3021
1261 5288
1988 5295
3987 2504
951 328
5444 2430
5402 1350
2563 4009
4071 806
6136 3880
3836 2032
4158 4683
2639 3763
2431 4835
6611 4464
643 504
5499 3251
658 6878
3982 1938
4812 247
5856 4237
3106 2480
2093 6251
7 5663
5949 6572
2797 6449
2068 2219
2490 6271
2727 3577
4220 3597
1187 2364
3675 3296
2290 6497
3846 909
6850 2716
4959 6182
478 5327
2226 5383
5728 6551
6451 6845
1974 3343
4884 488
279 2920
6673 2396
5671 4307
5582 4735
3107 1771
4828 2407
5643 5715
6355 230
5906 4992
1751 6165
2152 6482
1780 325
2026 1326
6135 5874
6195 1519
1498 1681
3148 1675
3769 4287
6192 1660
6891 6821
6194 1523
5693 1727
3277 449
5937 255
4086 6527
3952 2902
4898 5004
2492 882
943 1939
615 6268
3677 1995
5865 2922
1811 6738
6583 5600
1045 285
4843 2940
1104 4191
336 466
6872 6760
322 4225
6142 2341
1874 5126
6735 3313
6606 6920
4811 443
2224 1381
1910 941
3785 6387
2052 6409
196 2252
5025 5490
3362 4057
3815 4044
1991 6626
1278 4881
332 4561
3864 2910
472 6100
126 3486
2669 6148
6168 1543
907 5382
906 4495
1499 4160
1838 5825
127 5384
6062 5708
1551 4235
155 4246
3078 1774
4033 4198
854 1160
4428 3565
3737 2155
2987 4371
729 6889
3092 6156
2439 1742
5946 6494
6453 6581
4570 4460
1106 1541
2452 1005
3607 2031
3742 2102
4146 6907
5928 3820
3747 2811
6634 3182
3021 5576
5288 1903
5295 754
2504 5667
328 5783
2430 554
1350 3662
4009 1756
806 5848
3880 2371
2032 5747
4683 4368
3763 6275
4835 1491
4464 6250
504 5198
3251 6630
6878 1843
1938 5823
247 576
4237 6085
2480 6084
6251 637
5663 2079
6572 3316
6449 3799
2219 2265
6271 2734
3577 300
3597 6023
2364 4677
3296 3504
6497 185
909 4784
2716 2379
6182 1997
5327 1511
5383 117
6551 3923
6845 3050
3343 5878
488 1305
2920 6324
2396 4915
4307 2705
4735 4050
1771 6839
2407 3778
5715 6286
230 2220
4992 3303
6165 6739
6482 4668
325 5988
1326 6143
5874 2433
1519 2593
1681 1189
1675 4684
4287 3039
1660 4295
6821 5795
1523 4568
1727 3490
449 6535
255 2349
6527 1544
2902 2090
5004 3962
882 6568
1939 3915
6268 6149
1995 3689
2922 705
6738 3185
5600 859
285 677
2940 6847
4191 6700
466 5967
6760 5359
4225 6812
2341 2798
5126 2887
3313 2039
6920 157
443 516
1381 5927
941 5950
6387 5786
6409 1226
2252 4960
5490 6335
4057 5516
4044 4719
6626 1694
4881 5412
4561 2555
2910 6371
6100 4692
3486 3523
6148 4866
1543 3681
5382 3097
4495 878
4160 3593
5825 6714
5384 2947
5708 1496
4235 1685
4246 2041
1774 1517
4198 5033
1160 5701
3565 1639
2155 3448
4371 1324
6889 6797
6156 408
1742 4052
6494 3537
6581 3169
4460 776
1541 3646
1005 755
2031 4457
2102 4072
6907 3349
3820 6820
2811 5353
3182 4670
5576 5768
1903 6769
754 4805
5667 5480
5783 3756
554 4138
3662 4105
1756 5696
5848 4282
2371 1889
5747 4807
4368 6836
6275 6126
1491 2459
6250 5021
5198 2525
6630 934
1843 3317
5823 5287
576 4321
6085 3416
6084 4548
637 967
2079 2772
3316 2419
3799 1909
2265 1445
2734 6861
300 5040
6023 1085
4677 2953
3504 6116
185 4582
4784 2344
2379 5317
1997 5716
1511 6053
117 3268
3923 1065
3050 5454
5878 4336
1305 4601
6324 3743
4915 2932
2705 349
4050 3908
6839 4316
3778 2373
6286 3227
2220 4271
3303 4074
6739 4633
4668 2845
5988 3863
6143 2944
2433 1810
2593 4939
1189 5954
4684 1773
3039 2976
4295 1760
5795 1475
4568 1389
3490 4407
6535 3414
2349 1757
1544 2787
2090 6728
3962 3622
6568 4996
3915 1239
6149 4499
3689 3564
705 1126
3185 2609
859 2929
677 6518
6847 6815
6700 4474
5967 5345
5359 3489
6812 1009
2798 5195
2887 2496
2039 6046
157 2509
516 1253
5927 135
5950 6174
5786 2308
1226 4283
4960 1307
6335 3356
5516 1785
4719 5115
1694 2019
5412 1601
2555 899
6371 5766
4692 6221
3523 4572
4866 5656
3681 219
3097 4672
878 3333
3593 3168
6714 4032
2947 3706
1496 671
1685 1847
2041 1191
1517 3111
5033 635
5701 2908
1639 5090
3448 5400
1324 1726
6797 5767
408 4984
4052 2982
3537 3628
3169 226
776 4919
3646 5778
755 6521
4457 843
4072 2522
3349 1911
6820 1862
5353 4018
4670 6232
5768 2030
6769 2275
4805 6499
5480 2640
3756 6290
4138 133
4105 6487
5696 6915
4282 6201
1889 1040
4807 2145
6836 464
6126 3729
2459 2784
5021 3984
2525 3222
934 5677
3317 1154
5287 4076
4321 3896
3416 5531
4548 1117
967 4694
2772 959
2419 5604
1909 5063
1445 1818
6861 1490
5040 34
1085 6461
2953 2119
6116 3596
4582 5266
2344 3751
5317 1610
5716 5334
6053 88
3268 1841
1065 2523
5454 2553
4336 5797
4601 5868
3743 1080
2932 5873
349 4609
3908 4003
4316 6852
2373 798
3227 2131
4271 302
4074 3432
4633 5892
2845 3043
3863 2891
2944 1406
1810 6045
4939 4249
5954 573
1773 6068
2976 625
1760 5064
1475 1054
1389 345
4407 5339
3414 3736
1757 3093
2787 6326
6728 4947
3622 2602
4996 4398
1239 5811
4499 1516
3564 5854
1126 467
2609 1188
2929 5764
6518 569
6815 2485
4474 5474
5345 4662
3489 2776
1009 3461
5195 4955
2496 4983
6046 2408
2509 4837
1253 2238
135 1203
6174 5455
2308 6013
4283 4115
1307 4035
3356 1623
1785 5380
5115 3519
2019 274
1601 1524
899 5243
5766 3940
6221 3306
4572 3853
5656 6649
219 3344
4672 6786
3333 2073
3168 5675
4032 3245
3706 3676
671 4123
1847 2949
1191 3694
3111 719
635 1851
2908 2172
5090 2461
5400 1632
1726 3426
5767 6303
4984 4841
2982 5756
3628 4656
226 5053
4919 5277
5778 327
6521 1344
843 6802
2522 6764
1911 4967
1862 6073
4018 5638
6232 1558
2030 5976
2275 2652
6499 1779
2640 6207
6290 6592
133 5617
6487 1853
6915 5814
6201 5286
1040 3567
2145 6263
464 4080
3729 1112
2784 3088
3984 1744
3222 315
5677 4323
1154 1687
4076 2957
3896 4524
5531 5285
1117 4654
4694 5668
959 4546
5604 4264
5063 2785
1818 1718
1490 2211
34 6892
6461 5939
2119 6903
3596 2151
5266 918
3751 4218
1610 5648
5334 3816
88 6498
1841 5790
2523 2133
2553 3278
5797 2316
5868 5354
1080 865
5873 4727
4609 3103
4003 4405
6852 4921
798 3224
2131 3149
302 6748
3432 5651
5892 1752
3043 1132
2891 6566
1406 384
6045 3379
4249 1296
573 1229
6068 1369
625 1121
5064 6440
1054 260
345 4183
5339 5390
3736 4505
3093 2382
6326 1118
4947 3032
2602 5867
4398 2724
5811 4756
1516 407
5854 2587
467 5093
1188 6144
5764 4823
569 3651
2485 3139
5474 4728
4662 1531
2776 203
3461 4120
4955 6096
4983 758
2408 186
4837 4159
2238 5855
1203 2109
5455 2956
6013 3322
4115 5749
4035 495
1623 1356
5380 4642
3519 24
274 3801
1524 6602
5243 2209
3940 1762
3306 2911
3853 5174
6649 5893
3344 1898
6786 1021
2073 2014
5675 3979
3245 4801
3676 434
4123 5234
2949 6209
3694 6905
719 2416
1851 298
2172 5242
2461 5843
1632 27
3426 4436
6303 5523
4841 4724
5756 6105
4656 1234
5053 2126
5277 4000
327 1571
1344 2400
6802 4479
6764 6158
4967 2246
6073 2653
5638 5032
1558 6473
5976 528
2652 1018
1779 5753
6207 5813
6592 5190
5617 945
1853 3574
5814 4865
5286 4977
3567 6912
6263 6788
4080 910
1112 2444
3088 5451
1744 543
315 6113
4323 5338
1687 799
2957 3164
4524 5572
5285 3209
4654 1233
5668 4168
4546 5110
4264 3073
2785 2302
1718 119
2211 3837
6892 1379
5939 6767
6903 3566
2151 2388
918 4972
4218 5687
5648 1450
3816 6297
6498 3604
5790 4625
2133 633
3278 4766
2316 2583
5354 2361
865 3129
4727 1105
3103 4810
4405 3990
4921 4030
3224 3498
3149 2763
6748 3282
5651 368
1752 921
1132 1478
6566 2269
384 653
3379 6528
1296 1575
1229 4543
1369 4173
1121 4603
6440 1677
260 4836
4183 4528
5390 2162
4505 4681
2382 1923
1118 2072
3032 3193
5867 5573
2724 6103
4756 3913
407 217
2587 1017
5093 2738
6144 358
4823 1941
3651 41
3139 5411
4728 2795
1531 6331
203 4441
4120 420
6096 2240
758 4879
186 631
4159 4833
5855 2793
2109 1396
2956 129
3322 977
5749 5391
495 4901
1356 1030
4642 95
24 4014
3801 1782
6602 684
2209 4873
1762 1663
2911 4830
5174 6196
5893 4395
1898 331
1021 1378
2014 2536
3979 3650
4801 3384
434 1171
5234 717
6209 3731
6905 4593
2416 5522
298 1119
5242 546
5843 2691
27 5492
4436 2950
5523 1813
4724 6377
6105 5678
1234 1732
2126 4362
4000 3616
1571 2050
2400 6379
4479 6480
6158 2347
2246 2173
2653 1966
5032 6726
6473 4408
528 6664
1018 5375
5753 4558
5813 4941
5190 4221
945 5326
3574 6582
4865 2366
4977 3160
6912 6871
6788 6590
910 59
2444 1193
5451 6070
543 1237
6113 3228
5338 3027
799 602
3164 1638
5572 6325
3209 2735
1233 387
4168 4318
5110 4252
3073 6559
2302 5307
119 5810
3837 2765
1379 356
6767 4774
3566 1175
2388 5723
4972 561
5687 5300
1450 5602
6297 5329
3604 4482
4625 6729
633 6065
4766 3390
2583 1032
2361 2875
3129 2715
1105 3232
4810 6059
3990 2885
4030 3285
3498 4744
2763 2814
3282 3720
368 2677
921 281
1478 2668
2269 4755
653 6809
6528 1532
1575 5154
4543 6456
4173 154
4603 3038
1677 5694
4836 6832
4528 1007
2162 4560
4681 844
1923 5872
2072 4640
3193 1595
5573 2088
6103 1485
3913 4733
217 6125
1017 4791
2738 2328
358 1098
1941 1975
41 5182
5411 742
2795 931
6331 5239
4441 1391
420 6086
2240 1128
4879 574
631 4061
4833 2803
2793 1821
1396 3261
129 4504
977 2358
5391 6810
4901 5371
1030 58
95 2512
4014 2520
1782 5841
684 3948
4873 61
1663 3624
4830 3213
6196 1704
4395 1075
331 5483
1378 2824
2536 1211
3650 2475
3384 5346
1171 4963
717 5427
3731 1625
4593 3919
5522 4503
1119 292
546 2813
2691 1223
5492 4765
2950 5738
1813 2607
6377 811
5678 3830
1732 6030
4362 1627
3616 4749
2050 5641
6379 6684
6480 3894
2347 2660
2173 6490
1966 1174
6726 5489
4408 5162
6664 613
5375 4989
4558 439
4941 1025
4221 3325
5326 2913
6582 4034
2366 3101
3160 1213
6871 3135
6590 4273
59 883
1193 2335
6070 1573
1237 6074
3228 2044
3027 2007
602 6186
1638 450
6325 3081
2735 2153
387 1741
4318 2320
4252 3105
6559 668
5307 3458
5810 582
2765 409
356 5302
4774 6575
1175 2047
5723 1149
561 3371
5300 4854
5602 1668
5329 4514
4482 4369
6729 1082
6065 2617
3390 741
1032 6119
2875 6093
2715 836
3232 4645
6059 6720
2885 4093
3285 4743
4744 4319
2814 1506
3720 5730
2677 6599
281 733
2668 2889
4755 121
6809 6643
1532 4653
5154 5461
6456 4798
154 6231
3038 4691
5694 3530
6832 5254
1007 5116
4560 1994
844 5409
5872 1656
4640 1115
1595 4167
2088 5945
1485 1765
4733 2505
6125 3122
4791 3817
2328 6770
1098 2533
1975 2242
5182 469
742 4768
931 1169
5239 4607
1391 4964
6086 1044
1128 4116
574 6865
4061 5743
2803 2544
1821 6056
3261 6689
4504 6233
2358 2832
6810 2849
5371 236
58 179
2512 5274
2520 3403
5841 4294
3948 5463
61 5809
3624 5133
3213 206
1704 3098
1075 939
5483 1574
2824 1167
1211 1231
2475 3003
5346 5517
4963 6348
5427 6342
1625 52
3919 2036
4503 4903
292 4100
2813 4006
1223 6496
4765 4480
5738 4443
2607 107
811 3710
3830 1691
6030 6288
1627 1306
4749 3623
5641 1074
6684 141
3894 3070
2660 2866
6490 2392
1174 5592
5489 5719
5162 5737
613 6603
4989 5875
439 4112
1025 3468
3325 4059
2913 3147
4034 4711
3101 6099
1213 4007
3135 2266
4273 3563
883 2291
2335 1308
1573 3042
6074 722
2044 290
2007 3239
6186 3963
450 4578
3081 1023
2153 1013
1741 4400
2320 1366
3105 2897
668 6475
3458 3881
582 5808
409 5373
5302 1470
6575 6690
2047 2926
1149 4566
3371 6682
4854 4777
1668 3759
4514 1122
4369 800
1082 1671
2617 2232
741 1372
6119 5058
6093 2385
836 1950
4645 4943
6720 555
4093 5565
4743 3967
4319 1750
1506 3924
5730 2554
6599 5122
733 2040
2889 112
121 3029
6643 19
4653 5087
5461 1502
4798 571
6231 5042
4691 4342
3530 3858
5254 6393
5116 5683
1994 3930
5409 5248
1656 2757
1115 5238
4167 3496
5945 3992
1765 2307
2505 4883
3122 3535
3817 4763
6770 3664
2533 892
2242 5942
469 2270
4768 6087
1169 2254
4607 5118
4964 1031
1044 6486
4116 4425
6865 5333
5743 2893
2544 3782
6056 6050
6689 1572
6233 512
2832 2239
2849 4311
236 143
179 1143
5274 2855
3403 1935
4294 3279
5463 4240
5809 6555
5133 4145
206 1598
3098 6569
939 2436
1574 1225
1167 3653
1231 6869
3003 3137
5517 5948
6348 5247
6342 3387
52 5314
2036 2077
4903 2348
4100 4132
4006 6459
6496 3012
4480 2106
4443 1651
107 5844
3710 6807
1691 2749
6288 85
1306 6512
3623 6184
1074 2376
141 1272
3070 2201
2866 718
2392 2556
5592 1736
5719 4738
5737 3201
6603 4327
5875 1518
4112 4232
3468 5175
4059 5271
3147 1501
4711 5257
6099 2208
4007 5450
2266 5665
3563 5640
2291 3683
1308 4821
3042 2183
722 4754
290 2386
3239 4520
3963 6240
4578 4300
1023 3172
1013 2862
4400 4186
1366 5781
2897 357
6475 6249
3881 4384
5808 4855
5373 6637
1470 4190
6690 1455
2926 5497
4566 3212
6682 3666
4777 1292
3759 3960
1122 2959
800 2487
1671 5408
2232 2540
1372 820
5058 3259
2385 2017
1950 6332
4943 2497
555 511
5565 4658
3967 3407
1750 5581
3924 3252
2554 1309
5122 5459
2040 6241
112 4753
3029 6636
19 5731
5087 3116
1502 3690
571 6696
5042 3584
4342 4353
3858 2070
6393 1768
5683 2237
3930 3728
5248 1437
2757 380
5238 2404
3496 2313
3992 1456
2307 3374
4883 6561
3535 6661
4763 2154
3664 2992
892 830
5942 3595
2270 3424
6087 5173
2254 3002
5118 6447
1031 4330
6486 1814
4425 2781
5333 1884
2893 2750
3782 1394
6050 3576
1572 651
512 4442
2239 3181
4311 2391
143 4945
1143 3014
2855 4885
1935 3422
3279 5758
4240 4127
6555 609
4145 4383
1598 1481
6569 600
2436 3460
1225 39
3653 6580
6869 125
3137 4347
5948 4435
5247 2440
3387 6037
5314 4608
2077 6672
2348 3352
4132 6805
6459 269
3012 5365
2106 3819
1651 145
5844 5905
6807 6750
2749 3495
85 5599
6512 3200
6184 814
2376 6560
1272 3613
2201 4522
718 6588
2556 6787
1736 5479
4738 5104
3201 6042
4327 1019
1518 723
4232 2134
5175 1669
5271 5616
1501 6620
5257 4860
2208 3166
5450 1198
5665 4179
5640 6793
3683 1585
4821 1619
2183 4075
4754 5690
2386 1566
4520 3693
6240 5155
4300 4840
3172 3750
2862 2435
4186 6289
5781 5759
357 4799
6249 1289
4384 6223
4855 4858
6637 3211
4190 5433
1455 3459
5497 1967
3212 4243
3666 1860
1292 2611
3960 6339
2959 5725
2487 6153
5408 209
2540 5405
820 5057
3259 821
2017 3319
6332 3074
2497 1363
511 1164
4658 6844
3407 5589
5581 768
3252 4088
1309 1027
5459 5424
6241 3999
4753 6758
6636 2271
5731 1006
3116 924
3690 6450
6696 1786
3584 887
4353 2336
2070 4490
1768 1807
2237 4255
3728 4886
1437 6922
380 6874
2404 6919
2313 5740
1456 4887
3374 6725
6561 1298
6661 3798
2154 2777
2992 6421
830 4517
3595 2413
3424 3708
5173 1068
3002 3883
6447 4012
4330 6245
1814 1872
2781 3121
1884 4185
2750 459
1394 4013
3576 2517
651 5076
4442 3469
3181 1505
2391 3040
4945 1725
3014 3807
4885 1419
3422 3713
5758 632
4127 6554
609 3884
4383 808
1481 3233
600 509
3460 3112
39 2283
6580 3668
125 5746
4347 5726
4435 2983
2440 6712
6037 781
4608 3873
6672 4157
3352 2111
6805 2661
269 4010
5365 1665
3819 3019
145 3669
5905 3860
6750 3437
3495 4619
5599 2731
3200 4147
814 535
6560 4875
3613 2110
4522 1796
6588 347
6787 6507
5479 715
5104 3159
6042 961
1019 2210
723 6027
2134 5414
1669 5136
5616 4969
6620 4688
4860 1959
3166 2085
1198 1385
4179 1961
6793 4216
1585 3447
1619 481
4075 4877
5690 2256
1566 271
3693 6345
5155 2233
4840 3579
3750 1652
2435 2306
6289 5838
5759 67
4799 5258
1289 4637
6223 338
4858 795
3211 948
5433 4596
3459 5360
1967 4473
4243 721
1860 3059
2611 4332
6339 4297
5725 5891
6153 3608
209 1113
5405 6160
5057 2984
821 3375
3319 740
3074 353
1363 536
1164 1891
6844 3813
5589 5734
768 233
4088 243
1027 3016
5424 6601
3999 5850
6758 5389
2271 926
1006 2094
924 5081
6450 2048
1786 2528
887 4025
2336 3454
4490 1397
1807 4648
4255 2981
4886 6589
6922 3793
6874 3655
6919 4171
5740 1497
4887 3539
6725 2243
1298 2870
3798 6470
2777 2529
6421 4136
4517 3314
2413 2149
3708 3491
1068 6616
3883 4313
4012 3680
6245 4097
1872 6632
3121 4862
4185 6655
459 6670
4013 2634
2517 5626
5076 5916
3469 1592
1505 6169
3040 5794
1725 3717
3807 638
1419 1973
3713 897
632 425
6554 1710
3884 1986
808 4553
3233 6386
509 2681
3112 3118
2283 1579
3668 5282
5746 5255
5726 3216
2983 1454
6712 1908
781 102
3873 2632
4157 4802
2111 43
2661 319
4010 3998
1665 80
3019 1976
3669 6282
3860 2860
3437 801
4619 2809
2731 3309
4147 5224
535 189
4875 5554
2110 101
1796 4448
347 428
6507 6246
715 6834
3159 5475
961 5041
2210 751
6027 6090
5414 1291
5136 1107
4969 3509
4688 6306
1959 5385
2085 3206
1385 412
1961 4687
4216 1271
3447 2378
481 5413
4877 4437
2256 1647
271 785
6345 4870
2233 4809
3579 4254
1652 5216
2306 405
5838 1165
67 4773
5258 1269
4637 4210
338 3718
795 5292
948 1563
4596 6858
5360 3886
4473 187
721 5120
3059 6800
4332 4403
4297 5458
5891 4028
3608 367
1113 3789
6160 2476
2984 891
3375 4388
740 1770
353 76
536 4935
1891 4871
3813 542
5734 594
233 2055
243 2931
3016 183
6601 6170
5850 1905
5389 1582
926 4207
2094 2672
5081 5245
2048 6089
2528 4475
4025 2720
3454 1521
1397 4527
4648 5263
2981 6327
6589 3771
3793 3866
3655 5908
4171 5080
1497 1962
3539 3812
2243 5305
2870 1567
6470 4114
2529 1883
4136 4597
3314 4214
2149 3236
3491 2305
6616 2065
4313 689
3680 4906
4097 4366
6632 5559
4862 4256
6655 3540
6670 1700
2634 60
5626 6775
5916 448
1592 350
6169 601
5794 5739
3717 2202
638 2848
1973 5176
897 6199
425 103
1710 3777
1986 766
4553 4130
6386 6422
2681 4462
3118 51
1579 2498
5282 6594
5255 3049
3216 2362
1454 6562
1908 6415
102 6081
2632 845
4802 32
43 1621
319 4182
3998 4800
80 725
1976 5404
6282 5437
2860 4333
801 1848
2809 6092
3309 5989
5224 5482
189 5196
5554 5071
101 3557
4448 116
428 893
6246 4994
6834 3347
5475 3611
5041 2909
751 3248
6090 4487
1291 3796
1107 6320
3509 1246
6306 6205
5385 4213
3206 6849
412 4736
4687 5515
1271 5537
2378 2615
5413 2566
4437 515
1647 6428
785 3025
4870 2713
4809 6376
4254 6418
5216 4090
405 75
1165 763
4773 5276
1269 1015
4210 6596
3718 4970
5292 2879
1563 4894
6858 4878
3886 4616
187 5163
5120 3739
6800 3389
4403 2337
5458 2788
4028 2643
367 699
3789 2638
2476 2667
891 5493
4388 2352
1770 3177
76 6279
4935 2299
4871 3843
542 6688
594 6202
2055 930
2931 5229
183 6479
6170 5961
1905 427
1582 6711
4207 2123
2672 1101
5245 1589
6089 3755
4475 1413
2720 3697
1521 6835
4527 3721
5263 898
6327 4203
3771 4869
3866 1645
5908 6309
5080 5623
1962 6666
3812 6405
5305 162
1567 379
4114 5919
1883 4393
4597 93
4214 1790
3236 5361
2305 2835
2065 4908
689 2287
4906 1333
4366 2142
5559 4385
4256 289
3540 2086
1700 4929
60 2689
6775 1353
448 1332
350 974
601 745
5739 5364
2202 1881
2848 3828
5176 3786
6199 3419
103 3513
3777 3637
766 2729
4130 1061
6422 1503
4462 2160
51 2618
2498 3634
6594 6565
3049 4748
2362 2756
6562 2236
6415 1109
6081 1043
845 299
32 5983
1621 6929
4182 3290
4800 3045
725 1392
5404 451
5437 6857
4333 65
1848 482
6092 1657
5989 5014
5482 6502
5196 5840
5071 6060
3557 746
116 1495
893 2819
4994 1859
3347 333
3611 747
2909 2518
3248 4993
4487 1310
3796 2453
6320 608
1246 2296
6205 3571
4213 6827
6849 628
4736 3888
5515 5921
5537 2698
2615 2107
2566 623
515 1720
6428 6746
3025 3691
2713 6765
6376 4137
6418 3804
4090 3205
75 6302
763 1405
5276 432
1015 863
6596 2605
4970 4023
2879 2168
4894 2494
4878 2064
4616 3761
5163 1264
3739 3276
3389 4702
2337 1487
2788 2314
2643 1759
699 3055
2638 5570
2667 6501
5493 4710
2352 2286
3177 4204
6279 6338
2299 1882
3843 6574
6688 124
6202 548
930 881
5229 4181
6479 1016
5961 4708
427 2709
6711 1194
2123 1375
1101 5297
1589 4413
3755 619
1413 4107
3697 4817
6835 1053
3721 5001
898 6265
4203 156
4869 5236
1645 4379
6309 3712
5623 3619
6666 3818
6405 1236
162 2800
379 4020
5919 4723
4393 436
93 6189
1790 2869
5361 5128
2835 3372
4908 4242
2287 2538
1333 1955
2142 5959
4385 1977
289 5982
2086 3174
4929 3391
2689 2074
1353 6384
1332 4078
974 5707
745 5343
5364 2222
1881 935
3828 3797
3786 4288
3419 163
3513 5770
3637 6408
2729 2791
1061 6427
1503 48
2160 2169
2618 2462
3634 2167
6565 4102
4748 1337
2756 551
2236 2510
1109 3158
1043 5888
299 5191
5983 5884
6929 2451
3290 917
3045 3339
1392 6794
451 2360
6857 3004
65 6067
482 1039
1657 5200
5014 6647
6502 6446
5840 4056
6060 6600
746 2664
1495 268
2819 1513
1859 701
333 5584
747 2384
2518 3046
4993 5501
1310 3308
2453 3089
608 6015
2296 5661
3571 5150
6827 2059
628 2934
3888 6291
5921 3800
2698 2414
2107 3705
623 3425
1720 5943
6746 5349
3691 6623
6765 2644
4137 1393
3804 2988
3205 1162
6302 6771
1405 1614
432 3532
863 2029
2605 4206
4023 5244
2168 4577
2494 3434
2064 5912
3761 6294
1264 438
3276 1084
4702 2024
1487 4786
2314 4161
1759 5735
3055 2405
5570 6828
6501 5095
4710 286
2286 4630
4204 4602
6338 735
1882 3829
6574 6745
124 2013
548 1390
881 2773
4181 3401
1016 1711
4708 3612
2709 2628
1194 248
1375 552
5297 5917
4413 5510
619 5211
4107 181
4817 4068
1053 3123
5001 2060
6265 578
156 6784
5236 3435
4379 4391
3712 606
3619 4852
3818 4119
1236 2196
2800 6017
4020 1199
4723 3621
436 3957
6189 1446
2869 5931
5128 6133
3372 5903
4242 726
2538 2779
1955 1545
5959 3298
1977 3892
5982 5069
3174 1180
3391 3006
2074 2420
6384 3018
4078 2147
5707 2028
5343 1978
2222 4021
935 3258
3797 3652
4288 1963
163 1092
5770 4516
6408 1723
2791 3553
6427 4513
48 3
2169 3366
2462 5067
2167 1176
4102 1965
1337 489
551 120
2510 6734
3158 6873
5888 465
5191 5035
5884 2322
2451 4144
917 5881
3339 5220
6794 2895
2360 3911
3004 1079
6067 862
1039 2958
5200 5283
6647 1418
6446 1817
4056 3638
6600 5232
2664 3606
268 570
1513 1658
701 4789
5584 2550
2384 5532
3046 6925
5501 3280
3308 1361
3089 6510
6015 1091
5661 5999
5150 2027
2059 5619
2934 3478
6291 810
3800 1835
2414 1428
3705 4987
3425 940
5943 1103
5349 4660
6623 958
2644 6751
1393 3301
2988 634
1162 1049
6771 759
1614 4940
3532 1185
2029 927
4206 5826
5244 375
4577 2569
3434 5281
5912 4795
6294 5970
438 2532
1084 2936
2024 1259
4786 97
4161 3257
5735 5279
2405 2551
6828 3126
5095 4164
286 6162
4630 3672
4602 3600
735 1845
3829 5289
6745 3927
2013 4139
1390 6762
2773 5689
3401 5628
1711 6731
3612 5543
2628 3824
248 3269
552 6523
5917 493
5510 2978
5211 1214
181 3001
4068 1588
3123 3626
2060 2367
578 213
6784 2904
3435 1410
4391 153
606 6699
4852 706
4119 5862
2196 6131
6017 5038
1199 616
3621 4907
3957 5560
1446 3196
5931 394
6133 5595
5903 2854
726 5861
2779 3108
1545 3859
3298 2841
3892 398
5069 3077
1180 3521
3006 6930
2420 2822
3018 35
2147 5197
2028 4469
1978 3187
4021 902
3258 2888
3652 6707
1963 4998
1092 1546
4516 6248
1723 595
3553 2469
4513 936
3 2188
3366 3152
5067 5313
1176 2903
1965 205
489 4551
120 2592
6734 4937
6873 875
465 362
5035 5145
2322 3648
4144 647
5881 678
5220 202
2895 2546
3911 4549
1079 572
862 1304
2958 1008
5283 987
1418 5473
1817 2778
3638 6579
5232 656
3606 4281
570 3090
1658 3484
4789 4741
2550 636
5532 3921
6925 6009
3280 4834
1361 2596
6510 3814
1091 4079
5999 621
2027 3605
5619 1345
3478 3707
810 690
1835 4600
1428 4583
4987 423
940 1123
1103 4140
4660 3934
958 12
6751 5587
3301 5557
634 4410
1049 3351
759 2138
4940 2412
1185 3023
927 6851
5826 370
375 1463
2569 786
5281 396
4795 2280
5970 3321
2532 1469
2936 4345
1259 596
97 2892
3257 4126
5279 2330
2551 2454
3126 3412
4164 2016
6162 3670
3672 147
3600 305
1845 3933
5289 1618
3927 5477
4139 6763
6762 6466
5689 4714
5628 6506
6731 6445
5543 1712
3824 5170
3269 6803
6523 646
493 3204
2978 6483
1214 3144
3001 4409
1588 6867
3626 2081
2367 6742
213 6312
2904 3369
1410 4069
153 5023
6699 6818
706 4176
5862 4131
6131 3536
5038 231
616 4382
4907 3599
5560 1202
3196 3026
394 6000
5595 6213
2854 4897
5861 1477
3108 1629
3859 1998
2841 3428
398 1754
3077 2234
3521 970
6930 309
2822 2284
35 462
5197 1170
4469 6471
3187 5750
902 98
2888 6227
6707 5097
4998 3510
1546 385
6248 2919
595 4580
2469 1374
936 3950
2188 4257
3152 6716
5313 4991
2903 787
205 3051
4551 3475
2592 1764
4937 2695
875 3334
362 2601
5145 2009
3648 5864
647 270
678 5541
202 5679
2546 2737
4549 78
572 1819
1304 5363
1008 376
987 3986
5473 1267
2778 5611
6579 5374
656 68
4281 1914
3090 3487
3484 5591
4741 4298
636 6423
3921 6789
6009 4573
4834 485
2596 2701
3814 4351
4079 2700
621 3273
3605 4381
1345 622
3707 5547
690 5052
4600 2303
4583 4889
423 4794
1123 664
4140 3754
3934 5902
12 3028
5587 5540
5557 6127
4410 1907
3351 567
2138 2004
2412 3659
3023 5745
6851 5803
370 6432
1463 1158
786 949
396 6547
2280 2324
3321 4091
1469 5223
4345 1110
596 3898
2892 4693
4126 2397
2330 6139
2454 3661
3412 5193
2016 5456
3670 1906
147 4667
305 5934
3933 4189
1618 3446
5477 5471
6763 1670
6466 2207
4714 593
6506 1282
6445 1376
1712 4740
5170 6692
6803 4039
646 6885
3204 4062
6483 167
3144 1871
4409 2340
6867 4673
2081 1554
6742 3293
6312 4270
3369 1930
4069 3128
5023 2796
6818 3383
4176 5435
4131 998
3536 4757
231 3701
4382 2801
3599 5733
1202 5816
3026 5793
6000 6532
6213 4745
4897 813
1477 1769
1629 1812
1998 2472
3428 365
1754 3533
2234 2881
970 3765
309 5127
2284 241
462 3972
1170 871
6471 972
5750 6667
98 6899
6227 2850
5097 4892
3510 6394
385 2262
2919 1120
4580 901
1374 5378
3950 6179
4257 3956
6716 3822
4991 960
787 6749
3051 1362
3475 5293
1764 3654
2695 2288
3334 4184
2601 3832
2009 3591
5864 932
270 3203
5541 6430
5679 195
2737 1922
78 1667
1819 4228
5363 1646
376 2042
3986 4565
1267 3949
5611 413
5374 2896
68 4751
1914 5870
3487 2125
5591 6757
4298 3581
6423 4922
6789 1880
4573 5308
485 2939
2701 442
4351 2744
2700 5910
3273 5608
4381 1218
622 1100
5547 479
5052 2635
2303 20
4889 1915
4794 5966
664 6043
3754 5685
5902 648
3028 251
5540 1000
6127 3466
1907 5800
567 5703
2004 1899
3659 5901
5745 2025
5803 4491
6432 445
1158 760
949 849
6547 5533
2324 3253
4091 5621
5223 2535
1110 1834
3898 957
4693 3753
2397 3849
6139 730
3661 1336
5193 3449
5456 1702
1906 588
4667 1920
5934 457
4189 6704
3446 267
5471 2092
1670 5769
2207 2748
593 4399
1282 2105
1376 6028
4740 6210
6692 6404
4039 5015
6885 5674
4062 1377
167 175
1871 5016
2340 3545
4673 708
1554 626
3293 499
4270 3300
1930 1028
3128 2871
2796 5306
3383 4731
5435 1156
998 685
4757 3541
3701 2666
2801 6719
5733 2723
5816 1826
5793 620
6532 2491
4745 3944
813 4911
1769 700
1812 458
2472 5275
365 1512
3533 4329
2881 6553
3765 3524
5127 4392
241 3879
3972 5207
871 6897
972 6390
6667 3176
6899 4451
2850 5752
4892 21
6394 5754
2262 3188
1120 5199
901 4529
5378 4046
6179 1153
3956 1320
3822 2393
960 2137
6749 1277
1362 3922
5293 1290
3654 3635
2288 3398
4184 6504
3832 11
3591 5711
932 3667
3203 5649
6430 6329
195 1634
1922 4779
1667 3030
4228 265
1646 6235
2042 5017
4565 1387
3949 5410
413 6079
2896 4643
4751 2585
5870 5614
2125 5066
6757 5895
3581 6425
4922 1529
1880 4793
5308 4478
2939 5219
442 455
2744 5890
5910 1713
5608 652
1218 5705
1100 1738
479 1339
2635 2690
20 2022
1915 976
5966 3060
6043 89
5685 4822
648 2610
251 5496
1000 3431
3466 2389
5800 1869
5703 3022
1899 5044
5901 177
2025 4696
4491 5098
445 1697
760 2530
849 1430
5533 4988
3253 2221
5621 2589
2535 6341
1834 5824
957 5760
3753 1568
3849 4584
730 6823
1336 6363
3449 1536
1702 1038
588 4149
1920 1216
457 4468
6704 474
267 508
2092 6044
5769 1783
2748 5702
4399 1402
2105 4276
6028 3698
6210 6573
6404 2135
5015 1088
5674 82
1377 1857
175 17
5016 6115
3545 3085
708 6350
626 6242
499 5741
3300 1693
1028 4722
2871 2467
5306 3114
4731 6064
1156 5586
685 4421
3541 6856
2666 2515
6719 4574
2723 579
1826 4861
620 1951
2491 6253
3944 3354
4911 5387
700 6478
458 6132
5275 6586
1512 1201
4329 3752
6553 969
3524 174
4392 1749
3879 4912
5207 4153
6897 4229
6390 6656
3176 4973
4451 2218
5752 4047
21 2312
5754 5636
3188 383
5199 1626
4529 152
4046 6402
1153 2051
1320 2654
2393 672
2137 2429
1277 937
3922 3260
1290 1321
3635 5156
3398 2203
6504 1714
11 675
5711 4485
3667 4355
5649 4045
6329 5466
1634 3918
4779 2753
3030 2470
265 132
6235 5072
5017 1479
1387 3716
5410 4305
6079 1844
4643 6753
2585 2706
5614 614
5066 2479
5895 4199
6425 2966
1529 1992
4793 5653
4478 1051
5219 5344
455 2456
5890 4506
1713 2564
652 2157
5705 4483
1738 1829
1339 2665
2690 2489
2022 6095
976 6219
3060 3161
89 1509
4822 1537
2610 6893
5496 2301
3431 429
2389 2245
1869 2319
3022 4340
5044 2565
177 2213
4696 2177
5098 4496
1697 3329
2530 6736
1430 6627
4988 2164
2221 3289
2589 2808
6341 146
5824 3512
5760 1980
1568 1148
4584 2458
6823 4349
6363 3768
1536 208
1038 5091
4149 2877
1216 277
4468 841
474 1286
508 1706
6044 6
1783 5051
5702 5772
1402 5111
4276 5845
3698 4893
6573 5073
2135 5609
1088 1730
82 6549
1857 6517
17 6730
6115 4001
3085 5226
6350 1207
6242 4208
5741 6238
1693 2907
4722 4434
2467 3320
3114 5464
6064 5968
5586 5192
4421 5969
6856 401
2515 6234
4574 1209
579 3531
4861 6870
1951 3217
6253 239
3354 4636
5387 3133
6478 2263
6132 2507
6586 4689
1201 1314
3752 346
969 2078
174 2759
1749 1616
4912 3977
4153 3511
4229 5047
6656 1443
4973 4447
2218 4430
4047 3131
2312 4446
5636 6683
383 1515
1626 6492
152 4641
6402 4053
2051 3738
2654 5871
672 4981
2429 6262
937 5157
3260 5631
1321 5369
5156 3775
2203 797
1714 1311
675 4612
4485 6385
4355 6694
4045 498
5466 3573
3918 3207
2753 2163
2470 2747
132 199
5072 2390
1479 4404
3716 2746
4305 3783
1844 6397
6753 4343
2706 904
614 6644
2479 5430
4199 2037
2966 1133
1992 2282
5653 1861
1051 5718
5344 2833
2456 2116
4506 996
2564 5217
2157 2076
4483 828
1829 558
2665 6172
2489 1832
6095 4808
6219 6444
3161 3341
1509 1564
1537 321
6893 5721
2301 5597
429 5605
2245 4193
2319 6269
4340 3072
2565 6631
2213 3958
2177 964
4496 610
3329 1827
6736 2294
6627 6678
2164 4415
3289 4419
2808 23
146 5944
3512 4725
1980 4958
1148 1462
2458 4541
4349 5114
3768 1152
208 4916
5091 3464
2877 6774
277 1828
841 1620
1286 627
1706 3162
6 1688
5051 2816
5772 2257
5111 2338
5845 716
4893 525
5073 6152
5609 2935
1730 1060
6549 3840
6517 5438
6730 1789
4001 5085
5226 4272
1207 5311
4208 5250
6238 4143
2907 879
4434 4770
3320 6772
5464 650
5968 6489
5192 5498
5969 2685
401 3246
6234 661
1209 2471
3531 2295
6870 5698
3217 5117
239 2129
4636 3010
3133 982
2263 1885
2507 1599
4689 4803
1314 3373
346 807
2078 2603
2759 1157
1616 5189
3977 1012
3511 1069
5047 3117
1443 5304
4447 5428
4430 4066
3131 6894
4446 5358
6683 4622
1515 5645
6492 3904
4641 2394
4053 2951
3738 1323
5871 6782
4981 6888
6262 6123
5157 3140
5631 1342
5369 4559
3775 3774
797 348
1311 6685
4612 3061
6385 3286
6694 1673
498 2900
3573 3803
3207 77
2163 1467
2747 761
199 6193
2390 753
4404 6657
2746 4108
3783 6047
6397 468
4343 1178
904 6677
6644 6607
5430 47
2037 1971
1133 31
2282 1767
1861 310
5718 1083
2833 3942
2116 1816
996 5620
5217 5228
2076 1066
828 6220
558 6333
6172 5504
1832 291
4808 938
6444 5445
3341 4261
1564 3657
321 5907
5721 2278
5597 4096
5605 2732
4193 1482
6269 4626
3072 3935
6631 3964
3958 5722
964 2425
610 3598
1827 2251
2294 864
6678 218
4415 3456
4419 1926
23 6317
5944 2678
4725 3993
4958 1916
1462 1059
4541 3746
5114 5022
1152 6531
4916 6292
3464 1125
6774 868
1828 2141
1620 2437
627 131
3162 4926
1688 3876
2816 1617
2257 2380
2338 782
716 5551
525 2650
6152 971
2935 2089
1060 5399
3840 1526
5438 3561
1789 262
5085 5184
4272 5103
5311 1423
5250 5180
4143 326
879 6434
4770 6563
6772 5776
650 3455
6489 657
5498 2259
2685 339
3246 6454
661 3722
2471 6614
2295 5007
5698 925
5117 549
2129 4172
3010 3007
982 6365
1885 190
1599 1642
4803 6357
3373 138
807 4129
2603 3897
1157 6918
5189 3474
1012 5744
1069 750
3117 4431
5304 96
5428 4017
4066 5
6894 4545
5358 3102
4622 3062
5645 4750
3904 1334
2394 1624
2951 5629
1323 802
6782 4188
6888 2033
6123 1534
3140 1942
1342 2417
4559 5885
3774 207
348 5571
6685 1325
3061 2108
3286 2752
1673 4718
2900 769
3803 3284
77 1972
1467 3891
761 377
6193 3199
753 1480
6657 2229
4108 5524
6047 1383
468 3417
1178 2901
6677 591
6607 2998
47 5446
1971 4680
31 4262
1767 463
310 2334
1083 74
3942 5644
1816 4118
5620 6296
5228 1138
1066 790
6220 4752
6333 3699
5504 2573
291 1655
938 6638
5445 2514
4261 1583
3657 1758
5907 1215
2278 2843
4096 5913
2732 118
1482 5980
4626 3335
3935 4106
3964 4788
5722 164
2425 5546
3598 3688
2251 6063
864 4844
218 6352
3456 2061
1926 519
6317 4498
2678 2541
3993 720
1916 965
1059 6509
3746 1611
5022 520
6531 5777
6292 1440
1125 6218
868 6900
2141 4470
2437 2722
131 3730
4926 5105
3876 929
1617 1983
2380 2629
782 6032
5551 2146
2650 6272
971 2840
2089 5186
5399 3802
1526 727
3561 4703
262 642
5184 471
5103 3226
1423 5005
5180 3501
326 1602
6434 178
6563 6373
5776 3136
3455 541
657 1146
2259 1022
339 2828
6454 2503
3722 4576
6614 6928
5007 2823
925 6705
549 4394
4172 3396
3007 5260
6365 1262
190 6640
1642 6039
6357 3520
138 4339
4129 2613
3897 3415
6918 6541
3474 2543
5744 4151
750 3494
4431 2474
96 303
4017 1251
5 676
4545 4895
3102 5088
3062 3165
4750 6014
1334 4679
1624 4194
5629 5534
802 1590
4188 5880
2033 778
1534 3156
1942 3170
2417 5484
5885 4909
207 1034
5571 1735
1325 989
2108 2103
2752 360
4718 38
769 6698
3284 2857
1972 4230
3891 2104
377 842
3199 2575
1480 4825
2229 4532
5524 2694
1383 4910
3417 2488
2901 6019
591 4980
2998 3318
5446 500
4680 5332
4262 3887
463 1453
2334 2764
74 3506
5644 486
4118 5542
6296 2118
1138 4417
790 3254
4752 192
3699 1002
2573 568
1655 4258
6638 6460
2514 3467
1583 3869
1758 4291
1215 6495
2843 5264
5913 272
118 2697
5980 4380
3335 371
4106 4726
4788 2524
164 364
5546 424
3688 1578
6063 2561
4844 2272
6352 5842
2061 4426
519 2478
4498 2410
2541 3146
720 4401
965 3568
6509 3180
1611 667
520 6134
5777 4197
1440 3134
6218 4117
6900 5566
4470 1033
2722 1373
3730 3594
5105 1597
929 2817
1983 5059
2629 6372
6032 4931
2146 3867
6272 201
2840 5213
5186 4995
3802 2067
727 2619
4703 5301
642 5858
471 2577
3226 5985
5005 4523
3501 2806
1602 1172
178 1108
6373 3155
3136 4111
541 5775
1146 3346
1022 389
2828 316
2503 5925
4576 1609
6928 33
2823 1734
6705 2552
4394 4819
3396 815
5260 2261
1262 6344
6640 2622
6039 858
3520 128
4339 6117
2613 1594
3415 1934
6541 2448
2543 6829
4151 6838
3494 5123
2474 3223
303 3973
1251 5528
676 772
4895 4924
5088 6811
3165 6295
6014 4350
4679 1011
4194 6773
5534 6846
1590 4049
5880 6525
778 762
3156 3966
3170 682
5484 889
4909 1318
1034 4195
1735 1078
989 756
2103 4005
360 1408
38 3310
6698 1958
2857 3263
4230 5070
2104 3266
842 1808
2575 529
4825 2297
4532 2058
2694 5607
4910 1070
2488 791
6019 5632
4980 3947
3318 5601
500 777
5332 2399
3887 5986
1453 4985
2764 6354
3506 8
486 441
5542 6114
2118 2774
4417 6822
3254 6476
192 4455
1002 1244
568 3629
4258 2570
6460 6785
3467 2062
3869 5212
4291 2915
6495 6273
5264 366
272 3215
2697 6171
4380 1613
371 484
4726 391
2524 3905
364 6503
424 6359
1578 329
2561 5585
2272 5401
5842 1603
4426 3184
2478 13
2410 5068
3146 1275
4401 5896
3568 4060
3180 3186
667 228
6134 2415
4197 5323
3134 2861
4117 3100
5566 2363
1033 3265
1373 5158
3594 585
1597 1753
2817 3991
5059 3847
6372 1424
4931 4651
3867 5205
201 1395
5213 2971
4995 4064
2067 6455
2619 4084
5301 2227
5858 3609
2577 1129
5985 2991
4523 4990
2806 6448
1172 2839
1108 3885
3155 4966
4111 6435
5775 1654
3346 928
389 2624
316 2321
5925 1155
1609 805
33 5267
1734 3402
2552 4923
4819 483
815 359
2261 3376
6344 840
2622 6280
858 4890
128 5029
6117 2176
1594 1048
1934 2663
2448 3084
6829 2357
6838 5527
5123 5933
3223 3968
3973 674
5528 5577
772 5512
4924 4205
6811 3528
6295 6617
4350 161
