2560
1851 409
1851 1635
1851 2275
409 199
409 238
409 2403
409 537
1635 832
1635 558
2275 1754
199 1498
238 1027
238 2337
2403 1948
537 1575
537 1469
832 1976
558 603
1754 966
1498 1017
1498 671
1027 2249
1027 1115
2337 1669
1948 999
1948 1882
1575 1107
1575 566
1469 14
1976 646
1976 872
603 552
966 2441
1017 2326
1017 2342
671 2311
2249 1921
2249 1912
1115 888
1115 237
1669 672
999 1232
999 1021
1882 2144
1882 2339
1107 968
566 2302
566 838
14 2389
14 879
646 1598
646 812
872 1456
872 2132
552 2098
552 976
2441 1693
2326 359
2342 2150
2311 1977
2311 2548
1921 830
1912 2199
1912 2242
888 932
237 1940
672 220
1232 86
1021 330
2144 71
2339 2523
968 1491
2302 1321
2302 1458
838 1581
2389 1780
879 1537
1598 2037
812 1968
1456 261
2132 2297
2098 2232
976 1466
1693 1983
359 89
2150 865
1977 2346
2548 1710
830 85
2199 773
2242 2286
932 417
1940 775
220 1953
86 1196
330 252
71 331
2523 1633
1491 1594
1321 243
1458 2013
1581 643
1780 1330
1537 1886
2037 433
1968 2138
261 813
2297 704
2232 1465
1466 1805
1983 2174
89 783
865 528
2346 1993
1710 2506
85 1344
773 2465
2286 2536
417 2438
775 2380
1953 1862
1196 2437
252 1229
331 530
1633 2336
1594 2355
243 732
2013 1354
643 2201
1330 126
1886 1079
433 272
2138 1297
813 434
704 1789
1465 1515
1805 1022
2174 649
783 1520
528 945
1993 2139
2506 1202
1344 332
2465 2103
2536 2466
2438 984
2380 816
1862 1493
2437 1095
1229 474
530 776
2336 541
2355 1286
732 174
1354 1434
2201 1006
126 1315
1079 1767
272 759
1297 2468
434 1218
1789 1158
1515 1266
1022 2537
649 398
1520 1744
945 844
2139 2517
1202 1046
332 1322
2103 869
2466 2165
984 2421
816 915
1493 1152
1095 1826
474 2026
776 1969
541 2226
1286 1876
174 1580
1434 1454
1006 1865
1315 645
1767 1029
759 1900
2468 1566
1218 908
1158 2012
1266 1897
2537 2528
398 52
1744 2127
844 1499
2517 137
1046 93
1322 25
869 1533
2165 469
2421 1296
915 2109
1152 1122
1826 2423
2026 1117
1969 1157
2226 2341
1876 1843
1580 1203
1454 2439
1865 1032
645 2025
1029 1327
1900 1852
1566 161
908 1608
2012 2473
1897 986
2528 2516
52 2414
2127 1995
1499 314
137 1243
93 2366
25 2522
1533 1795
469 860
1296 651
2109 2456
1122 722
2423 589
1117 2200
1157 2225
2341 298
1843 1020
1203 1127
2439 1829
1032 1145
2025 1721
1327 1036
1852 1278
161 95
1608 2394
2473 1200
986 687
2516 1707
2414 2298
1995 2045
314 1300
1243 2135
2366 61
2522 472
1795 1425
860 2227
651 172
2456 283
722 2272
589 764
2200 1654
2225 2245
298 835
1020 1269
1127 337
1829 1512
1145 2188
1721 129
1036 1854
1278 658
95 1109
2394 2525
1200 435
687 2555
1707 360
2298 1257
2045 441
1300 1326
2135 1544
61 1613
472 97
1425 1738
2227 2099
172 305
283 771
2272 507
764 1312
1654 1043
2245 160
835 1428
1269 801
337 1282
1512 1673
2188 2011
129 394
1854 1873
658 727
1109 850
2525 1291
435 1501
2555 139
360 130
1257 1077
441 502
1326 1923
1544 2028
1613 629
97 2134
1738 1755
2099 2254
305 254
771 1684
507 1298
1312 40
1043 401
160 2471
1428 987
801 916
1282 518
1673 193
2011 2125
394 1946
1873 1518
727 2444
850 1636
1291 1496
1501 1047
139 1904
130 909
1077 1617
502 181
1923 281
2028 37
629 597
2134 2093
1755 4
2254 1423
254 244
1684 599
1298 1607
40 1415
401 911
2471 413
987 1303
916 676
518 225
193 1514
2125 877
1946 2320
1518 2010
2444 1677
1636 975
1496 1640
1047 2310
1904 379
909 1271
1617 48
181 1722
281 444
37 253
597 1664
2093 1751
4 563
1423 2449
244 737
599 1879
1607 2273
1415 1818
911 1221
413 1368
1303 2301
676 839
225 32
1514 2428
877 2243
2320 1716
2010 59
1677 117
975 195
1640 2101
2310 2541
379 2202
1271 134
48 432
1722 1379
444 1373
253 125
1664 2359
1751 1217
563 719
2449 96
737 2303
1879 2002
2273 842
1818 1427
1221 1254
1368 2410
2301 2163
839 1060
32 1251
2428 580
2243 1409
1716 2552
59 19
117 1999
195 329
2101 2005
2541 2370
2202 679
134 2534
432 87
1379 167
1373 2090
125 338
2359 1393
1217 213
719 868
96 820
2303 103
2002 1482
842 2543
1427 2276
1254 455
2410 1630
2163 2143
1060 1750
1251 569
580 2279
1409 2504
2552 157
19 1083
1999 587
329 311
2005 38
2370 2472
679 1044
2534 1219
87 2044
167 1039
2090 920
338 1964
1393 520
213 1091
868 1706
820 1807
103 644
1482 1034
2543 2121
2276 2253
455 1299
1630 942
2143 1842
1750 102
569 2351
2279 1460
2504 2500
157 848
1083 407
587 2118
311 978
38 696
2472 2003
1044 1507
1219 906
2044 2266
1039 1672
920 66
1964 1618
520 2288
1091 248
1706 197
1807 904
644 1025
1034 229
2121 714
2253 109
1299 2146
942 1451
1842 1013
102 2462
2351 106
1460 924
2500 357
848 1503
407 2313
2118 452
978 485
696 2035
2003 442
1507 2112
906 268
2266 1680
1672 295
66 1676
1618 1810
2288 328
248 784
197 290
904 1473
1025 747
229 2282
714 1328
109 725
2146 1649
1451 2314
1013 2463
2462 1160
106 2244
924 1571
357 2309
1503 710
2313 1961
452 1338
485 1698
2035 179
442 389
2112 2531
268 1479
1680 1340
295 2267
1676 2240
1810 173
328 201
784 1517
290 2430
1473 1869
747 265
2282 1511
1328 2167
725 792
1649 1102
2314 1295
2463 1226
1160 1938
2244 529
1571 1238
2309 2442
710 2222
1961 1250
1338 2396
1698 1189
179 739
389 460
2531 100
1479 1452
1340 2335
2267 1812
2240 638
173 1766
201 923
1517 774
2430 1542
1869 2024
265 1140
1511 1868
2167 2184
792 829
1102 2058
1295 1768
1226 2420
1938 2231
529 88
1238 669
2442 2179
2222 240
1250 276
2396 770
1189 65
739 1639
460 2269
100 43
1452 1037
2335 535
1812 1495
638 293
1766 631
923 2129
774 1394
1542 116
2024 2353
1140 1749
1868 802
2184 991
829 592
2058 2455
1768 397
2420 953
2231 370
88 841
669 761
2179 791
240 526
276 576
770 685
65 323
1639 1925
2269 2206
43 583
1037 1424
535 628
1495 1741
293 2183
631 1966
2129 707
1394 1119
116 2319
2353 259
1749 675
802 2395
991 1398
592 2256
2455 1362
397 1802
953 1564
370 751
841 973
761 500
791 308
526 1187
576 789
685 1389
323 2496
1925 1082
2206 1430
583 686
1424 919
628 1811
1741 2529
2183 996
1966 2069
707 2467
1119 1093
2319 1637
259 1745
675 2016
2395 884
1398 1240
2256 2193
1362 2372
1802 1600
1564 2066
751 144
973 1866
500 1339
308 1762
1187 208
789 2532
1389 1838
2496 241
1082 527
1430 510
686 1772
919 1653
1811 1150
2529 49
996 192
2069 586
2467 1116
1093 914
1637 1841
1745 418
2016 1987
884 499
1240 2422
2193 2368
2372 309
1600 2168
2066 1042
144 1747
1866 1924
1339 922
1762 1777
208 1814
2532 1024
1838 2402
241 1108
527 402
510 1525
1772 2190
1653 1211
1150 567
49 275
192 1822
586 1549
1116 2095
914 2077
1841 2413
418 135
1987 1526
499 1871
2422 371
2368 807
309 1360
2168 684
1042 1926
1747 185
1924 2560
922 666
1777 98
1814 690
1024 376
2402 473
1108 1402
402 336
1525 673
2190 1554
1211 385
567 1000
275 136
1822 1759
1549 57
2095 635
2077 1990
2413 1893
135 600
1526 2159
1871 2557
371 1920
807 1035
1360 1396
684 476
1926 1281
185 1739
2560 1985
666 944
98 2274
690 150
376 1056
473 1883
1402 470
336 796
673 2553
1554 2169
385 1094
1000 232
136 2252
1759 81
57 746
635 2131
1990 257
1893 1285
600 1820
2159 105
2557 1666
1920 1864
1035 738
1396 1848
476 745
1281 682
1739 2067
1985 2083
944 1606
2274 1408
150 1448
1056 2425
1883 461
470 539
796 1364
2553 980
2169 1941
1094 1294
232 1222
2252 1174
81 1359
746 1484
2131 1623
257 1732
1285 981
1820 1508
105 970
1666 122
1864 1671
738 938
1848 1513
745 1595
682 2392
2067 72
2083 1288
1606 2295
1408 1331
1448 1438
2425 1403
461 296
539 498
1364 151
980 114
1941 2209
1294 492
1222 176
1174 56
1359 200
1484 1551
1623 1954
1732 2130
981 1806
1508 1114
970 324
122 568
1671 894
938 2452
1513 2424
1595 806
2392 1601
72 112
1288 431
2295 446
1331 2147
1438 453
1403 2505
296 1414
498 2031
151 347
114 342
2209 8
492 1782
176 1
56 969
200 1383
1551 400
1954 1527
2130 2447
1806 723
1114 180
324 2312
568 1719
894 1958
2452 383
2424 271
806 1471
1601 1167
112 438
431 961
446 2038
2147 227
453 2450
2505 1783
1414 763
2031 1239
347 557
342 497
8 250
1782 1832
1 15
969 1277
1383 1970
400 1786
1527 1816
2447 74
723 1813
180 964
2312 41
1719 50
1958 1561
383 1443
271 382
1471 2191
1167 365
438 1357
961 1965
2038 2290
227 1890
2450 550
1783 2521
763 2324
1239 2357
557 1334
497 1828
250 2460
1832 1253
15 90
1277 713
1970 391
1786 959
1816 6
74 1548
1813 1704
964 893
41 866
50 846
1561 955
1443 943
382 1715
2191 2006
365 1713
1357 1534
1965 2149
2290 2321
1890 2322
550 711
2521 903
2324 1055
2357 2328
1334 119
1828 1730
2460 2105
1253 1881
90 1619
713 142
391 2158
959 2469
6 491
1548 364
1704 1463
893 1070
866 1742
846 663
955 378
943 1567
1715 1949
2006 1916
1713 1336
1534 2383
2149 564
2321 1139
2322 31
711 1076
903 408
1055 183
2328 1335
119 1774
1730 1134
2105 946
1881 1856
1619 2014
142 1668
2158 1087
2469 2194
491 717
364 449
1463 910
1070 1153
1742 1181
663 2419
378 1689
1567 912
1949 2198
1916 1323
1336 2507
2383 1270
564 1660
1139 459
31 2059
1076 1382
408 545
183 1369
1335 2440
1774 787
1134 1123
946 2325
1856 1472
2014 75
1668 1206
1087 640
2194 340
717 2277
449 570
910 2211
1153 1467
1181 956
2419 1922
1689 1784
912 493
2198 46
1323 2400
2507 659
1270 571
1660 2464
459 1746
2059 1748
1382 2136
545 1588
1369 627
2440 1261
787 891
1123 616
2325 2108
1472 670
75 882
1206 878
640 2495
340 698
2277 1831
570 1252
2211 277
1467 2148
956 1209
1922 249
1784 1072
493 445
46 709
2400 1041
659 604
571 753
2464 2524
1746 780
1748 608
2136 1629
1588 315
627 1523
1261 1788
891 148
616 2331
2108 926
670 216
882 11
878 1725
2495 1118
698 779
1831 440
1252 2333
277 2488
2148 772
1209 202
249 2503
1072 1098
445 2307
709 2247
1041 2140
604 1764
753 395
2524 1126
780 680
608 149
1629 2268
315 2262
1523 1576
1788 622
148 1347
2331 294
926 1361
216 601
11 489
1725 424
1118 448
779 1242
440 1292
2333 524
2488 437
772 1997
202 1695
2503 2065
1098 896
2307 310
2247 1110
2140 1860
1764 892
395 1173
1126 138
680 2008
149 2264
2268 1801
2262 1889
1576 2401
622 292
1347 578
294 1824
1361 2470
601 1201
489 1128
424 333
448 190
1242 1734
1292 2293
524 416
437 1142
1997 1342
1695 716
2065 1836
896 1547
310 2490
1110 933
1860 246
892 363
1173 1685
138 1798
2008 467
2264 2145
1801 1272
1889 9
2401 2257
292 415
578 39
1824 630
2470 1228
1201 721
1128 1397
333 513
190 1212
1734 2047
2293 1779
416 655
1142 814
1342 221
716 1105
1836 657
1547 2214
2490 140
933 1996
246 2454
363 73
1685 1989
1798 204
467 2007
2145 1516
1272 1071
9 2086
2257 1049
415 245
39 1358
630 1723
1228 209
721 1975
1397 2514
513 33
1212 1009
2047 2018
1779 419
655 2391
814 1552
221 1262
1105 1771
657 1367
2214 1800
140 451
1996 2229
2454 755
73 804
1989 2236
204 712
2007 1100
1516 247
1071 320
2086 165
1049 1622
245 752
1358 811
1723 1404
209 1683
1975 480
2514 12
33 702
1009 1906
2018 799
419 1436
2391 223
1552 577
1262 1028
1771 743
1367 1175
1800 1054
451 845
2229 2427
755 805
804 902
2236 2051
712 1679
1100 487
247 1849
320 901
165 313
1622 1604
752 2284
811 849
1404 299
1683 989
480 562
12 854
702 2151
1906 636
799 1927
1436 2022
223 1740
577 2126
1028 1855
743 1663
1175 1033
1054 2048
845 2451
2427 1074
805 1026
902 1067
2051 375
1679 1642
487 1809
1849 2479
901 1341
313 917
1604 1353
2284 230
849 1450
299 62
989 724
562 2485
854 1577
2151 1264
636 2406
1927 1670
2022 2062
1740 2283
2126 1781
1855 1038
1663 1385
1033 2071
2048 454
2451 2133
1074 2064
1026 2347
1067 2029
375 2367
1642 2115
1809 935
2479 175
1341 1804
917 2360
1353 548
230 2040
1450 377
62 266
724 885
2485 1620
1577 128
1264 108
2406 5
1670 1136
2062 1442
2283 1329
1781 2142
1038 479
1385 960
2071 856
454 2538
2133 404
2064 609
2347 374
2029 699
2367 516
2115 334
935 1325
175 1634
1804 837
2360 2110
548 760
2040 1658
377 2547
266 767
885 2265
1620 2176
128 1490
108 350
5 1090
1136 1799
1442 1901
1329 1188
2142 1381
479 327
960 859
856 343
2538 2259
404 1435
609 1932
374 344
699 1470
516 741
334 2124
1325 1462
1634 1214
837 1011
2110 1412
760 509
1658 1377
2547 70
767 967
2265 1058
2176 2248
1490 656
350 2164
1090 2000
1799 2445
1901 1555
1188 447
1381 1803
327 1048
859 1845
343 2308
2259 2154
1435 2497
1932 2122
344 1703
1470 1207
741 1337
2124 1444
1462 1775
1214 2494
1011 1562
1412 730
509 662
1377 1249
70 2053
967 2223
1058 2287
2248 2378
656 1088
2164 188
2000 178
2445 1711
1555 189
447 1439
1803 1487
1048 1121
1845 1260
2308 2106
2154 2088
2497 1626
2122 2483
1703 2036
1207 17
1337 1875
1444 1540
1775 60
2494 2551
1562 67
730 1405
662 819
1249 1205
2053 2323
2223 1172
2287 1306
2378 972
1088 2218
188 511
178 1171
1711 2318
189 1075
1439 1062
1487 2316
1121 2371
1260 864
2106 1246
2088 694
1626 1096
2483 301
2036 2078
17 1182
1875 1611
1540 1485
60 1419
2551 1955
67 133
1405 957
819 1418
1205 239
2323 1355
1172 2379
1306 2415
972 1247
2218 626
511 1406
1171 556
2318 768
1075 1769
1062 169
2316 1008
2371 547
864 2426
1246 1646
694 35
1096 1143
301 107
2078 1686
1182 2559
1611 1709
1485 939
1419 1543
1955 982
133 1170
957 822
1418 428
239 7
1355 1878
2379 1004
2415 936
1247 1661
626 53
1406 700
556 1146
768 388
1769 1898
169 573
1008 2365
547 1230
2426 104
1646 2087
35 1345
1143 267
107 2119
1686 124
2559 2039
1709 2535
939 396
1543 1763
982 1111
1170 2278
822 2374
428 1504
7 2255
1878 2171
1004 44
936 734
1661 288
53 2486
700 2237
1146 1204
388 234
1898 2230
573 1757
2365 1384
1230 979
104 2390
2087 121
1345 1003
267 930
2119 665
124 2089
2039 1085
2535 1521
396 735
1763 1376
1111 212
2278 1850
2374 1429
1504 1621
2255 414
2171 1030
44 2540
734 1164
288 873
2486 1346
2237 895
1204 284
234 519
2230 132
1757 2384
1384 1446
979 660
2390 532
121 1274
1003 341
930 1817
665 163
2089 2484
1085 20
1521 1541
735 853
1376 1169
212 2079
1850 1827
1429 1945
1621 1161
414 1138
1030 1236
2540 2123
1164 1186
873 1592
1346 1578
895 1019
284 808
519 1084
132 1794
2384 2213
1446 1461
660 574
532 1308
1274 1539
341 765
1817 1638
163 380
2484 1573
20 1151
1541 1884
853 697
1169 1625
2079 590
1827 1198
1945 1589
1161 2212
1138 1316
1236 1477
2123 1365
1186 1301
1592 794
1578 1468
1019 2027
808 1489
1084 836
1794 667
2213 683
1461 758
574 777
1308 992
1539 2104
765 1844
1638 1917
380 422
1573 2019
1151 1481
1884 2510
697 1280
1625 352
590 2305
1198 1729
1589 993
2212 2076
1316 23
1477 1752
1365 1908
1301 828
794 356
1468 1632
2027 222
1489 1892
836 2113
667 1166
683 141
758 2542
777 84
992 403
2104 1235
1844 596
1917 393
422 1293
2019 2281
1481 1023
2510 963
1280 2296
352 744
2305 2498
1729 949
993 1753
2076 1887
23 2072
1752 1192
1908 1896
828 302
356 639
1632 1690
222 602
1892 2393
2113 1378
1166 182
141 436
2542 554
84 30
403 228
1235 1112
596 1395
393 170
1293 1447
2281 2387
1023 1861
963 840
2296 2478
744 2057
2498 1847
949 1700
1753 484
1887 2271
2072 1529
1192 1053
1896 950
302 2085
639 68
1690 648
602 426
2393 1536
1378 2330
182 1002
436 2033
554 1333
30 1557
228 1981
1112 390
1395 1615
170 2373
1447 1903
2387 236
1861 335
840 1494
2478 242
2057 361
1847 2334
1700 1835
484 495
2271 1392
1529 1366
1053 2404
950 2161
2085 729
68 127
648 1410
426 1659
1536 1001
2330 988
1002 2156
2033 2315
1333 1372
1557 218
1981 1195
390 373
1615 1915
2373 2289
1903 381
236 948
335 306
1494 2362
242 874
361 1168
2334 1010
1835 781
495 551
1392 559
1366 831
2404 262
2161 118
729 1586
127 1237
1410 994
1659 778
1001 615
988 766
2156 2352
2315 1208
1372 34
218 482
1195 78
373 863
1915 2345
2289 782
381 1558
948 1982
306 1859
2362 475
874 207
1168 260
1010 1113
781 1899
551 2492
559 1793
831 1872
262 1248
118 720
1586 2032
1237 1612
994 1907
778 2080
615 55
766 1939
2352 1579
1208 2166
34 155
482 1785
78 1268
863 1225
2345 534
782 728
1558 1089
1982 1911
1859 1894
475 1437
207 2092
260 1480
1113 1934
1899 661
2492 1184
1793 2519
1872 540
1248 1910
720 1662
2032 1081
1612 514
1907 1773
2080 1220
55 1657
1939 1210
1579 351
2166 10
155 1667
1785 1956
1268 974
1225 456
534 1133
728 2489
1089 2493
1911 834
1894 463
1437 621
2092 2481
1480 2480
1934 1963
661 1992
1184 358
2519 504
540 754
1910 211
1662 1570
1081 1256
514 2235
1773 274
1220 110
1657 1509
1210 2046
351 1550
10 1631
1667 619
1956 2041
974 2435
456 1068
1133 1863
2489 1401
2493 2457
834 522
463 2544
621 1276
2481 1234
2480 2458
1963 624
1992 269
358 818
504 1913
754 1131
211 1163
1570 2332
1256 1967
2235 995
274 1310
110 749
1509 146
2046 748
1550 582
1631 1978
619 1808
2041 2354
2435 1582
1068 346
1863 1952
1401 1874
2457 1694
522 1199
2544 1051
1276 1733
1234 168
2458 664
624 2096
269 54
818 131
1913 483
1131 2241
1163 2157
2332 2219
1967 1787
995 1431
1310 2128
749 321
146 1692
748 154
582 2251
1978 900
1808 581
2354 851
1582 862
346 1421
1952 1040
1874 2082
1694 623
1199 439
1051 217
1733 2270
168 1483
664 1015
2096 145
54 1486
131 1563
483 1935
2241 1375
2157 1877
2219 2180
1787 1546
1431 1792
2128 2369
321 1559
1692 478
154 1830
2251 1080
900 156
581 1289
851 1840
862 1593
1421 867
1040 2461
2082 69
623 325
439 769
217 1216
2270 2554
1483 2474
1015 886
145 549
1486 45
1563 1519
1935 1275
1375 1796
1877 159
2180 147
1546 58
1792 585
2369 1445
1559 425
478 1390
1830 263
1080 1737
156 1610
1289 2070
1840 1413
1593 2475
867 647
2461 2258
69 2453
325 1880
769 962
1216 1309
2554 2224
2474 544
886 429
549 1380
45 692
1519 158
1275 1531
1796 708
159 612
147 372
58 1614
585 798
1445 2477
425 899
1390 565
263 1016
1737 983
1610 1078
2070 1931
1413 533
2475 27
647 421
2258 971
2453 2329
1880 2114
962 82
1309 1702
2224 2409
544 1979
429 153
1380 2418
692 1870
158 1834
1531 1603
708 1942
612 1411
372 1937
1614 2221
798 1502
2477 42
899 1097
565 2056
1016 368
983 2111
1078 1674
1931 2155
533 1063
27 318
421 1565
971 572
2329 2501
2114 575
82 825
1702 186
2409 1776
1979 279
153 1349
2418 2429
1870 927
1834 546
1603 1778
1942 282
1411 1144
1937 512
2221 803
1502 285
42 1895
1097 1475
2056 2491
368 2220
2111 521
1674 22
2155 1302
1063 1986
318 1888
1565 1568
572 652
2501 1455
575 300
825 861
186 871
1776 111
279 1596
1349 1488
2429 367
927 2530
546 198
1778 1147
282 1263
1144 2015
512 2291
803 303
285 2349
1895 80
1475 1761
2491 2021
2220 2545
521 2203
22 681
1302 931
1986 1159
1888 1819
1568 610
652 985
1455 2001
300 505
861 1407
871 468
111 1476
1596 1059
1488 1714
367 1459
2530 1012
198 1137
1147 947
1263 1086
2015 83
2291 941
303 233
2349 1994
80 1736
1761 536
2021 1648
2545 997
2203 890
681 525
931 1267
1159 392
1819 952
610 1825
985 47
2001 1057
505 977
1407 889
468 2433
1476 1717
1059 490
1714 1572
1459 1681
1012 322
1137 430
947 1245
1086 1180
83 1505
941 255
233 1449
1994 1858
1736 1148
536 2549
1648 2246
997 1324
890 824
525 2361
1267 1655
392 880
952 598
1825 2208
47 1290
1057 28
977 1972
889 91
2433 1974
1717 561
490 3
1572 1705
1681 1641
322 2356
430 2280
1245 2375
1180 411
1505 1224
255 1332
1449 726
1858 1839
1148 595
2549 2556
2246 2189
1324 876
824 326
2361 2261
1655 1853
880 304
598 1857
2208 620
1290 26
28 1587
1972 1348
91 2004
1974 1231
561 1891
3 278
1705 1909
1641 2117
2356 2558
2280 2533
2375 214
411 800
1224 1101
1332 2381
726 2055
1839 1417
595 677
2556 2476
2189 2042
876 410
326 689
2261 224
1853 152
304 1936
1857 1988
620 1233
26 501
1587 1914
1348 2160
2004 164
1231 1422
1891 196
278 1701
1909 1833
2117 1244
2558 387
2533 94
214 2285
800 1130
1101 51
2381 2023
2055 1162
1417 184
677 2299
2476 843
2042 2049
410 1453
689 706
224 2234
152 1624
1936 913
1988 826
1233 2482
501 369
1914 1227
2160 399
164 405
1422 2204
196 471
1701 1106
1833 2120
1244 2499
387 958
94 2100
2285 1215
1130 1320
51 13
2023 2141
1162 1647
184 870
2299 2399
843 2217
2049 1951
1453 2508
706 1770
2234 2377
1624 2102
913 921
826 465
2482 1284
369 355
1227 998
399 1930
405 543
2204 2215
471 2515
1106 1708
2120 1416
2499 634
958 1052
2100 1528
1215 64
1320 1727
13 1177
2141 762
1647 2017
870 481
2399 1553
2217 1687
1951 654
2508 466
1770 339
2377 1031
2102 2107
921 2063
465 1478
1284 793
355 785
998 2348
1930 1124
543 289
2215 464
2515 905
1708 406
1416 29
634 1352
1052 2527
1528 16
64 1574
1727 113
1177 2074
762 1223
2017 560
481 24
1553 412
1687 486
654 2216
466 2084
339 1731
1031 951
2107 1258
2063 2009
1478 1591
793 1179
785 2518
2348 1791
1124 897
289 1885
464 2300
905 517
406 2050
29 1605
1352 206
2527 273
16 457
1574 1007
113 827
2074 1902
1223 2172
560 1120
24 2382
412 875
486 1556
2216 1627
2084 345
1731 633
951 1944
1258 1980
2009 1149
1591 1241
1179 1370
2518 1497
1791 1530
897 1457
1885 883
2300 1532
517 280
2050 1643
1605 1155
206 1191
273 2343
457 618
1007 79
827 166
1902 642
2172 2182
1120 2061
2382 1190
875 2385
1556 187
1627 226
345 1464
633 171
1944 506
1980 937
1149 63
1241 1682
1370 1178
1497 515
1530 1510
1457 1837
883 349
1532 1697
280 693
1643 1960
1155 251
1191 857
2343 823
618 2340
79 1363
166 2398
642 1756
2182 2338
2061 1433
1190 1386
2385 2550
187 316
226 542
1464 668
171 1524
506 115
937 2511
63 1050
1682 458
1178 270
515 362
1510 2350
1837 1590
349 674
1697 2364
693 2304
1960 1099
251 1154
857 1104
823 1069
2340 1135
1363 1283
2398 733
1756 215
2338 740
1433 918
1386 291
2550 205
316 1356
542 1005
668 384
1524 788
115 1045
2511 809
1050 756
458 606
270 1919
362 2363
2350 1165
1590 2
674 2263
2364 1388
2304 1073
1099 2073
1154 1569
1104 348
1069 2233
1135 1441
1283 508
733 858
215 736
740 1665
918 2094
291 1597
205 1343
1356 1176
1005 1193
384 2196
788 194
1045 462
809 990
756 718
606 92
1919 36
2363 1313
1165 703
2 443
2263 731
1388 1651
1073 2436
2073 450
1569 2228
348 1656
2233 2097
1441 1065
508 2397
858 928
736 1765
1665 2546
2094 1943
1597 2509
1343 613
1176 256
1193 1500
2196 1129
194 1599
462 1758
990 1652
718 691
92 2376
36 1197
1313 2197
703 2170
443 1678
731 101
1651 386
2436 1650
450 2054
2228 705
1656 2152
2097 1492
1065 2185
2397 855
928 235
1765 907
2546 1014
1943 123
2509 287
613 588
256 2068
1500 1928
1129 2416
1599 307
1758 2181
1652 1018
691 1645
2376 143
1197 1426
2197 99
2170 593
1678 2239
101 1821
386 2187
1650 1815
2054 2060
705 1616
2152 2306
1492 2052
2185 2091
855 2043
235 1307
907 1141
1014 929
123 1305
287 1973
588 1259
2068 2137
1928 312
2416 1760
307 1064
2181 695
1018 2292
1645 1066
143 2207
1426 496
99 2034
593 1726
2239 607
1821 2250
2187 1724
1815 594
2060 538
1616 2210
2306 1712
2052 1688
2091 1371
2043 76
1307 1998
1141 2405
929 821
1305 1846
1973 366
1259 1183
2137 1351
312 934
1760 1728
1064 1265
695 531
2292 954
1066 2446
2207 1735
496 1699
2034 2386
1726 553
607 2407
2250 1905
1724 1609
594 1583
538 21
2210 1933
1712 1319
1688 1391
1371 1628
76 611
1998 1125
2405 219
821 757
1846 2238
366 1432
1183 120
1351 810
934 1585
1728 2116
1265 286
531 2411
954 2512
2446 632
1735 319
1699 2358
2386 1311
553 1918
2407 177
1905 264
1609 258
1583 1538
21 1374
1933 2294
1319 653
1391 353
1628 2417
611 2431
1125 1474
219 2205
757 2162
2238 1823
1432 1718
120 1420
810 2443
1585 940
2116 2186
286 2175
2411 1092
2512 1971
632 898
319 786
2358 477
1311 688
1918 1440
177 317
264 1584
258 423
1538 605
1374 2178
2294 210
653 1317
353 1675
2417 2260
2431 1867
1474 1314
2205 2177
2162 488
1823 701
1718 2153
1420 715
2443 678
940 1560
2186 1522
2175 852
1092 1984
1971 1962
898 1506
786 1399
477 2173
688 591
1440 1156
317 1185
1584 614
423 162
605 1213
2178 625
210 523
1317 2075
1675 2487
2260 1950
1867 1644
1314 494
2177 2327
488 191
701 2448
2153 1797
715 420
678 1696
1560 817
1522 1318
852 2081
1984 1194
1962 231
1506 1255
1399 833
2173 584
591 1991
1156 742
1185 2412
614 555
162 1957
1213 641
625 750
523 2434
2075 1959
2487 1273
1950 881
1644 297
494 1545
2327 617
191 77
2448 1790
1797 1720
420 887
1696 2344
817 2520
1318 1387
2081 2526
1194 1947
231 847
1255 795
833 1400
584 2030
1991 637
742 18
2412 1061
555 1279
1957 2192
641 579
750 203
2434 1304
1959 1743
1273 2513
881 354
297 2317
1545 1350
617 1929
77 2432
1790 2020
1720 790
887 815
2344 2459
2520 965
1387 1103
2526 925
1947 503
847 650
795 2388
1400 1287
2030 2539
637 2408
18 1691
1061 1535
1279 1602
2192 427
579 797
203 2195
1304 1132
1743 2502
