2530
915 990
915 1536
915 914
915 607
990 966
990 632
1536 2405
1536 684
1536 345
914 584
914 111
914 548
607 944
607 946
607 2351
607 1134
966 1903
966 457
966 1483
966 267
632 32
632 309
2405 1471
684 328
684 629
684 1560
345 959
345 2036
345 2102
584 333
584 969
584 2171
111 1347
111 580
111 759
111 1633
548 1316
944 2339
944 168
944 1513
946 1939
946 1548
946 1358
946 1826
2351 274
2351 2513
1134 2155
1903 125
1903 1470
457 1354
457 1458
457 1364
1483 1887
1483 52
1483 1501
267 2457
267 2157
32 2060
32 1013
32 752
309 95
309 2221
1471 1097
1471 108
328 541
328 1208
629 113
629 377
629 930
1560 2148
1560 721
959 824
2036 887
2036 493
2102 576
2102 1931
333 1038
969 883
2171 850
2171 1721
1347 287
580 1670
580 978
759 2195
759 1248
1633 1840
1316 73
1316 1110
2339 539
168 2367
168 1201
1513 1956
1513 1343
1939 2038
1548 899
1548 1946
1358 1463
1358 1488
1826 2434
1826 513
274 1137
274 872
2513 2022
2155 2299
2155 266
125 399
125 2321
1470 1042
1470 36
1354 375
1354 1410
1458 755
1458 652
1364 1728
1887 156
1887 896
52 1727
1501 477
1501 1571
2457 1969
2157 2008
2157 702
2060 807
1013 1777
1013 362
752 658
752 875
95 1714
2221 2289
1097 2176
108 901
541 1663
1208 122
113 635
377 1713
930 1486
2148 1617
721 1495
824 280
887 2320
493 1600
576 2242
1931 1764
1038 1447
883 449
850 44
1721 496
287 1037
1670 742
978 1935
2195 20
1248 1084
1840 1161
73 2092
1110 1791
539 178
2367 891
1201 391
1956 747
1343 1715
2038 1089
899 189
1946 994
1463 75
1488 239
2434 1185
513 527
1137 504
872 68
2022 776
2299 696
266 1895
399 794
2321 2054
1042 840
36 225
375 408
1410 2380
755 2194
652 605
1728 977
156 1690
896 1183
1727 426
477 1143
1571 2229
1969 13
2008 1432
702 2293
807 910
1777 2501
362 2170
658 453
875 1851
1714 664
2289 1439
2176 644
901 1694
1663 2340
122 619
635 1892
1713 2015
1486 2252
1617 618
1495 1222
280 1846
2320 888
1600 1102
2242 167
1764 2012
1447 2468
449 2414
44 599
496 1706
1037 26
742 1729
1935 547
20 2481
1084 388
1161 2122
2092 130
1791 2019
178 200
891 2159
391 88
747 1068
1715 214
1089 1459
189 1809
994 2013
75 1925
239 1275
1185 1681
527 2039
504 138
68 2244
776 1649
696 1857
1895 1875
794 254
2054 298
840 2433
225 499
408 155
2380 390
2194 1323
605 83
977 2526
1690 2523
1183 1514
426 699
1143 22
2229 1122
13 306
1432 6
2293 1172
910 1209
2501 2325
2170 771
453 2413
1851 1293
664 1740
1439 1374
644 1838
1694 928
2340 1812
619 616
1892 590
2015 1448
2252 81
618 1581
1222 1297
1846 4
888 149
1102 524
167 2402
2012 1267
2468 1360
2414 317
599 1797
1706 627
26 182
1729 1271
547 291
2481 1776
388 639
2122 475
130 1789
2019 2210
200 573
2159 255
88 1543
1068 1783
214 1002
1459 1862
1809 2198
2013 2173
1925 243
1275 877
1681 656
2039 647
138 1996
2244 1924
1649 430
1857 2280
1875 1625
254 2398
298 60
2433 1003
499 879
155 1256
390 1897
1323 237
83 2300
2526 1665
2523 1943
1514 956
699 646
22 1372
1122 1193
306 2425
6 2084
1172 1016
1209 869
2325 228
771 638
2413 354
1293 1732
1740 2167
1374 1119
1838 1679
928 1217
1812 1603
616 836
590 1362
1448 381
81 1549
1581 1608
1297 105
4 294
149 1628
524 1462
2402 515
1267 1595
1360 1527
317 2059
1797 101
627 51
182 262
1271 2214
291 2080
1776 2268
639 1254
475 2363
1789 473
2210 2430
573 2376
255 2462
1543 1619
1783 2163
1002 153
1862 797
2198 150
2173 2265
243 1915
877 1591
656 278
647 1872
1996 2026
1924 245
430 1066
2280 902
1625 195
2398 1794
60 1283
1003 790
879 1341
1256 949
1897 601
237 762
2300 688
1665 502
1943 839
956 550
646 2294
1372 1363
1193 1162
2425 2126
2084 822
1016 1456
869 1782
228 1987
638 723
354 784
1732 1017
2167 643
1119 2238
1679 342
1217 802
1603 27
836 1866
1362 1365
381 2246
1549 613
1608 1298
105 2488
294 1233
1628 1818
1462 2193
515 1726
1595 1597
1527 1906
2059 2090
101 2094
51 1786
262 1158
2214 1709
2080 2138
2268 1045
1254 121
2363 1662
473 337
2430 1650
2376 2196
2462 1932
1619 1604
2163 678
153 1988
797 1214
150 1333
2265 28
1915 1055
1591 1491
278 1434
1872 1381
2026 2076
245 396
1066 1118
902 989
195 297
1794 926
1283 43
790 448
1341 1113
949 146
601 1545
762 2362
688 1276
502 1334
839 2502
550 588
2294 2222
1363 115
1162 277
2126 347
822 648
1456 1920
1782 942
1987 984
723 2014
784 224
1017 1684
643 1039
2238 54
342 1479
802 2043
27 1669
1866 268
1365 865
2246 1489
613 1645
1298 991
2488 1512
1233 1839
1818 569
2193 675
1726 364
1597 521
1906 1763
2090 1260
2094 1204
1786 1760
1158 62
1709 2262
2138 1877
1045 1404
121 1705
1662 2035
337 2315
1650 1041
2196 1387
1932 1165
1604 2427
678 2180
1988 1106
1214 128
1333 906
28 633
1055 2220
1491 1641
1434 2260
1381 1937
2076 154
396 227
1118 1977
989 71
297 1232
926 750
43 1535
448 7
1113 1941
146 1865
1545 199
2362 711
1276 2068
1334 2465
2502 1997
588 1146
2222 1554
115 58
277 529
347 1954
648 429
1920 597
942 389
984 45
2014 2275
224 1000
1684 2263
1039 107
54 758
1479 2342
2043 2508
1669 1369
268 918
865 1517
1489 2001
1645 1565
991 998
1512 2037
1839 2515
569 2237
675 1538
364 2439
521 2228
1763 2023
1260 79
1204 938
1760 385
62 1010
2262 425
1877 174
1404 1006
1705 1236
2035 185
2315 2150
1041 2128
1387 1244
1165 443
2427 232
2180 217
1106 1922
128 2211
906 756
633 1022
2220 2492
1641 1884
2260 1147
1937 172
154 1504
227 582
1977 1986
71 1484
1232 1294
750 41
1535 826
7 360
1941 331
1865 952
199 1912
711 412
2068 2107
2465 1502
1997 314
1146 109
1554 323
58 1693
529 986
1954 1472
429 387
597 1371
389 1127
45 2112
2275 1188
1000 757
2263 1833
107 1936
758 662
2342 1270
2508 1028
1369 459
918 657
1517 769
2001 1057
1565 124
998 682
2037 321
2515 1305
2237 233
1538 745
2439 835
2228 520
2023 2490
79 1121
938 1719
385 1886
1010 508
425 1900
174 466
1006 207
1236 2437
185 913
2150 1985
2128 87
1244 987
443 500
232 165
217 2212
1922 304
2211 1005
756 1152
1022 692
2492 276
1884 1614
1147 2250
172 2383
1504 231
582 2098
1986 1370
1484 1540
1294 307
41 704
826 384
360 1457
331 313
952 1654
1912 2082
412 2528
2107 1843
1502 2440
314 1861
109 2123
323 1004
1693 1587
986 1859
1472 798
387 1960
1371 1671
1127 2464
2112 1868
1188 1064
757 30
1833 169
1936 693
662 1144
1270 2137
1028 1680
459 2453
657 1392
769 859
1057 140
124 1928
682 2178
321 1124
1305 1330
233 727
745 1725
835 1940
520 1588
2490 460
1121 1531
1719 754
1886 578
508 1264
1900 1716
466 834
207 560
2437 2307
913 407
1985 320
87 181
987 1331
500 1274
165 847
2212 2285
304 70
1005 927
1152 1860
692 1181
276 2393
1614 2164
2250 1749
2383 900
231 1596
2098 210
1370 808
1540 1638
307 676
704 222
384 2248
1457 1950
313 249
1654 1132
2082 1375
2528 1533
1843 751
2440 1353
1861 744
2123 1140
1004 2051
1587 117
1859 1780
798 1082
1960 50
1671 2335
2464 170
1868 402
1064 1125
30 160
169 1546
693 577
1144 401
2137 2387
1680 525
2453 1413
1392 1995
859 1310
140 736
1928 85
2178 1629
1124 1808
1330 256
727 1073
1725 310
1940 1112
1588 2188
460 1114
1531 2202
754 1921
578 422
1264 1180
1716 2213
834 1699
560 358
2307 340
407 1724
320 1199
181 1421
1331 376
1274 1793
847 1609
2285 1205
70 263
927 123
1860 1772
1181 2011
2393 2487
2164 1759
1749 378
900 1537
1596 683
210 1379
808 1109
1638 645
676 1570
222 1967
2248 2120
1950 1530
249 536
1132 471
1375 2113
1533 2328
751 700
1353 427
744 2266
1140 1807
2051 1710
117 241
1780 728
1082 2369
50 795
2335 1824
170 2130
402 1431
1125 1821
160 1229
1546 451
577 334
401 2292
2387 1639
525 1397
1413 2109
1995 1708
1310 367
736 349
85 1509
1629 1880
1808 2253
256 2327
1073 31
310 1738
1112 701
2188 187
1114 2447
2202 1355
1921 1087
422 1612
1180 933
2213 2000
1699 1494
358 903
340 2233
1724 1781
1199 1071
1421 77
376 2255
1793 322
1609 587
1205 319
263 1171
123 2378
1772 1815
2011 1225
2487 1547
1759 974
378 1246
1537 1159
683 1192
1379 1882
1109 691
645 2365
1570 1626
1967 1970
2120 1917
1530 1758
536 1876
471 1008
2113 490
2328 1773
700 1982
427 667
2266 730
1807 1337
1710 1620
241 1765
728 2256
2369 1841
795 1273
1824 1295
2130 1200
1431 2072
1821 1406
1229 205
451 921
334 864
2292 1117
1639 374
1397 216
2109 1584
1708 650
367 862
349 180
1509 1911
1880 1390
2253 2500
2327 731
31 1503
1738 1285
701 289
187 1496
2447 561
1355 1150
1087 2086
1612 433
933 1658
2000 1454
1494 1361
903 1820
2233 2391
1781 1282
1071 608
77 843
2255 509
322 2020
587 1761
319 695
1171 2075
2378 39
1815 1842
1225 1349
1547 244
974 183
1246 462
1159 257
1192 419
1882 2200
691 2372
2365 176
1626 1805
1970 543
1917 1335
1758 1268
1876 1241
1008 2361
490 546
1773 148
1982 498
667 2227
730 1770
1337 1923
1620 1766
1765 1955
2256 1784
1841 1616
1273 2494
1295 962
1200 996
2072 698
1406 494
205 2332
921 1378
864 118
1117 2370
374 579
216 2259
1584 1611
650 2114
862 898
180 96
1911 2356
1390 2311
2500 1528
731 2040
1503 2291
1285 967
289 2308
1496 2025
561 470
1150 2189
2086 215
433 1919
1658 1858
1454 1525
1361 1300
1820 2472
2391 136
1282 2073
608 1551
843 909
509 1086
2020 299
1761 2100
695 338
2075 17
39 67
1842 501
1349 1067
244 519
183 954
462 1011
257 1957
419 689
2200 261
2372 98
176 203
1805 1136
543 479
1335 2474
1268 2078
1241 270
2361 188
546 1576
148 357
498 885
2227 2520
1770 2016
1923 1009
1766 410
1955 1854
1784 458
1616 1338
2494 1395
962 1020
996 1916
698 37
494 74
2332 1049
1378 1455
118 940
2370 2269
579 1688
2259 812
1611 2087
2114 2498
898 660
96 1563
2356 2451
2311 2045
1528 2185
2040 1779
2291 1317
967 1949
2308 198
2025 1131
470 1959
2189 1975
215 1747
1919 1309
1858 1519
1525 2254
1300 982
2472 2283
136 594
2073 542
1551 2422
909 1141
1086 2239
299 1231
2100 284
338 2435
17 947
67 1574
501 566
1067 2287
519 2514
954 295
1011 2146
1957 372
689 780
261 397
98 1598
203 1092
1136 1023
479 1368
2474 325
2078 1234
270 830
188 1913
1576 767
357 522
885 179
2520 854
2016 1510
1009 1290
410 315
1854 649
458 892
1338 1485
1395 2249
1020 2408
1916 690
37 1262
74 1944
1049 1790
1455 2436
940 708
2269 1242
1688 1689
812 1516
2087 681
2498 23
660 1393
1563 2182
2451 2042
2045 2257
2185 1308
1779 1585
1317 2131
1949 350
198 163
1131 821
1959 1852
1975 981
1747 1541
1309 327
1519 258
2254 1618
982 296
2283 694
594 518
542 1593
2422 127
1141 2091
2239 1757
1231 2477
284 1795
2435 2074
947 194
1574 851
566 1599
2287 1656
2514 1190
295 102
2146 1723
372 424
780 1098
397 1832
1598 1153
1092 1135
1023 2329
1368 1992
325 312
1234 1844
830 171
1913 1653
767 1442
522 2338
179 2349
854 873
1510 2297
1290 139
315 235
649 1562
892 1400
1485 2394
2249 202
2408 1835
690 48
1262 1303
1944 1321
1790 293
2436 1651
708 1238
1242 1239
1689 2134
1516 1207
681 1174
23 1398
1393 1952
2182 725
2042 2027
2257 2135
1308 1762
1585 1799
2131 2337
350 1446
163 2181
821 2096
1852 86
981 1133
1541 373
327 329
258 1405
1618 1953
296 2050
694 1899
518 2358
1593 1964
127 1170
2091 603
1757 1250
2477 878
1795 623
2074 1059
194 423
851 828
1599 908
1656 2524
1190 292
102 1660
1723 246
424 90
1098 837
1832 1116
1153 1366
1135 760
2329 2
1992 106
312 2153
1844 1801
171 955
1653 2232
1442 59
2338 763
2349 964
873 242
2297 841
139 2323
235 774
1562 1213
1400 2230
2394 398
202 2003
1835 1606
48 12
1303 729
1321 1785
293 2505
1651 1235
1238 2183
1239 1418
2134 2041
1207 1468
1174 985
1398 1047
1952 64
725 2111
2027 923
2135 1990
1762 1741
1799 2217
2337 461
1446 570
2181 1433
2096 2448
86 1601
1133 1015
373 1989
329 1984
1405 2032
1953 2231
2050 1507
1899 1966
2358 1575
1964 190
1170 2353
603 815
1250 129
878 2070
623 1278
1059 738
423 829
828 1739
908 404
2524 126
292 1796
1660 1894
246 929
90 264
837 641
1116 842
1366 630
760 272
2 120
106 2006
2153 1735
1801 1819
955 1076
2232 2151
59 1019
763 523
964 2421
242 2322
841 175
2323 606
774 1828
1213 1212
2230 445
398 1426
2003 741
1606 507
12 1230
729 2048
1785 1811
2505 2240
1235 653
2183 2168
1418 2510
2041 976
1468 1139
985 2343
1047 2187
64 593
2111 2407
923 1280
1990 141
1741 1409
2217 2204
461 1687
570 2319
1433 56
2448 131
1601 1700
1015 1891
1989 2521
1984 1179
2032 777
2231 2209
1507 260
1966 655
1575 1981
190 2010
2353 49
815 2028
129 1692
2070 932
1278 1403
738 1080
829 1386
1739 988
404 1166
126 281
1796 1768
1894 1823
929 505
264 1993
641 679
842 1401
630 2471
272 1951
120 1035
2006 1346
1735 1644
1819 870
1076 1998
2151 1224
1019 1552
523 849
2421 764
2322 1223
175 1145
606 2445
1828 343
1212 868
445 1567
1426 1508
741 2486
507 1306
1230 2031
2048 201
1811 2069
2240 2245
653 1070
2168 805
2510 2295
976 1798
1139 510
2343 356
2187 1605
593 697
2407 1058
1280 1096
141 2415
1409 2469
2204 213
1687 218
2319 1746
56 465
131 1026
1700 787
1891 230
2521 2089
1179 2305
777 236
2209 2258
260 1733
655 1382
1981 491
2010 1926
49 1444
2028 1754
1692 1827
932 144
1403 1722
1080 1707
1386 285
988 1837
1166 15
281 1155
1768 2219
1823 455
505 2403
1993 2271
679 673
1401 1359
2471 564
1951 2062
1035 786
1346 2384
1644 1991
870 707
1998 1450
1224 418
1552 1240
849 950
764 2017
1223 2491
1145 615
2445 2236
343 1128
868 2509
1567 1036
1508 1505
2486 1438
1306 10
2031 438
201 1062
2069 1218
2245 110
1070 133
805 2503
2295 614
1798 709
510 1461
356 2273
1605 1245
697 562
1058 2052
1096 1836
2415 803
2469 1497
213 371
218 863
1746 2429
465 1675
1026 958
787 1831
230 2423
2089 563
2305 2334
236 626
2258 1345
1733 1804
1382 1755
491 1648
1926 1051
1444 975
1754 2410
1827 1111
144 1411
1722 282
1707 1881
285 1874
1837 804
15 2377
1155 248
2219 2226
455 2049
2403 1115
2271 2243
673 1481
1359 544
564 1299
2062 628
786 583
2384 2099
1991 1324
707 1072
1450 1465
418 1816
1240 1044
950 2516
2017 1896
2491 252
615 2527
2236 1460
1128 720
2509 2290
1036 2324
1505 624
1438 637
10 2083
438 238
1062 1291
1218 382
110 1802
133 813
2503 1898
614 512
709 2357
1461 2396
2273 939
1245 196
562 1451
2052 925
1836 2103
803 226
1497 330
371 1104
863 558
2429 1664
1675 1701
958 2053
1831 1367
2423 485
563 428
2334 1691
626 1756
1345 279
1804 1327
1755 308
1648 1384
1051 806
975 2444
2410 251
1111 1210
1411 963
282 671
1881 484
1874 3
804 778
2377 1817
248 421
2226 1695
2049 415
1115 2455
2243 1910
1481 379
544 816
1299 2169
628 1206
583 2234
2099 1399
1324 1636
1072 1643
1465 2392
1816 2381
1044 2466
2516 1253
1896 186
252 880
2527 2147
1460 772
720 882
2290 1825
2324 2251
624 1580
637 1642
2083 571
238 2296
1291 2306
382 1332
1802 2344
813 1971
1898 1500
512 1120
2357 114
2396 2504
939 1322
196 855
1451 1774
925 1304
2103 1018
226 1029
330 2461
1104 845
558 595
1664 1307
1701 1079
2053 99
1367 1539
485 1907
428 2467
1691 2116
1756 1999
279 819
1327 1621
308 91
1384 355
806 1792
2444 557
251 191
1210 514
963 1682
671 1177
484 464
3 904
778 151
1817 973
421 33
1695 734
415 2364
2455 1247
1910 674
379 177
816 602
2169 1745
1206 924
2234 2496
1399 386
1636 2360
1643 447
2392 1685
2381 1437
2466 1257
1253 1534
186 1720
880 1703
2147 1979
772 565
882 273
1825 112
2251 622
1580 1221
1642 55
571 724
2296 1948
2306 1203
1332 152
2344 1198
1971 219
1500 1867
1120 945
114 336
2504 1255
1322 972
855 1169
1774 592
1304 1093
1018 57
1029 585
2461 1216
845 1099
595 1602
1307 1424
1079 1635
99 1063
1539 1277
1907 1436
2467 1788
2116 1493
1999 341
819 556
1621 534
91 2165
355 589
1792 1252
557 968
191 1396
514 1730
1682 567
1177 1613
464 717
904 468
151 1077
973 765
33 773
734 866
2364 158
1247 1973
674 157
177 1173
602 916
1745 2192
924 1870
2496 2276
386 1697
2360 2499
447 1314
1685 166
1437 951
1257 132
1534 137
1720 1340
1703 420
1979 2174
565 785
273 103
112 2278
622 995
1221 463
55 791
724 620
1948 1942
1203 526
152 961
1198 2224
219 2033
1867 1318
945 621
336 1163
1255 1001
972 970
1169 2404
592 469
1093 936
57 2386
585 781
1216 1787
1099 92
1602 1356
1424 2460
1635 1743
1063 2316
1277 250
1436 1226
1788 1164
1493 1736
341 488
556 1573
534 2095
2165 511
589 450
1252 1422
968 1351
1396 1518
1730 2166
567 1081
1613 867
717 1640
468 2359
1077 2525
765 78
773 537
866 435
158 2241
1973 535
157 1069
1173 1148
916 1189
2192 934
1870 848
2276 305
1697 1586
2499 1284
1314 1610
166 1025
951 1105
132 2412
137 283
1340 2458
420 1423
2174 1490
785 2495
103 134
2278 1624
995 2066
463 93
791 2354
620 442
1942 1980
526 42
961 1129
2224 2186
2033 516
1318 833
621 666
1163 392
1001 2419
970 1655
2404 810
469 1167
936 912
2386 1441
781 712
1787 604
92 919
1356 2235
2460 394
1743 437
2316 1417
250 668
1226 1677
1164 1123
1736 1623
488 893
1573 316
2095 1568
511 2519
450 1845
1422 2432
1351 1373
1518 1289
2166 538
1081 2310
867 1873
1640 1572
2359 886
2525 16
78 2093
537 2136
435 1934
2241 1259
535 2390
1069 871
1148 740
1189 2282
934 1408
848 1040
305 234
1586 2206
1284 1885
1610 380
1025 775
1105 1523
2412 800
283 894
2458 686
1423 1647
1490 818
2495 1090
134 568
1624 208
2066 897
93 1320
2354 1269
442 793
1980 476
42 1678
1129 1377
2186 1007
516 2007
833 2115
666 831
392 489
2419 1095
1655 1021
810 1556
1167 596
912 1265
1441 2385
712 2009
604 748
919 1668
2235 383
394 1958
437 1312
1417 718
668 732
1677 1674
1123 1469
1623 2139
893 1046
316 1060
1568 1420
2519 2420
1845 2184
2432 2382
1373 206
1289 661
538 1717
2310 311
1873 1339
1572 575
886 672
16 705
2093 935
2136 2512
1934 2132
1259 1142
2390 104
871 2058
740 1659
2282 1968
1408 1499
1040 2476
234 598
2206 1287
1885 809
380 1101
775 687
1523 1296
800 2463
894 1054
686 253
1647 193
818 832
1090 369
568 24
208 999
897 209
1320 2452
1269 997
793 581
476 1646
1678 1883
1377 2105
1007 2303
2007 2341
2115 1415
831 1553
489 1272
1095 716
1021 2179
1556 1879
596 2199
1265 713
2385 551
2009 1542
748 2064
1668 1425
383 2160
1958 259
1312 1151
718 1220
732 2225
1674 1769
1469 2018
2139 348
1046 432
1060 737
1420 1043
2420 18
2184 1178
2382 1524
206 1522
661 881
1717 1350
311 2473
1339 1590
575 303
672 2388
705 288
935 84
2512 411
2132 876
1142 2345
104 1962
2058 487
1659 467
1968 370
1499 1389
2476 2190
598 530
1287 1357
809 2483
1101 1487
687 1672
1296 2333
2463 2034
1054 2318
253 1893
193 1930
832 1566
369 2108
24 1056
999 1661
209 2085
2452 300
997 1197
581 2067
1646 69
1883 782
2105 1385
2303 532
2341 611
1415 240
1553 1184
1272 677
716 2270
2179 1078
1879 2424
2199 1901
713 735
551 1467
1542 495
2064 204
1425 1905
2160 2175
259 905
1151 528
1220 2046
2225 2264
1769 1929
2018 2277
348 1742
432 1822
737 2203
1043 478
18 2191
1178 1850
1524 2162
1522 1414
881 483
1350 119
2473 1698
1590 339
303 703
2388 416
288 957
84 2479
411 1734
876 1034
2345 574
1962 335
487 1652
467 553
370 2215
1389 1288
2190 1348
530 403
1357 61
2483 1325
1487 2197
1672 533
2333 1607
2034 1564
2318 920
1893 917
1930 827
1566 1027
2108 710
1056 1052
1661 1476
2085 1855
300 1130
1197 1453
2067 1627
69 162
782 63
1385 359
532 1631
611 1711
240 1258
1184 1443
677 714
2270 1750
1078 1806
2424 159
1901 555
735 19
1467 572
495 2459
204 1583
1905 1416
2175 406
905 1196
528 2446
2046 2117
2264 301
1929 983
2277 2511
1742 1933
1822 733
2203 1637
478 2261
2191 2442
1850 937
2162 2127
1414 2475
483 1889
119 1800
1698 2144
339 651
703 1279
416 1228
957 2493
2479 654
1734 2522
1034 2056
574 719
335 1848
1652 1521
553 2030
2215 492
1288 1890
1348 2426
403 368
61 173
1325 1974
2197 665
533 271
1607 1301
1564 1227
920 1292
917 823
827 1657
1027 1748
710 2485
1052 2298
1476 1902
1855 1126
1130 2047
1453 1731
1627 100
162 979
63 454
359 1909
1631 2097
1711 2088
1258 2497
1443 361
714 540
1750 853
1806 2313
159 1904
555 21
19 531
572 1249
2459 922
1583 857
1416 2140
406 965
1196 953
2446 1195
2117 1550
301 1091
983 395
2511 1266
1933 324
733 1388
1637 1753
2261 1983
2442 1492
937 554
2127 801
2475 229
1889 1050
1800 1849
2144 1094
651 2366
1279 40
1228 1622
2493 346
654 861
2522 1480
2056 1477
719 1466
1848 1965
1521 2416
2030 2172
492 1506
1890 1202
2426 2274
368 636
173 1033
1974 1402
665 89
271 2371
1301 143
1227 344
1292 1704
823 2158
1657 1778
1748 1752
2485 2063
2298 275
1902 2216
1126 1156
2047 552
1731 2418
100 1615
979 452
454 351
1909 1407
2097 506
2088 1175
2497 2143
361 436
540 1673
853 1383
2313 1100
1904 2400
21 1767
531 497
1249 2133
922 2450
857 2484
2140 14
965 2470
953 1053
1195 474
1550 365
1091 2530
395 1176
1266 669
324 1445
1388 2406
1753 269
1983 2081
1492 1927
554 2411
801 481
229 2207
1050 1243
1849 2141
1094 1938
2366 1352
40 1427
1622 1061
346 948
861 549
1480 53
1477 9
1466 2409
1965 820
2416 2302
2172 2395
1506 2223
1202 2355
2274 856
636 352
1033 318
1402 2417
89 1569
2371 1696
143 2057
344 197
1704 1380
2158 993
1778 2118
1752 431
2063 1856
275 1430
2216 640
1156 1012
552 1579
2418 444
1615 486
452 2352
351 2478
1407 2507
506 2077
1175 1737
2143 1871
436 1963
1673 811
1383 1336
1100 2142
2400 2024
1767 265
497 35
2133 2125
2450 2312
2484 1686
14 1315
2470 659
1053 817
474 768
365 82
2530 746
1176 670
669 1578
1445 1555
2406 34
269 2201
2081 559
1927 2373
2411 1138
481 1412
2207 783
1243 642
2141 1544
1938 2161
1352 1251
1427 753
1061 1376
948 2348
549 545
53 353
9 858
2409 2101
820 184
2302 1319
2395 47
2223 634
2355 1263
856 874
352 625
318 434
2417 517
1569 2247
1696 844
2057 1561
197 145
1380 363
993 1630
2118 286
431 600
1856 1473
1430 612
640 1187
1012 1302
1579 1085
444 1157
486 609
2352 72
2478 2154
2507 2517
2077 2152
1737 2518
1871 2529
1963 147
811 2124
1336 417
2142 1281
2024 2350
265 2480
35 440
2125 2379
2312 2267
1686 586
1315 2079
659 2330
817 663
768 1048
82 1498
746 1215
670 1435
1578 2309
1555 1440
34 591
2201 116
559 680
2373 617
1138 722
1412 2279
783 852
642 8
1544 1813
2161 1154
1251 1065
753 2317
1376 2002
2348 1592
545 749
353 1107
858 446
2101 1775
184 65
1319 2375
47 1
634 38
1263 2286
874 2284
625 161
434 895
517 1515
2247 220
844 1326
1561 884
145 1810
363 960
1630 1186
286 1149
600 1191
1473 2428
612 393
1187 2346
1302 1972
1085 2106
1157 2021
609 631
72 76
2154 2156
2517 1803
2152 846
2518 860
2529 2110
147 1947
2124 2055
417 1014
1281 1847
2350 1313
2480 409
440 2389
2379 413
2267 971
586 2401
2079 2326
2330 2456
663 2489
1048 2449
1498 1869
1215 503
1435 1464
2309 1108
1440 1478
591 1311
116 1559
680 1194
617 326
722 456
2279 911
852 2441
8 1452
1813 1526
1154 1391
1065 1718
2317 1863
2002 2121
1592 135
749 1419
1107 792
446 290
1775 2065
65 943
2375 1853
1 94
38 610
2286 1683
2284 1667
161 1474
895 779
1515 405
220 97
1326 1558
884 332
1810 192
960 1829
1186 2061
1149 788
1191 2431
2428 2288
393 482
2346 1945
1972 2149
2106 1771
2021 1482
631 1888
76 1976
2156 1632
1803 2443
846 2044
860 789
2110 2119
1947 2301
2055 1529
1014 1429
1847 25
1313 1978
409 142
2389 1261
413 931
971 2218
2401 766
2326 1428
2456 2347
2489 480
2449 212
1869 2368
503 1634
1464 1864
1108 1168
1478 706
1311 941
1559 796
1194 1394
326 223
456 992
911 1182
2441 1286
1452 5
1526 838
1391 770
1718 414
1863 1449
2121 1751
135 1329
1419 1328
792 29
290 726
2065 1702
943 2374
1853 980
94 1878
610 2397
1683 685
1667 1160
1474 2304
779 814
405 1557
97 1511
1558 2145
332 1219
192 907
1829 2438
2061 1075
788 1914
2431 1024
2288 2506
482 1103
1945 1030
2149 1814
1771 2399
1482 1594
1888 1961
1976 1908
1632 221
2443 2336
2044 2454
789 66
2119 715
2301 1994
1529 247
1429 80
25 1520
1978 366
142 2281
1261 11
931 1834
2218 439
766 1712
1428 889
2347 472
480 1088
212 761
2368 2004
1634 1032
1864 441
1168 1342
706 1589
941 2314
796 400
1394 1532
223 2005
992 2071
1182 164
1286 2205
5 2029
838 1918
770 1676
414 1475
1449 1211
1751 211
1329 2177
1328 799
29 2482
726 1744
1702 1074
2374 2272
980 1083
1878 1237
2397 890
685 1577
1160 1666
2304 1582
814 2104
1557 46
1511 302
2145 1830
1219 1031
907 2208
2438 2129
1075 743
1914 1344
1024 2331
2506 739
1103 825
