5015
2543 3685
2543 1023
3685 1360
3685 4997
3685 2924
3685 4612
1023 2995
1023 3640
1023 2022
1023 4081
1360 4970
1360 428
4997 562
4997 3818
4997 3469
2924 2808
4612 1815
4612 2250
4612 4386
2995 2350
2995 4446
2995 243
3640 4289
2022 2223
4081 4111
4081 1791
4970 4107
428 4785
428 312
428 330
562 179
562 4636
3818 4608
3469 4009
3469 3602
2808 4316
1815 1775
2250 4687
2250 1015
4386 417
4386 2603
2350 1059
4446 4955
4446 2418
4446 4382
243 2843
243 1921
243 927
4289 855
4289 3402
4289 3748
2223 1230
2223 3012
4111 186
4111 4796
1791 4891
1791 463
4107 3409
4785 4208
4785 4812
4785 3707
312 81
312 5015
312 4134
330 3095
330 4586
330 3074
179 2097
179 4390
179 4738
4636 4329
4636 3273
4608 2662
4608 3102
4009 4129
4009 178
4009 3368
3602 861
3602 733
4316 3714
4316 329
4316 832
1775 3795
4687 2185
4687 3458
1015 4336
1015 1334
417 1173
2603 534
2603 2885
1059 4326
1059 1007
1059 2870
4955 1145
2418 492
2418 1987
4382 1027
4382 1723
2843 4127
2843 4189
2843 2760
1921 4292
927 2957
927 2101
927 3524
855 1667
855 3355
855 4834
3402 706
3748 2261
3748 4749
1230 126
1230 310
3012 1597
3012 1937
186 1976
4796 2150
4891 2192
463 1877
3409 3020
3409 3589
4208 160
4812 3213
4812 4905
3707 3760
81 811
5015 1655
4134 3467
3095 4396
4586 3537
3074 111
2097 1377
4390 2496
4738 3692
4329 471
3273 2319
2662 1829
3102 3783
4129 3076
178 3350
3368 2059
861 1881
733 595
3714 3306
329 431
832 3029
3795 54
2185 4882
3458 1584
4336 320
1334 2108
1173 1714
534 1481
2885 639
4326 3256
1007 4553
2870 945
1145 2746
492 843
1987 2322
1027 2637
1723 2666
4127 2376
4189 2484
2760 816
4292 1025
2957 1452
2101 934
3524 1939
1667 3251
3355 1803
4834 3219
706 4629
2261 3172
4749 4101
126 4268
310 4397
1597 2226
1937 984
1976 4852
2150 1245
2192 2569
1877 3567
3020 2563
3589 4376
160 24
3213 3812
4905 3196
3760 1516
811 4752
1655 3956
3467 3374
4396 1045
3537 3713
111 1215
1377 3923
2496 3580
3692 2776
471 2415
2319 676
1829 1527
3783 3027
3076 1705
3350 71
2059 3675
1881 4730
595 4847
3306 4973
431 940
3029 4877
54 4141
4882 2993
1584 1292
320 1424
2108 1971
1714 173
1481 3721
639 2960
3256 1349
4553 2382
945 3916
2746 4398
843 3790
2322 2887
2637 4798
2666 1740
2376 3732
2484 1837
816 1200
1025 605
1452 3156
934 3370
1939 922
3251 1402
1803 650
3219 3181
4629 4547
3172 3694
4101 4091
4268 3400
4397 4755
2226 4811
984 4594
4852 972
1245 1412
2569 2905
3567 2763
2563 4494
4376 1702
24 2339
3812 3659
3196 2025
1516 3667
4752 3141
3956 2861
3374 4931
1045 1384
3713 2263
1215 1326
3923 1739
3580 2078
2776 3821
2415 1471
676 4392
1527 3283
3027 3603
1705 513
71 810
3675 2395
4730 4695
4847 1766
4973 2062
940 3242
4877 1282
4141 207
2993 1122
1292 4823
1424 4643
1971 4776
173 2951
3721 1956
2960 4144
1349 4217
2382 4240
3916 3819
4398 751
3790 2918
2887 3036
4798 3341
1740 1887
3732 1954
1837 2184
1200 1843
605 3647
3156 1621
3370 2245
922 2224
1402 2997
650 3108
3181 3398
4547 591
3694 2386
4091 4445
3400 448
4755 266
4811 1507
4594 4684
972 3182
1412 1076
2905 3230
2763 391
4494 3660
1702 4839
2339 1387
3659 1325
2025 1393
3667 3896
3141 420
2861 4697
4931 727
1384 1779
2263 4525
1326 596
1739 1890
2078 694
3821 3935
1471 2745
4392 684
3283 4544
3603 2380
513 577
810 4482
2395 4943
4695 2214
1766 3244
2062 3119
3242 3619
1282 1159
207 4212
1122 2987
4823 3064
4643 131
4776 2740
2951 4582
1956 4736
4144 4350
4217 1061
4240 1357
3819 3146
751 1727
2918 2284
3036 4254
3341 827
1887 496
1954 32
2184 4413
1843 27
3647 2383
1621 576
2245 4356
2224 3019
2997 2273
3108 4021
3398 4106
591 3545
2386 2364
4445 4365
448 4571
266 3764
1507 4273
4684 2649
3182 1446
1076 1732
3230 4319
391 4840
3660 4158
4839 542
1387 3768
1325 3661
1393 1700
3896 4607
420 2556
4697 4241
727 2399
1779 2054
4525 1692
596 3158
1890 888
694 440
3935 2614
2745 2748
684 4936
4544 1051
2380 1588
577 2655
4482 3169
4943 85
2214 4214
3244 4777
3119 1086
3619 4969
1159 3807
4212 1617
2987 634
3064 4089
131 1780
2740 1406
4582 77
4736 4549
4350 4182
1061 2335
1357 4769
3146 2713
1727 4170
2284 3438
4254 1524
827 1347
496 3688
32 4337
4413 737
27 3091
2383 1880
576 4722
4356 3155
3019 4063
2273 3351
4021 2369
4106 1405
3545 4919
2364 1643
4365 4322
4571 3352
3764 3033
4273 2180
2649 2260
1446 2824
1732 2348
4319 1549
4840 2468
4158 1144
542 1331
3768 1497
3661 1297
1700 2408
4607 3724
2556 2549
4241 3922
2399 1774
2054 1385
1692 2074
3158 370
888 2717
440 4407
2614 3957
2748 4536
4936 1618
1051 781
1588 2994
2655 373
3169 3203
85 1309
4214 2850
4777 4414
1086 2235
4969 1410
3807 2897
1617 2460
634 2571
4089 1169
1780 4922
1406 4781
77 2318
4549 3814
4182 2867
2335 988
4769 1626
2713 410
4170 3844
3438 4294
1524 1440
1347 245
3688 1419
4337 3933
737 2631
3091 4902
1880 1504
4722 256
3155 2326
4063 2597
3351 2308
2369 544
1405 801
4919 1149
1643 1502
4322 3484
3352 2407
3033 2095
2180 1317
2260 3511
2824 1382
2348 2205
1549 4814
2468 3300
1144 4537
1331 3593
1497 2576
1297 2868
2408 4297
3724 510
2549 4284
3922 3264
1774 2984
1385 120
2074 601
370 390
2717 1006
4407 4196
3957 1438
4536 4174
1618 62
781 2590
2994 670
373 4206
3203 958
1309 766
2850 4137
4414 1114
2235 3557
1410 3241
2897 3655
2460 4675
2571 4478
1169 1196
4922 4784
4781 2502
2318 3720
3814 1459
2867 4540
988 897
1626 468
410 1724
3844 2979
4294 4765
1440 749
245 1058
1419 4003
3933 1893
2631 1662
4902 4851
1504 3488
256 214
2326 2901
2597 4099
2308 17
544 4199
801 4978
1149 882
1502 1083
3484 4267
2407 3120
2095 2619
1317 2397
3511 873
1382 994
2205 1884
4814 815
3300 453
4537 2082
3593 703
2576 267
2868 2707
4297 3354
510 4717
4284 1180
3264 2884
2984 1299
120 2504
601 88
390 1957
1006 3733
4196 4236
1438 3016
4174 4188
62 4366
2590 2403
670 4247
4206 1286
958 25
766 2490
4137 1314
1114 3892
3557 567
3241 1996
3655 4171
4675 1680
4478 3117
1196 4610
4784 875
2502 4962
3720 985
1459 1371
4540 516
897 1113
468 2896
1724 3257
2979 3635
4765 3749
749 1087
1058 3656
4003 2736
1893 3779
1662 1220
4851 3867
3488 493
214 3397
2901 2874
4099 1641
17 1698
4199 4529
4978 3954
882 2544
1083 1629
4267 2272
3120 2941
2619 1211
2397 4315
873 3663
994 738
1884 2626
815 1844
453 2311
2082 1101
703 1898
267 2221
2707 3792
3354 3408
4717 4932
1180 2421
2884 92
1299 2447
2504 2762
88 1542
1957 4954
3733 2008
4236 4619
3016 3358
4188 275
4366 2206
2403 1322
4247 4355
1286 2825
25 2803
2490 3133
1314 3817
3892 4974
567 4393
1996 2129
4171 3801
1680 1529
3117 883
4610 3127
875 610
4962 3794
985 1450
1371 4357
516 1669
1113 288
2896 3085
3257 113
3635 1217
3749 1788
1087 2733
3656 2189
2736 2483
3779 2953
1220 896
3867 1610
493 4133
3397 4554
2874 2612
1641 1751
1698 4827
4529 853
3954 4424
2544 4325
1629 3910
2272 1713
2941 1636
1211 1216
4315 4637
3663 3907
738 1947
2626 3671
1844 2300
2311 234
1101 2922
1898 369
2221 531
3792 164
3408 4360
4932 359
2421 1756
92 274
2447 4466
2762 661
1542 600
4954 3000
2008 957
4619 3248
3358 15
275 2372
2206 3111
1322 3554
4355 3198
2825 4880
2803 2067
3133 1421
3817 1048
4974 2919
4393 4957
2129 2675
3801 2967
1529 1913
883 688
3127 4766
610 2688
3794 146
1450 2915
4357 2709
1669 3317
288 2390
3085 517
113 4078
1217 527
1788 4025
2733 4666
2189 3448
2483 2009
2953 769
896 3274
1610 2787
4133 3909
4554 1486
2612 3432
1751 272
4827 2668
853 3505
4424 1809
4325 4497
3910 858
1713 992
1636 246
1216 2276
4637 4499
3907 4939
1947 3301
3671 1628
2300 2375
234 1551
2922 3423
369 2772
531 962
164 644
4360 1653
359 3754
1756 3179
274 1661
4466 2726
661 1965
600 2654
3000 4304
957 4858
3248 2019
15 339
2372 1630
3111 2769
3554 4822
3198 1938
4880 4878
2067 1272
1421 3860
1048 866
2919 2720
4957 2065
2675 1090
2967 3711
1913 3936
688 3324
4766 1102
2688 4801
146 291
2915 4560
2709 1030
3317 506
2390 547
517 3457
4078 2304
527 2289
4025 658
4666 3309
3448 549
2009 109
769 3693
3274 3371
2787 3808
3909 1730
1486 232
3432 4676
272 3380
2668 3960
3505 3475
1809 317
4497 2389
858 1255
992 3035
246 3030
2276 251
4499 3606
4939 2233
3301 4727
1628 4344
2375 3994
1551 2420
3423 2551
2772 943
962 4262
644 1787
1653 1205
3754 746
3179 4007
1661 1077
2726 3591
1965 4274
2654 4817
4304 452
4858 247
2019 4272
339 1833
1630 2385
2769 255
4822 1181
1938 4427
4878 1157
1272 1206
3860 4725
866 4404
2720 3166
2065 2699
1090 1066
3711 2898
3936 2618
3324 1478
1102 1567
4801 1168
291 4898
4560 673
1030 4972
506 1535
547 2463
3457 4135
2304 3728
2289 502
658 2297
3309 1932
549 722
109 696
3693 4509
3371 1728
3808 586
1730 1195
232 235
4676 627
3380 3609
3960 1765
3475 1150
317 2852
2389 528
1255 401
3035 3948
3030 1175
251 4820
3606 1711
2233 2435
4727 4244
4344 4215
3994 1461
2420 4810
2551 2912
943 380
4262 4148
1787 1293
1205 1754
746 4232
4007 2520
1077 3674
3591 2055
4274 4085
4817 3069
452 2974
247 2069
4272 1696
1833 632
2385 797
255 8
1181 1612
4427 880
1157 757
1206 3586
4725 742
4404 4658
3166 1794
2699 1552
1066 4341
2898 2116
2618 2783
1478 2469
1567 3560
1168 2784
4898 3285
673 4628
4972 3519
1535 72
2463 4533
4135 4054
3728 1432
502 1505
2297 4131
1932 2805
722 4015
696 405
4509 4550
1728 3676
586 4652
1195 772
235 4024
627 1218
3609 1355
1765 1029
1150 191
2852 3393
528 1019
401 3376
3948 930
1175 1901
4820 480
1711 2506
2435 1559
4244 3777
4215 1652
1461 4893
4810 4169
2912 4200
380 4295
4148 4621
1293 2370
1754 878
4232 4102
2520 3623
3674 1428
2055 4006
4085 1876
3069 3356
2974 3564
2069 4714
1696 1935
632 2332
797 3826
8 4265
1612 3372
880 3830
757 755
3586 1959
742 1942
4658 331
1794 4431
1552 4836
4341 4618
2116 4178
2783 4192
2469 3553
3560 3010
2784 65
3285 1917
4628 826
3519 3471
72 2866
4533 4462
4054 2464
1432 1687
1505 4561
4131 1533
2805 4569
4015 1903
405 1179
4550 3699
3676 2431
4652 2106
772 4364
4024 574
1218 3689
1355 2842
1029 1128
191 3983
3393 917
1019 4826
3376 3905
930 2925
1901 3786
480 2633
2506 4307
1559 2775
3777 1520
1652 4269
4893 2832
4169 4151
4200 616
4295 2880
4621 928
2370 990
878 629
4102 3421
3623 2500
1428 1635
4006 3932
1876 1262
3356 524
3564 701
4714 2971
1935 1997
2332 3047
3826 3888
4265 2983
3372 3926
3830 4150
755 1573
1959 787
1942 4361
331 192
4431 3632
4836 260
4618 2853
4178 3743
4192 4473
3553 4742
3010 2249
65 908
1917 1171
826 1283
3471 2907
2866 821
4462 847
2464 697
1687 3919
4561 3967
1533 3211
4569 571
1903 996
1179 2281
3699 540
2431 3556
2106 726
4364 4464
574 1820
3689 1579
2842 735
1128 2777
3983 4545
917 935
4826 666
3905 333
2925 5000
3786 490
2633 4492
4307 102
2775 2635
1520 3951
4269 2738
2832 1605
4151 3982
616 3067
2880 4876
928 4694
990 1213
629 3847
3421 4343
2500 3055
1635 1080
3932 1281
1262 1805
524 343
701 4511
2971 1223
1997 2730
3047 2735
3888 279
2983 3527
3926 4440
4150 3363
1573 4040
787 2942
4361 3450
192 4539
3632 2194
260 3953
2853 4041
3743 4087
4473 4871
4742 1706
2249 2523
908 3802
1171 4412
1283 4832
2907 4250
821 125
847 796
697 1057
3919 4646
3967 421
3211 3886
571 3123
996 5011
2281 1807
540 707
3556 501
726 1072
4464 2325
1820 1556
1579 2394
735 3144
2777 3979
4545 1065
935 2747
666 1909
333 3679
5000 1411
490 3551
4492 4602
102 1047
2635 4086
3951 3550
2738 1107
1605 3163
3982 129
3067 2258
4876 1302
4694 1863
1213 3599
3847 4706
4343 2444
3055 2491
1080 3753
1281 4503
1805 2791
343 1795
4511 2051
1223 133
2730 3518
2735 1462
279 280
3527 3296
4440 1888
3363 49
4040 1746
2942 4469
3450 400
4539 556
2194 2778
3953 4523
4041 575
4087 2153
4871 3906
1706 4132
2523 2083
3802 3695
4412 689
4832 5010
4250 1133
125 2017
796 327
1057 4331
4646 1110
421 4072
3886 2678
3123 322
5011 1069
1807 4117
707 2886
501 3426
1072 3292
2325 1434
1556 2789
2394 3607
3144 830
3979 104
1065 1747
2747 3229
1909 3751
3679 67
1411 4442
3551 3976
4602 622
1047 4233
4086 3474
3550 831
1107 3597
3163 3927
129 1485
2258 4802
1302 4603
1863 2916
3599 3681
4706 1797
2444 2611
2491 46
3753 864
4503 4953
2791 4037
1795 2115
2051 1165
133 139
3518 2524
1462 2485
280 2305
3296 4324
1888 3581
49 4371
1746 3434
4469 2833
400 770
556 980
2778 399
4523 4679
575 758
2153 3255
3906 3898
4132 1691
2083 2499
3695 4173
689 954
5010 2632
1133 948
2017 1274
327 3311
4331 3737
1110 2829
4072 4946
2678 3083
322 4589
1069 551
4117 2858
2886 2179
3426 3204
3292 2692
1434 668
2789 1984
3607 1615
830 4409
104 911
1747 1575
3229 2585
3751 2437
67 3082
4442 277
3976 2265
622 4256
4233 3058
3474 3538
831 2327
3597 1587
3927 3460
1485 4457
4802 795
4603 509
2916 3001
3681 1865
1797 1275
2611 233
46 2470
864 4252
4953 4713
4037 3543
2115 436
1165 4300
139 3684
2524 1546
2485 983
2305 1252
4324 1056
3581 4334
4371 9
3434 4576
2833 2200
770 1472
980 446
399 1793
4679 2330
758 4000
3255 3086
3898 3240
1691 4901
2499 1499
4173 2705
954 276
2632 1273
948 3116
1274 1024
3311 297
3737 1862
2829 1806
4946 4716
3083 1214
4589 3337
551 177
2858 1583
2179 3900
3204 1234
2692 3871
668 1817
1984 1715
1615 1152
4409 1416
911 702
1575 671
2585 679
2437 231
3082 3503
277 185
2265 1613
4256 4202
3058 3516
3538 2270
2327 1304
1587 1498
3460 617
4457 105
795 4275
509 5008
3001 2862
1865 213
1275 2495
233 1336
2470 2392
4252 29
4713 217
3543 3831
436 388
4300 1891
3684 1500
1546 3197
983 806
1252 784
1056 2821
4334 4952
9 1616
4576 3908
2200 3868
1472 4794
446 35
1793 4546
2330 1253
4000 2114
3086 1531
3240 4889
4901 183
1499 4807
2705 1096
276 1631
1273 4216
3116 1088
1024 4903
297 2494
1862 3782
1806 833
4716 1986
1214 309
3337 3590
177 475
1583 4830
3900 1408
1234 1918
3871 2934
1817 3180
1715 2207
1152 553
1416 2266
702 952
671 1826
679 2505
231 1363
3503 4949
185 2427
1613 2173
4202 731
3516 785
2270 4193
1304 384
1498 4084
617 2555
105 537
4275 4966
5008 2119
2862 1608
213 2956
2495 1263
1336 3561
2392 3701
29 1571
217 4467
3831 1233
388 2177
1891 1167
1500 2482
3197 817
806 3059
784 4960
2821 3407
4952 3224
1616 4504
3908 318
3868 3620
4794 1784
35 1538
4546 1429
1253 3583
2114 2337
1531 4394
4889 754
183 430
4807 3018
1096 3629
1631 2875
4216 2799
1088 579
4903 438
2494 4731
3782 3411
833 4312
1986 2780
309 2698
3590 2457
475 1337
4830 3834
1408 1955
1918 4751
2934 31
3180 264
2207 325
553 808
2266 1266
952 2718
1826 2021
2505 3049
1363 2073
4949 1925
2427 570
2173 1012
731 112
785 4718
4193 1943
384 3433
4084 1596
2555 1468
537 3498
4966 4907
2119 4661
1608 648
2956 3552
1263 2566
3561 2601
3701 4744
1571 926
4467 2296
1233 3252
2177 956
1167 2085
2482 1849
817 4702
3059 4430
4960 2211
3407 3883
3224 1259
4504 4239
318 3066
3620 3895
1784 3280
1538 3618
1429 823
3583 1142
2337 4664
4394 4340
754 3195
430 4301
3018 790
3629 4626
2875 3145
2799 2103
579 3962
438 2255
4731 2190
3411 503
4312 1555
2780 541
2698 2148
2457 2278
1337 1398
3834 3379
1955 3017
4751 1804
31 2541
264 3429
325 4734
808 3495
1266 332
2718 941
2021 2426
3049 2671
2073 1033
1925 4491
570 86
1012 4739
112 1166
4718 3045
1943 4578
3433 2802
1596 1839
1468 4327
3498 60
4907 2093
4661 4633
648 340
3552 1351
2566 793
2601 3124
4744 4083
926 2247
2296 2535
3252 3228
956 1001
2085 2539
1849 1396
4702 1666
4430 2503
2211 2378
3883 2878
1259 680
4239 1198
3066 4062
3895 3879
3280 2292
3618 3637
823 1885
1142 552
4664 3600
4340 353
3195 1324
4301 1789
790 973
4626 4500
3145 3367
2103 1733
3962 159
2255 190
2190 1256
503 3081
1555 2731
541 2000
2148 3115
2278 2461
1398 4641
3379 2936
3017 2598
1804 4020
2541 3130
3429 3866
4734 3259
3495 4454
332 4915
941 3435
2426 4630
2671 3582
1033 1306
4491 2449
86 1895
4739 2193
1166 1510
3045 2191
4578 2220
2802 2131
1839 3090
4327 12
60 4729
2093 4156
4633 165
340 3098
1351 1647
793 3272
3124 4285
4083 4076
2247 852
2535 2048
3228 1073
1001 4418
2539 3969
1396 1339
1666 2643
2503 2269
2378 411
2878 2313
680 4845
1198 4098
4062 3668
3879 1
2292 2147
3637 4260
1885 3461
552 477
3600 2702
353 535
1324 1539
1789 2196
973 3791
4500 4439
3367 3191
1733 2487
159 4038
190 986
1256 2602
3081 1818
2731 4014
2000 2419
3115 4562
2461 83
4641 2893
2936 4976
2598 699
4020 4035
3130 2049
3866 4248
3259 1420
4454 775
4915 364
3435 91
4630 2134
3582 4604
1306 3100
2449 3449
1895 4527
2193 2683
1510 2782
2191 1908
2220 1143
2131 511
3090 3270
12 4058
4729 771
4156 36
165 515
3098 2165
1647 614
3272 1356
4285 2355
4076 1883
852 951
2048 4296
1073 1609
4418 4176
3969 1320
1339 3447
2643 1990
2269 2670
411 2084
2313 84
4845 2404
4098 1111
3668 1260
1 560
2147 1403
4260 1962
3461 4387
477 39
2702 3151
535 1269
1539 3578
2196 4596
3791 1238
4439 1296
3191 2264
2487 2610
4038 3880
986 4860
2602 315
1818 3331
4014 1488
2419 4426
4562 48
83 4353
2893 863
4976 2581
699 2478
4035 4660
2049 2443
4248 78
1420 230
775 2981
364 3998
91 2352
2134 669
4604 3414
3100 1979
3449 408
4527 4947
2683 244
2782 4034
1908 2560
1143 1769
511 2178
3270 4124
4058 106
771 1369
36 96
515 3512
2165 3662
614 1569
1356 2402
2355 1663
1883 2961
951 3222
4296 2928
1609 4203
4176 4532
1320 1343
3447 1441
1990 4786
2670 791
2084 2039
84 4149
2404 447
1111 1592
1260 224
560 3846
1403 554
1962 1124
4387 1640
39 4819
3151 798
1269 1386
3578 4570
4596 2442
1238 4849
1296 2218
2264 3178
2610 199
3880 1731
4860 4520
315 435
3331 3934
1488 1194
4426 2513
48 1982
4353 4638
863 2786
2581 2436
2478 5
4660 2617
2443 1821
78 3062
230 1658
2981 1190
3998 664
2352 4859
669 3332
3414 2552
1979 4515
408 3877
4947 418
244 2232
4034 93
2560 4941
1769 1823
2178 2712
4124 240
106 4821
1369 3964
96 1514
3512 2409
3662 1811
1569 1226
2402 4263
1663 389
2961 2063
3222 779
2928 989
4203 2061
4532 2256
1343 533
1441 2257
4786 700
791 4639
2039 2963
4149 4809
447 2217
1592 4053
224 3415
3846 404
554 1039
1124 101
1640 2099
4819 3755
798 3239
1386 2889
4570 89
2442 712
4849 1244
2218 4287
3178 205
199 729
1731 4993
4520 2548
435 2290
3934 1827
1194 686
2513 2706
1982 1018
4638 1305
2786 3399
2436 4179
5 2423
2617 2851
1821 4477
3062 2742
1658 278
1190 4829
664 2903
4859 1321
3332 3391
2552 107
4515 2685
3877 1103
418 1975
2232 4867
93 4665
4941 4783
1823 143
2712 2945
240 4698
4821 1091
3964 519
1514 2154
2409 1118
1811 3097
1226 4223
4263 4290
389 3738
2063 2728
779 3540
989 4701
2061 3043
2256 615
533 4165
2257 3375
700 1847
4639 4092
2963 23
4809 4420
2217 4767
4053 2899
3415 22
404 1242
1039 210
101 248
2099 3797
3755 3595
3239 1267
2889 4069
89 4732
712 344
1244 3428
4287 580
205 2721
729 3549
4993 2113
2548 153
2290 2029
1827 3515
686 2708
2706 2238
1018 2682
1305 3254
3399 2100
4179 1798
2423 1264
2851 4601
4477 2883
2742 4345
278 1003
4829 1580
2903 3885
1321 1192
3391 4746
107 3510
2685 3658
1103 2679
1975 4747
4867 4437
4665 1562
4783 1572
143 3992
2945 1049
4698 241
1091 4139
519 2719
2154 1859
1118 4461
3097 3928
4223 3978
4290 2693
3738 3528
2728 442
3540 2948
4701 4475
3043 3170
615 1141
4165 4773
3375 964
1847 3276
4092 907
23 997
4420 335
4767 4374
2899 3167
22 4103
1242 3504
210 349
248 4449
3797 449
3595 2036
1267 3570
4069 4224
4732 2756
344 3811
3428 717
580 1648
2721 1414
3549 3168
2113 4944
153 239
2029 1994
3515 3298
2708 2424
2238 2172
2682 4528
3254 1036
2100 2812
1798 2056
1264 3218
4601 4933
2883 4204
4345 171
1003 3717
1580 4625
3885 356
1192 4873
4746 3968
3510 2806
3658 2231
2679 4218
4747 3833
4437 834
1562 643
1572 4566
3992 3852
1049 80
241 2432
4139 2252
2719 4671
1859 3569
4461 4303
3928 328
3978 750
2693 4956
3528 1329
442 2999
2948 4835
4475 4321
3170 4513
1141 3745
4773 978
964 3774
3276 4181
907 2416
997 396
335 1607
4374 4474
3167 1676
4103 2640
3504 1930
349 910
4449 1772
449 219
2036 2222
3570 3931
4224 298
2756 2855
3811 4077
717 975
1648 4152
1414 1308
3168 3040
4944 1741
239 2933
1994 1707
3298 3470
2424 4302
2172 764
4528 3159
1036 3577
2812 3384
2056 1164
3218 3690
4933 4567
4204 2816
171 874
3717 2417
4625 3496
356 3726
4873 1431
3968 3702
2806 4700
2231 2440
4218 1916
3833 2183
834 1444
643 158
4566 2066
3852 376
80 1869
2432 1594
2252 1870
4671 1460
3569 2351
4303 708
328 3126
750 3253
4956 42
1329 2913
2999 4869
4835 1298
4321 3089
4513 4228
3745 1764
978 1209
3774 3025
4181 1231
2416 301
396 1469
1607 4395
4474 950
1676 2201
2640 2508
1930 2533
910 946
1772 1566
219 4703
2222 1622
3931 2937
298 1845
2855 3993
4077 225
975 1390
4152 4416
1308 4581
3040 1720
1741 4338
2933 2847
1707 162
3470 3325
4302 64
764 1225
3159 2826
3577 4118
3384 2068
1164 2425
3690 1577
4567 2367
2816 204
874 2620
2417 2754
3496 4986
3726 70
1431 4743
3702 3068
4700 4897
2440 2079
1916 3617
2183 121
1444 4803
158 2691
2066 3345
376 3610
1869 2954
1594 1436
1870 4750
1460 2512
2351 1119
708 849
3126 283
3253 3286
42 2860
2913 2324
4869 4865
1298 1016
3089 3121
4228 3975
1764 2980
1209 147
3025 316
1231 4791
301 4992
1469 1654
4395 568
950 2164
2201 932
2508 491
2533 299
946 3917
1566 3041
4703 2159
1622 734
2937 685
1845 3303
3993 805
225 1327
1390 3813
4416 4100
4581 4112
1720 4452
4338 2236
2847 2333
162 2689
3325 69
64 663
1225 4029
2826 2071
4118 3762
2068 1458
2425 4857
1577 1451
2367 1941
204 4704
2620 1185
2754 3492
4986 292
70 3307
4743 3425
3068 587
4897 4721
2079 2815
3617 2652
121 561
4803 1595
2691 1364
3345 1914
3610 813
2954 3514
1436 3364
4750 1300
2512 909
1119 4004
849 2361
283 1279
3286 4735
2860 44
2324 2118
4865 4126
1016 4642
3121 1760
3975 3266
2980 840
147 2976
316 4526
4791 1455
4992 3419
1654 281
568 3316
2164 124
932 2865
491 593
299 2785
3917 1219
3041 2340
2159 1825
734 2600
685 445
3303 3258
805 3459
1327 284
3813 894
4100 3584
4112 4372
4452 3930
2236 3608
2333 3312
2689 4043
69 4423
663 3904
4029 1525
2071 1586
3762 3530
1458 2857
4857 2931
1451 1391
1941 4060
4704 135
1185 5013
3492 3236
292 2161
3307 2286
3425 3959
587 4885
4721 3485
2815 3639
2652 4279
561 3882
1595 4444
1364 2932
1914 4620
813 3875
3514 4166
3364 4293
1300 1672
909 140
4004 885
2361 2930
1279 2448
4735 4883
44 1770
2118 3739
4126 3175
4642 1717
1760 1303
3266 4001
840 3427
2976 804
4526 4875
1455 151
3419 2090
281 2894
3316 1186
124 1598
2865 3761
593 4379
2785 1792
1219 4592
2340 3003
1825 4027
2600 2181
445 1359
3258 4705
3459 631
284 1866
894 2574
3584 97
4372 3413
3930 1328
3608 2604
3312 2105
4043 2356
4423 1882
3904 3202
1525 4486
1586 169
3530 2795
2857 2764
2931 1250
1391 4574
4060 2498
135 4231
5013 3914
3236 1515
2161 3824
2286 4438
3959 2316
4885 3357
3485 4565
3639 3128
4279 1553
3882 3249
4444 1379
2932 548
4620 3520
3875 4964
4166 4754
4293 1445
1672 1492
140 1291
885 4154
2930 414
2448 2663
4883 628
1770 3765
3739 3319
3175 4108
1717 1346
1303 2026
4001 872
3427 2342
804 687
4875 3390
151 4748
2090 792
2894 681
1186 2242
1598 386
3761 33
4379 4673
1792 2110
4592 3201
3003 1945
4027 1084
2181 1905
1359 916
4705 3208
631 4597
1866 3284
2574 4125
97 2210
3413 845
1328 2091
2604 1345
2105 2793
2356 608
1882 2149
3202 4740
4486 203
169 1933
2795 1394
2764 721
1250 4753
4574 4669
2498 1330
4231 3848
3914 977
1515 3899
3824 337
4438 3160
2316 3588
3357 95
4565 4841
3128 406
1553 4928
3249 2493
1379 4989
548 4542
3520 848
4964 4385
4754 363
1445 2
1492 4522
1291 2028
4154 660
414 822
2663 3902
628 3859
3765 181
3319 4759
4108 2287
1346 2253
2026 672
872 257
2342 820
687 2831
3390 876
4748 4577
792 3225
681 119
2242 1677
386 3188
33 2005
4673 3876
2110 3134
3201 148
1945 4391
1084 1134
1905 118
916 206
3208 150
4597 4483
3284 100
4125 3716
2210 379
845 1002
2091 3533
1345 630
2793 2664
608 763
2149 2358
4740 3971
203 1344
1933 4825
1394 478
721 5005
4753 3806
4669 2096
1330 58
3848 2298
977 4535
3899 1983
337 1503
3160 3263
3588 2450
95 1476
4841 1466
406 16
4928 1846
2493 1137
4989 1685
4542 4888
848 1568
4385 1417
363 1050
2 1934
4522 1342
2028 461
660 4026
822 756
3902 1762
3859 2406
181 653
4759 1240
2287 4230
2253 1790
672 1627
257 3114
820 4489
2831 59
876 489
4577 4383
3225 1511
119 1022
1677 2583
3188 3113
2005 4082
3876 3304
3134 2227
148 1808
4391 3665
1134 612
118 1961
206 1121
150 351
4483 2027
100 619
3716 3143
379 4572
1002 3562
3533 611
630 2243
2664 4095
763 3525
2358 2429
3971 4476
1344 2684
4825 4911
478 500
5005 2959
3806 2768
2096 1657
58 4030
2298 3502
4535 2363
1983 4155
1503 667
3263 970
2450 1310
1476 637
1466 4813
16 799
1846 2848
1137 4288
1685 2613
4888 145
1568 674
1417 4346
1050 4432
1934 3387
1342 1513
461 176
4026 3804
756 3250
1762 1689
2406 2046
653 2722
1240 4401
4230 4688
1790 2003
1627 1040
3114 4237
4489 3327
59 1576
489 4368
4383 4855
1511 3321
1022 1534
2583 1004
3113 3958
4082 4450
3304 963
2227 4375
1808 995
3665 2879
612 824
1961 3915
1121 3630
351 1204
2027 26
619 3911
3143 1999
4572 2481
3562 3532
611 2599
2243 1258
4095 2559
3525 539
2429 4456
4476 41
2684 842
4911 1889
500 2216
2959 532
2768 2229
1657 3970
4030 2371
3502 4994
2363 3944
4155 3480
667 626
970 4983
1310 2267
637 4093
4813 308
799 1993
2848 4479
4288 512
2613 3638
145 2686
674 1078
4346 2080
4432 2368
3387 1897
1513 4655
176 1684
3804 2947
3250 2753
1689 2648
2046 4332
2722 1285
4401 3334
4688 1496
2003 3462
1040 3841
4237 2411
3327 3028
1576 4644
4368 3918
4855 1474
3321 1603
1534 3071
1004 1980
3958 4314
4450 4465
963 2751
4375 3369
995 3893
2879 1753
824 856
3915 237
3630 1353
1204 4894
26 3832
3911 2801
1999 3073
2481 4068
3532 4410
2599 924
1258 2160
2559 114
539 460
4456 3187
41 3079
842 200
1889 3644
2216 2452
532 2321
2229 581
3970 3634
2371 397
4994 4763
3944 745
3480 1601
626 1335
4983 472
2267 2882
4093 2158
308 76
1993 1081
4479 2338
512 2796
3638 1896
2686 3542
1078 944
2080 1690
2368 3152
1897 2715
4655 3147
1684 4259
2947 1028
2753 1848
2648 2293
4332 3261
1285 4031
3334 2906
1496 4580
3462 4283
3841 2384
2411 4359
3028 3645
4644 1590
3918 4518
1474 4052
1603 2844
3071 1561
1980 1725
4314 4624
4465 117
2751 1812
3369 3735
3893 4833
1753 4745
856 2142
237 2002
1353 2710
4894 3535
3832 5004
2801 2591
3073 4114
4068 30
4410 394
924 1368
2160 127
114 2517
460 4599
3187 144
3079 1841
200 2167
3644 4656
2452 1112
2321 4229
581 2970
3634 3990
397 3417
4763 2016
745 3822
1601 372
1335 1871
472 566
2882 432
2158 3526
76 4670
1081 620
2338 2834
2796 2346
1896 2542
3542 1189
944 3703
1690 1699
3152 1208
2715 3823
3147 3013
4259 607
1028 2673
1848 1800
2293 558
3261 4246
4031 1207
2906 2107
4580 4222
4283 497
2384 2996
4359 3565
3645 4434
1590 360
4518 1106
4052 1316
2844 2938
1561 1413
1725 3004
4624 218
117 2182
1812 1235
3735 2969
4833 860
4745 2396
2142 3963
2002 1126
2710 2900
3535 4023
5004 3626
2591 1457
4114 4067
30 4352
394 3742
1368 2723
127 1969
2517 1960
4599 3604
144 2966
1841 307
2167 456
4656 4323
1112 3980
4229 1422
2970 2606
3990 4110
3417 1998
2016 3053
3822 3781
372 1280
1871 3080
566 2198
432 441
3526 3481
4670 4678
620 1104
2834 4995
2346 3677
2542 2251
1189 3697
3703 1243
1699 4951
1208 1683
3823 3955
3013 3441
607 103
2673 871
1800 425
558 3857
4246 3548
1207 4005
2107 3385
4222 1854
497 1475
2996 4399
3565 1140
4434 633
360 4927
1106 2307
1316 3687
2938 4481
1413 2010
3004 2312
218 1799
2182 3060
1235 3026
2969 253
860 1951
2396 725
3963 1545
1126 2700
2900 4163
4023 3299
3626 4096
1457 4848
4067 1972
4352 3861
3742 161
2723 476
1969 1439
1960 3775
3604 1365
2966 285
307 1261
456 4789
4323 2262
3980 2538
1422 2254
2606 789
4110 609
1998 2135
3053 2714
3781 467
1280 21
3080 2445
2198 2011
441 3894
3481 572
4678 3050
1104 1031
4995 3789
3677 4019
2251 2558
3697 4615
1243 2622
4951 75
1683 657
3955 4339
3441 3320
103 559
871 4128
425 3482
3857 3
3548 2732
4005 412
3385 1287
1854 1093
1475 4447
4399 361
1140 4225
633 3238
4927 3710
2307 3585
3687 196
4481 3621
2010 647
2312 4363
1799 2741
3060 3442
3026 366
253 3377
1951 2973
725 3217
1545 2939
2700 3696
4163 3109
3299 901
4096 4531
4848 194
1972 4948
3861 4788
161 1430
476 1470
1439 4856
3775 3420
1365 1370
285 529
1261 4667
4789 3704
2262 3547
2538 625
2254 2876
789 252
609 584
2135 197
2714 4984
467 1624
21 692
2445 2195
2011 3731
3894 1448
572 287
3050 4912
1031 2291
3789 4121
4019 3657
2558 2962
4615 3787
2622 3234
75 2456
657 786
4339 1530
3320 3289
559 889
4128 313
3482 1651
3 530
2732 803
412 4516
1287 4712
1093 4689
4447 134
361 3642
4225 3138
3238 174
3710 1709
3585 3349
196 2199
3621 1758
647 5001
4363 2058
2741 732
3442 4221
366 2667
3377 768
2973 4968
3217 7
2939 4070
3696 1094
3109 2077
901 3700
4531 1644
194 4147
4948 2774
4788 1139
1430 1660
1470 4049
4856 3863
3420 4774
1370 2955
529 3308
4667 367
3704 2143
3547 2186
625 3388
2876 3439
252 1463
584 2047
197 3088
4984 142
1624 514
692 4935
2195 2910
3731 4490
1448 3494
287 3455
4912 4556
2291 2646
4121 238
3657 2586
2962 483
3787 2923
3234 108
2456 4563
786 1682
1530 3129
3289 1464
889 3489
313 1940
1651 898
530 2531
803 2033
4516 723
4712 2471
4689 2528
134 3611
3642 50
3138 728
174 3031
1709 3338
3349 2669
2199 1517
1758 2828
5001 4942
2058 3009
732 525
4221 4804
2667 3531
768 2212
4968 3365
7 2433
4070 2334
1094 2111
2077 877
3700 1098
1644 1973
4147 1288
2774 4609
1139 2650
1660 3691
4049 2120
3863 193
4774 2690
2955 4210
3308 4369
367 3940
2143 1686
2186 4074
3388 2015
3439 2518
1463 268
2047 137
3088 3534
142 2467
514 4317
4935 3507
2910 3869
4490 3901
3494 3541
3455 1526
4556 2203
2646 2127
238 1484
2586 4828
483 4349
2923 1120
108 3947
4563 4264
1682 1154
3129 3456
1464 2863
3489 1679
1940 2428
898 4693
2531 4975
2033 1970
723 1873
2471 3991
2528 303
3611 741
50 2564
728 3453
3031 1221
3338 3840
2669 4013
1517 40
2828 2128
4942 4998
3009 2344
525 3210
4804 470
3531 4487
2212 4681
3365 4220
2433 4164
2334 3741
2111 1528
877 4719
1098 2060
1973 1570
1288 4079
4609 3164
2650 3723
3691 2914
2120 2888
193 3939
2690 2155
4210 4635
4369 1988
3940 2144
1686 2568
4074 3233
2015 1519
2518 4862
268 2477
137 4967
3534 867
2467 3680
4317 3412
3507 229
3869 1512
3901 1547
3541 3136
1526 623
2203 4185
2127 4593
1484 715
4828 4699
4349 5009
1120 422
3947 4159
4264 1456
1154 578
3456 3406
2863 937
1679 2819
2428 3477
4693 211
4975 3336
1970 1490
1873 2532
3991 1095
303 52
741 2725
2564 1853
3453 4057
1221 2674
3840 2818
4013 434
40 1704
2128 2510
4998 1593
2344 1755
3210 589
470 110
4487 2377
4681 2779
4220 2553
4164 573
3741 854
1528 1191
4719 3418
2060 2414
1570 2972
4079 1178
3164 3579
3723 3874
2914 1301
2888 99
3939 918
2155 2439
4635 4047
1988 4286
2144 4470
2568 473
3233 3780
1519 2579
4862 2391
2477 2628
4967 4175
867 3023
3680 1968
3412 1063
229 4419
1512 3006
1547 138
3136 4140
623 122
4185 1425
4593 569
715 3903
4699 3051
5009 2807
422 4251
4159 1008
1456 1735
578 4920
3406 3949
937 3099
2819 1834
3477 2661
211 4938
3336 1850
1490 462
2532 3571
1095 3194
52 2634
2725 3403
1853 4654
4057 3627
2674 3378
2818 1374
434 3849
1704 2758
2510 474
1593 4668
1755 2724
589 1433
110 1017
2377 2830
2779 1257
2553 2034
573 1392
854 2037
1191 3014
3418 4378
2414 3636
2972 1796
1178 3232
3579 979
3874 1646
1301 3646
99 4451
918 1832
2439 223
4047 938
4286 57
4470 2765
473 227
3780 2810
2579 4853
2391 4136
2628 3628
4175 3227
3023 488
1968 1043
1063 2366
4419 4900
3006 3220
138 258
4140 2472
122 1924
1425 2665
569 2547
3903 5003
3051 3314
2807 2766
4251 4965
1008 3072
1735 2132
4920 3142
3949 2492
3099 378
1834 250
2661 221
4938 3575
1850 4115
462 968
3571 2534
3194 998
2634 1070
3403 1062
4654 2032
3627 4806
3378 4184
1374 2554
3849 987
2758 709
474 1851
4668 4501
2724 1352
1433 3865
1017 4662
2830 2827
1257 1227
2034 155
1392 3493
2037 4575
3014 3483
4378 4381
3636 748
1796 3987
3232 294
979 2043
1646 10
3646 2204
4451 2935
1832 3864
223 1581
938 2944
57 991
2765 4050
227 4261
2810 3924
4853 4028
4136 4985
3628 4105
3227 2013
488 2104
1043 2387
2366 3037
4900 1936
3220 79
258 2990
2472 3805
1924 2241
2665 2846
2547 2146
5003 3183
3314 261
2766 4428
4965 2455
3072 3973
2132 382
3142 1894
2492 1487
378 3154
250 1482
221 740
3575 1638
4115 1710
968 3793
2534 4815
998 891
1070 1127
1062 953
2032 1055
4806 2759
4184 4061
2554 3077
987 3788
709 583
1851 4305
4501 3157
1352 1026
3865 2347
4662 2497
2827 1744
1227 2458
155 2577
3493 3999
4575 1265
3483 3243
4381 4347
748 3986
3987 651
294 163
2043 3275
10 4330
2204 4160
2935 4770
3864 1688
1581 1199
2944 4088
991 3383
4050 2031
4261 1067
3924 1785
4028 61
4985 2343
4105 4460
2013 3192
2104 3322
2387 423
3037 1508
1936 2441
79 130
2990 4177
3805 4530
2241 3605
2846 2589
2146 3015
3183 3104
261 273
4428 3103
2455 3215
3973 2752
382 3326
1894 3937
1487 2004
3154 4632
1482 3288
740 3490
1638 1745
1710 1582
3793 2188
4815 4708
891 486
1127 362
953 1736
1055 2362
2759 4039
4061 1671
3077 208
3788 1246
583 2820
4305 484
3157 2045
1026 2459
2347 4680
2497 1247
1744 66
2458 2140
2577 4377
3999 2644
1265 4764
3243 4417
4347 226
3986 3897
651 3624
163 969
3275 1239
4330 4979
4160 807
4770 4584
1688 773
1199 526
4088 3653
3383 3945
2031 4226
1067 2381
1785 1719
61 753
2343 1634
4460 3744
3192 2365
3322 3161
423 1985
1508 904
2441 2139
130 1052
4177 2359
4530 4551
3605 259
2589 282
3015 788
3104 2228
273 4255
3103 2895
3215 4720
2752 925
3326 1860
3937 4792
2004 3943
4632 546
3288 2676
3490 2978
1745 1375
1582 1953
2188 4207
4708 2849
486 1467
362 4506
1736 254
2362 760
4039 4887
1671 4838
208 2869
1246 141
2820 3884
484 865
2045 4495
2459 3851
4680 3796
1247 4991
66 739
2140 1136
4377 4980
2644 87
4764 3612
4417 4793
226 2213
3897 1872
3624 1318
969 392
1239 2588
4979 1148
807 3870
4584 2946
773 1270
526 776
3653 1313
3945 4002
4226 3616
2381 2064
1719 3890
753 215
1634 2694
3744 2323
2365 2480
3161 4130
1985 3125
904 3410
2139 3278
1052 4405
2359 1109
4551 716
259 1338
282 3517
788 4280
2228 782
4255 1650
2895 2400
4720 154
925 1900
1860 3500
4792 3769
3943 1550
546 437
2676 3048
2978 3862
1375 2092
1953 466
4207 3977
2849 3107
1467 2904
4506 2239
254 4138
760 2329
4887 402
4838 3921
2869 2837
141 4291
3884 4787
865 3574
4495 342
3851 4771
3796 1915
4991 3513
739 2545
1136 1518
4980 1333
87 1361
3612 1675
4793 881
2213 2451
1872 1738
1318 1620
392 2607
2588 4022
1148 4463
3870 3148
2946 3709
1270 3070
776 3682
1313 2038
4002 844
3616 4435
2064 4657
3890 1201
215 744
2694 920
2323 1867
2480 2094
4130 2623
3125 3727
3410 677
3278 4899
4405 324
1109 2170
716 1659
1338 4161
3517 2908
4280 202
782 4950
1650 4611
2400 2138
154 454
1900 2920
3500 4400
3769 2770
1550 846
437 1632
3048 1536
3862 993
2092 2209
466 2672
3977 2187
3107 4843
2904 4622
2239 2162
4138 4757
2329 2605
402 3718
3921 1693
2837 1828
4291 426
4787 350
3574 2474
342 1177
4771 1409
1915 4010
3513 4958
2545 636
1518 4510
1333 457
1361 4650
1675 2570
881 1501
2451 1254
1738 4648
1620 2354
2607 4358
4022 2986
4463 2285
3148 839
3709 407
3070 2790
3682 1734
2038 465
844 1522
4435 1158
4657 1759
1201 3829
744 1271
920 582
1867 2112
2094 1786
2623 2024
3727 906
677 3174
4899 3185
324 1637
2170 2310
1659 3961
4161 2767
2908 662
202 2800
4950 1132
4611 794
2138 933
454 1840
2920 2575
4400 2088
2770 3479
846 2695
1632 3468
1536 4940
993 2466
2209 3669
2672 2792
2187 2697
4843 296
4622 314
2162 713
4757 2529
2605 3752
3718 1958
1693 4909
1828 3633
426 550
350 4172
2474 3061
1177 1348
1409 4647
4010 1892
4958 3318
636 2274
4510 2117
457 1202
4650 357
2570 2087
1501 2651
1254 2306
4648 698
2354 814
4358 1649
2986 4471
2285 1919
839 2053
407 2927
2790 4521
1734 3698
465 2890
1522 2530
1158 1810
1759 1949
3829 3776
1271 1664
582 783
2112 4696
1786 74
2024 3436
906 3353
3174 3487
3185 3381
1637 4502
2310 1295
3961 2462
2767 518
662 209
2800 429
1132 900
794 175
933 2561
1840 3247
2575 4270
2088 640
3479 1138
2695 1604
3468 1423
4940 4116
2466 859
3669 2156
2792 1311
2697 4235
296 63
314 450
713 895
2529 3226
3752 286
1958 4890
4909 2841
3633 3221
550 1035
4172 1578
3061 752
1348 2374
4647 2891
1892 3184
3318 1773
2274 2838
2117 4073
1202 2629
357 4066
2087 1748
2651 1678
2306 4868
698 1585
814 4543
1649 4480
4471 1645
1919 73
2053 1277
2927 170
4521 4162
3698 2453
2890 3654
2530 4640
1810 3672
1949 2856
3776 2727
1664 2711
783 1981
4696 2020
74 2509
3436 2587
3353 3722
3487 4548
3381 4046
4502 1565
1295 1089
2462 4741
518 2373
209 1358
429 2301
900 1782
175 3820
2561 613
3247 2125
4270 1092
640 2271
1138 4691
1604 3340
1423 1493
4116 1868
859 714
2156 3815
1311 1389
4235 2331
63 4167
450 841
895 3044
3226 3854
286 1563
4890 1064
2841 2594
3221 1013
1035 3373
1578 2175
752 2488
2374 3758
2891 730
3184 1129
1773 1108
2838 4981
4073 3816
2629 499
4066 4715
1748 1777
1678 4895
4868 355
1585 1750
4543 216
4480 4863
1645 1174
73 1574
1277 3670
170 2030
4162 3763
2453 1816
3654 1589
4640 4588
3672 4090
2856 905
2727 1742
2711 4616
1981 2872
2020 3853
2509 1082
2587 3966
3722 498
4548 2336
4046 4538
1565 507
1089 4519
4741 1928
2373 2501
1358 4488
2301 4690
1782 2968
3820 4595
613 3139
2125 4790
1092 34
2271 189
4691 2007
3340 3506
1493 2797
1868 5007
714 2546
3815 2877
1389 3057
2331 98
4167 2823
841 2822
3044 959
3854 767
1563 3277
1064 747
2594 1399
1013 2430
3373 4653
2175 3536
2488 3171
3758 780
730 3404
1129 3759
1108 563
4981 914
3816 2317
499 522
4715 416
1777 1633
4895 4926
355 1000
1750 2341
216 862
4863 2687
1174 1695
1574 2804
3670 1639
2030 3988
3763 1813
1816 1835
1589 3486
4588 3386
4090 2991
905 1435
1742 2130
4616 931
2872 323
3853 1992
1082 1176
3966 1483
498 2023
2336 3282
4538 1523
507 1929
4519 1722
1928 3002
2501 778
4488 1564
4690 1075
2968 1763
4595 4194
3139 2572
4790 4879
34 1814
189 1874
2007 3342
3506 2902
2797 182
5007 3302
2546 1506
2877 1053
3057 1681
98 1290
2823 555
2822 1011
959 654
767 184
3277 338
747 1071
1399 942
2430 38
4653 2283
3536 1912
3171 433
780 2126
3404 3465
3759 3137
563 2522
914 265
2317 1044
522 152
416 3912
1633 4929
4926 228
1000 4197
2341 4012
862 3950
2687 326
1695 3770
2804 602
1639 1404
3988 3093
1813 375
1835 358
3486 4122
3386 3269
2991 1038
1435 4590
2130 3290
931 1172
323 536
1992 929
1176 3389
1483 3984
2023 409
3282 624
1523 3396
1929 2133
1722 1701
3002 3464
778 4709
1564 3666
1075 2965
1763 334
4194 2781
2572 504
4879 4351
1814 2042
1874 3437
3342 1907
2902 13
182 2303
3302 4249
1506 850
1053 4651
1681 249
1290 1020
555 3746
1011 2412
654 4496
184 2089
338 1222
1071 4999
942 1491
38 4772
2283 4672
1912 4234
433 675
2126 981
3465 3891
3137 965
2522 419
265 3063
1044 508
152 3087
3912 4048
4929 4617
228 3075
4197 2345
4012 4142
3950 443
326 3508
3770 3683
602 4645
1404 695
3093 1927
375 3214
358 1480
4122 4455
3269 4032
1038 180
4590 1315
3290 1521
1172 201
536 2515
929 3140
3389 2514
3984 2704
409 1161
624 2988
3396 971
2133 4143
1701 3291
3464 1182
4709 19
3666 3430
2965 3509
334 1831
2781 3522
504 195
4351 166
2042 2434
3437 1923
1907 1362
13 4896
2303 704
4249 3463
850 290
4651 427
249 2041
1020 1162
3746 3422
2412 2811
4496 1100
2089 2729
1222 2557
4999 3622
1491 3625
4772 20
4672 3651
4234 1160
675 2645
981 4071
3891 3729
965 3784
419 884
3063 3734
508 2750
3087 999
4048 1757
4617 4281
3075 665
2345 1920
4142 377
443 3615
3508 4328
3683 4459
4645 393
695 1397
1927 1115
3214 3237
1480 4775
4455 809
4032 2360
180 270
1315 2248
1521 903
201 4870
2515 1554
3140 3287
2514 3046
2704 295
1161 1449
2988 3235
971 765
4143 3297
3291 2280
1182 4362
19 2393
3430 521
3509 4824
1831 1557
3522 346
195 1974
166 4886
2434 4524
1923 4728
1362 3850
4896 2743
704 2949
3463 4892
290 1926
427 3497
2041 2638
1162 167
3422 352
2811 1541
1100 520
2729 4243
2557 4153
3622 974
3625 2911
20 656
3651 4485
1160 4205
2645 1465
4071 1170
3729 1708
3784 4686
884 2985
3734 1776
2750 2519
999 348
1757 4298
4281 1319
665 2716
1920 263
377 157
3615 4310
4328 2098
4459 2580
393 1591
1397 1249
1115 4505
3237 4861
4775 1378
809 4558
2360 1099
270 1125
2248 2621
903 1606
4870 1146
1554 2859
3287 3725
3046 4613
295 4104
1449 947
3235 3664
765 777
3297 242
2280 3997
4362 4186
2393 3162
521 2208
4824 4805
1557 3042
346 915
1974 3131
4886 2171
4524 3366
4728 736
3850 2873
2743 3246
2949 1442
4892 837
1926 4881
3497 590
2638 802
167 3828
352 1964
1541 3382
520 4168
4243 1861
4153 4313
974 4320
2911 3305
656 3985
4485 4276
4205 3323
1465 4016
1170 2660
1708 1878
4686 4443
2985 1489
1776 1716
2519 2881
348 2145
4298 4996
1319 4854
2716 3205
263 374
157 2755
4310 2052
2098 966
2580 1864
1591 18
1249 1721
4505 1950
4861 2836
1378 3392
4558 1656
1099 1642
1125 2659
2621 4348
1606 545
1146 3546
2859 413
3725 479
4613 800
4104 4559
947 3056
3664 4472
777 3686
242 149
3997 4795
4186 3165
3162 598
2208 3592
4805 1437
3042 4977
915 1899
3131 2454
2171 3873
3366 3328
736 1991
2873 403
3246 2892
1442 879
837 4373
4881 3855
590 3839
802 3544
3828 1673
1964 4253
3382 1153
4168 2839
1861 1116
4313 3445
4320 4421
3305 4564
3985 3446
4276 1135
3323 302
4016 1824
2660 3736
1878 3539
4443 4573
1489 4959
1716 1131
2881 3521
2145 2636
4996 4600
4854 2943
3205 2035
374 1625
2755 4583
2052 4866
966 11
1864 4219
18 1367
1721 3559
1950 2388
2836 116
3392 3294
1656 1952
1642 890
2659 4934
4348 262
545 4146
3546 3005
413 4987
479 4011
800 2615
4559 4844
3056 1037
4472 1097
3686 3024
149 4961
4795 3965
3165 3153
598 2072
3592 1042
1437 870
4977 1418
1899 2989
2454 2567
3873 2202
3328 2798
1991 4245
403 1703
2892 1752
879 1875
4373 3941
3855 4157
3839 4884
3544 2813
1673 1857
4253 4190
1153 2854
2839 3708
1116 1340
3445 2658
4421 4311
4564 936
3446 869
1135 1014
302 2982
1824 3262
3736 2794
3539 1130
4573 557
4959 4508
1131 836
3521 4552
2636 2018
4600 3173
2943 961
2035 2357
1625 2076
4583 4045
4866 387
11 1294
4219 2475
1367 710
3559 1836
2388 2050
116 4388
3294 4411
1952 2926
890 1188
4934 4782
262 1802
4146 585
3005 1183
4987 368
4011 1665
2615 3268
4844 1046
1037 4258
1097 2921
3024 3523
4961 1838
3965 2438
3153 1395
2072 3444
1042 4990
870 4674
1418 1155
2989 4663
2567 3362
2202 886
2798 3189
4245 4271
1703 2525
1752 982
1875 1034
3941 2562
4157 3929
4884 2152
2813 2630
1857 1427
4190 383
2854 645
3708 3652
1340 2992
2658 4213
4311 4278
936 1931
869 4598
1014 1879
2982 156
3262 3925
2794 2734
1130 1041
557 4198
4508 2279
836 132
4552 1906
2018 4119
3173 3394
961 2757
2357 505
2076 293
4045 2653
387 3529
1294 4799
2475 4242
710 1354
1836 1548
2050 3011
4388 2582
4411 37
2926 1611
1188 5002
4782 381
1802 3572
585 68
1183 2952
368 720
1665 2422
3268 1904
1046 1743
4258 1761
2921 3843
3523 4514
1838 1372
2438 1819
1395 4113
3444 2642
4990 719
4674 3330
1155 1415
4663 2578
3362 857
886 3401
3189 2137
4271 2044
2525 1944
982 2446
1034 4631
2562 2151
3929 2268
2152 220
2630 1453
1427 3555
383 3974
645 2275
3652 599
2992 3845
4213 4682
4278 4075
1931 4429
4598 1473
1879 1855
156 3034
3925 1224
2734 3065
1041 306
4198 354
2279 892
132 3190
1906 3466
4119 1268
3394 4257
2757 4837
505 1341
293 1400
2653 4308
3529 1203
4799 90
4242 3343
1354 3798
1548 1978
3011 3212
2582 5006
37 1858
1611 1156
5002 1509
381 594
3572 3209
68 1910
2952 3613
720 3476
2422 4937
1904 3568
1743 2511
1761 3878
3843 2592
4514 1718
1372 3424
1819 3587
4113 868
2642 3335
719 2302
3330 3021
1415 1105
2578 4448
857 4309
3401 271
2137 4367
2044 3207
1944 395
2446 4422
4631 4055
2151 4914
2268 1009
220 3913
1453 2864
3555 3329
3974 53
2275 565
599 4402
3845 2169
4682 2398
4075 3773
4429 2809
1473 2595
1855 4441
3034 4591
1224 2526
3065 1963
306 603
354 28
892 1602
3190 3856
3466 82
1268 2680
4257 55
4837 2174
1341 3594
1400 2288
4308 4065
1203 3032
90 289
3343 649
3798 269
1978 3094
3212 365
5006 659
1858 4916
1156 1210
1509 3106
594 2609
3209 955
1910 3810
3613 1229
3476 2075
4937 682
3568 319
2511 3650
3878 1005
2592 4191
1718 3598
3424 3501
3587 2001
868 1623
3335 2219
2302 4277
3021 1401
1105 455
4448 2320
4309 2641
271 371
4367 5014
3207 1248
395 1289
4422 851
4055 606
4914 1212
1009 2157
3913 4649
2864 336
3329 3836
53 4756
565 1670
4402 2237
2169 2737
2398 774
3773 1117
2809 1228
2595 642
4441 188
4591 4797
2526 1407
1963 3078
603 3972
28 2328
1602 4017
3856 3472
82 3112
2680 1989
55 3837
2174 2540
3594 2817
2288 2122
4065 494
3032 2584
289 3260
649 3038
269 2006
3094 4659
365 300
659 3200
4916 3558
1210 4512
3106 1184
2609 1236
955 4201
3810 967
1229 311
2075 1977
682 2294
319 128
3650 1021
1005 1783
4191 415
3598 1197
3501 4
2001 646
1623 2573
2219 3938
4277 1948
1401 3778
455 1380
2320 4726
2641 304
371 2240
5014 3339
1248 887
1289 4036
851 912
606 4818
1212 3293
2157 4507
4649 1694
336 487
3836 4389
4756 2739
1670 921
2237 1737
2737 1251
774 678
1117 3245
1228 691
642 3772
188 3872
4797 4033
1407 4910
3078 641
3972 4677
2328 1674
4017 4044
3472 3996
3112 4800
1989 4180
3837 439
2540 4458
2817 3771
2122 4056
494 1712
2584 3271
3260 2814
3038 3499
2006 3785
4659 2379
300 1599
3200 2647
3558 2977
4512 1967
1184 4710
1236 3344
4201 3052
967 4850
311 3315
1977 3122
2294 588
128 4930
1021 3719
1783 2701
415 828
1197 4816
4 4579
646 1842
2573 1123
3938 4760
1948 3279
3778 2295
1380 4018
4726 4925
304 94
2240 51
3339 3281
887 1054
4036 4614
912 3858
4818 4333
3293 2596
4507 3767
1694 1560
487 3601
4389 4468
2739 347
921 321
1737 4282
1251 1902
678 655
3245 398
691 2124
3772 1543
3872 3193
4033 3206
4910 3715
641 2507
4677 464
1674 1729
4044 761
3996 3942
4800 3295
4180 3443
439 3405
4458 1323
3771 2215
4056 4685
1712 3452
3271 3092
2814 1477
3499 976
3785 2593
2379 835
1599 1494
2647 3347
2977 4318
1967 3649
4710 4380
3344 3981
3052 4831
4850 3889
3315 705
3122 1454
588 2537
4930 4342
3719 1388
2701 3757
828 4808
4816 4064
4579 3333
1842 1187
1123 198
4760 4605
3279 3614
2295 4761
4018 45
4925 43
94 2527
51 305
3281 819
1054 618
4614 1010
3858 543
4333 1332
2596 14
3767 4097
1560 4008
3601 115
4468 1284
347 3101
321 1540
4282 2259
1902 3310
655 424
398 2315
2124 212
1543 2917
3193 4436
3206 4415
3715 3643
2507 3491
464 1537
1729 1830
761 4692
3942 4846
3295 1781
3443 2081
3405 3673
1323 3473
2215 4266
4685 949
3452 3431
3092 4606
1477 4923
976 6
2593 3946
835 1532
1494 1350
3347 4733
4318 495
3649 3054
4380 2163
3981 56
4831 2299
3889 3132
705 4211
1454 1074
2537 3835
4342 4724
1388 1600
3757 4842
4808 1193
4064 3359
3333 2624
1187 3887
198 4042
4605 3563
3614 2353
4761 2625
45 2282
43 2964
2527 3800
305 123
819 3827
618 2773
1010 2749
543 459
1332 2845
14 3825
4097 4906
4008 3022
115 1426
1284 1278
3101 4723
1540 2521
2259 4758
3310 2314
424 3096
2315 4406
212 4779
2917 1801
4436 4872
4415 635
3643 3478
3491 4123
1537 825
1830 2109
4692 3150
4846 1771
1781 2141
2081 2277
3673 2761
3473 1614
4266 2234
949 3361
3431 2349
4606 1241
4923 4917
6 3395
3946 2244
1532 743
1350 564
4733 3176
495 3105
3054 2744
2163 3648
56 3118
2299 3995
3132 3809
4211 4498
1074 2413
3835 444
4724 1697
1600 4493
4842 2476
1193 4924
3359 1307
2624 3566
3887 4864
4042 3750
3563 3416
2353 3454
2625 1163
2282 4587
2964 3706
3800 812
123 2086
3827 4627
2773 4120
2749 4762
459 1822
2845 3596
3825 1668
4906 2703
3022 690
1426 1619
1278 4187
4723 3678
2521 638
4758 172
2314 1726
3096 4534
4406 4908
4779 4433
1801 919
4872 818
635 1479
3478 2246
4123 3730
825 469
2109 4109
3150 3740
1771 481
2141 4403
2277 1232
2761 2176
1614 4913
2234 1495
3361 1946
2349 759
1241 1966
4917 4354
3395 3265
2244 4780
743 4963
564 1147
3176 2012
3105 4484
2744 485
3648 3440
3118 3110
3995 1373
3809 47
4498 3952
2413 1447
444 2121
1697 693
4493 2401
2476 3705
4924 4971
1307 4634
3566 4299
4864 187
3750 1085
3416 2975
3454 3084
1163 1995
4587 4306
3706 5012
812 1852
2086 3135
4627 523
4120 2771
4762 1381
1822 3149
3596 2225
1668 4094
2703 2677
690 923
1619 2309
4187 1768
3678 4384
638 2835
172 3216
1726 3989
4534 4080
4908 3231
4433 3747
919 1079
818 604
1479 2102
2246 2958
3730 3199
469 2940
4109 4988
3740 2516
481 4778
4403 1068
1232 2230
2176 3008
4913 222
1495 3360
1946 4145
759 762
1966 458
4354 4183
3265 4425
4780 3799
4963 2136
1147 2657
2012 2123
4484 3838
485 4585
3440 2070
3110 341
1373 168
47 4195
3952 3803
1447 451
2121 4238
693 3267
2401 1767
3705 3313
4971 893
4634 939
4299 3766
187 4227
1085 3177
2975 4335
3084 3573
1995 4209
4306 2197
5012 1060
1852 2166
3135 1558
523 4541
2771 3223
1381 899
3149 4051
2225 4059
4094 3451
2677 838
923 2871
2309 724
1768 2909
4384 1276
2835 4517
3216 2696
3989 3576
4080 2014
3231 4568
3747 4918
1079 4945
604 3712
2102 4683
2958 1856
3199 2616
2940 3842
4988 913
2516 2489
4778 4370
1068 136
2230 1376
3008 1443
222 2608
3360 1312
4145 683
762 4555
458 4453
4183 1778
4425 2656
3799 3631
2136 1886
2657 2565
2123 2465
3838 1151
4585 4874
2070 2168
341 4921
168 960
4195 597
3803 4557
451 3039
4238 3756
3267 2536
1767 2405
3313 711
893 2639
939 2627
3766 1922
4227 3186
3177 2950
4335 592
3573 1383
4209 2788
2197 718
1060 902
2166 1237
1558 2410
4541 2550
3223 3346
899 621
4051 4408
4059 1032
3451 2486
838 236
2871 2681
724 3641
2909 2473
1276 2057
4517 2840
2696 3007
3576 4711
2014 2479
4568 4982
4918 3348
4945 4768
3712 652
4683 1366
1856 482
2616 3920
3842 2040
913 538
2489 2998
4370 4707
136 1544
1376 3881
1443 345
2608 4623
1312 385
683 1911
4555 829
4453 1749
1778 2929
2656 4737
3631 4904
