3214
2967 2734
2967 1114
2967 2626
2967 2993
2734 106
2734 2472
2734 2824
2734 2369
1114 3181
2626 1290
2626 1134
2626 1520
2626 116
2993 713
2993 608
106 1545
106 175
2472 1771
2472 173
2824 1419
2824 3011
2369 1150
2369 1221
2369 1743
2369 2784
3181 2160
1290 584
1290 1513
1290 209
1134 2817
1134 2776
1134 1629
1134 1298
1520 633
116 2373
116 726
713 737
713 234
713 2562
608 1594
608 2940
1545 706
1545 494
1545 1000
175 2514
1771 2525
1771 2129
1771 2460
1771 2701
173 2587
173 3066
1419 1185
1419 1503
3011 1745
1150 198
1150 2618
1221 81
1221 359
1743 752
2784 1024
2784 962
2160 917
584 1060
1513 867
1513 1741
209 771
2817 2158
2776 753
1629 2597
1629 1787
1298 2926
1298 379
633 1585
2373 741
726 583
737 1645
234 1337
234 767
2562 369
1594 2299
1594 2586
2940 1855
706 355
494 2453
1000 2032
2514 343
2525 3071
2129 497
2460 1606
2701 2395
2587 535
3066 2869
1185 473
1503 49
1745 590
198 1427
2618 2934
81 1382
359 2890
752 2100
1024 1208
962 1161
917 2583
1060 464
867 461
1741 1407
771 1772
2158 237
753 2885
2597 2402
1787 2610
2926 3067
379 3212
1585 2230
741 1374
583 2706
1645 1065
1337 1458
767 1411
369 2592
2299 570
2586 59
1855 71
355 2924
2453 375
2032 1832
343 3039
3071 991
497 2077
1606 2414
2395 3093
535 747
2869 3188
473 1231
49 2052
590 2256
1427 960
2934 1155
1382 2802
2890 873
2100 170
1208 314
1161 1647
2583 362
464 1171
461 1697
1407 142
1772 715
237 2772
2885 232
2402 1014
2610 2654
3067 3118
3212 48
2230 434
1374 3089
2706 1638
1065 1455
1458 1683
1411 2445
2592 129
570 2557
59 2028
71 3192
2924 2122
375 2801
1832 856
3039 1495
991 2104
2077 1874
2414 1268
3093 390
747 2637
3188 2748
1231 2495
2052 1901
2256 1168
960 24
1155 2343
2802 1979
873 2293
170 2235
314 298
1647 1380
362 754
1171 1726
1697 1375
142 2462
715 16
2772 600
232 1222
1014 2504
2654 2939
3118 2729
48 1324
434 2556
3089 1339
1638 436
1455 914
1683 1360
2445 559
129 607
2557 1223
2028 321
3192 2108
2122 794
2801 2006
856 707
1495 2286
2104 1182
1874 1386
1268 834
390 1053
2637 2601
2748 2703
2495 1103
1901 2096
1168 2604
24 1403
2343 2225
1979 292
2293 649
2235 640
298 646
1380 3121
754 1350
1726 1183
1375 2973
2462 2089
16 770
600 466
1222 1209
2504 1792
2939 199
2729 1394
1324 1422
2556 531
1339 2698
436 1095
914 2758
1360 2788
559 1128
607 2312
1223 2049
321 2668
2108 309
794 1347
2006 2700
707 1786
2286 2823
1182 2317
1386 999
834 1915
1053 564
2601 1774
2703 2156
1103 1553
2096 405
2604 2982
1403 1630
2225 885
292 57
649 627
640 843
646 33
3121 634
1350 951
1183 448
2973 1752
2089 575
770 1101
466 35
1209 357
1792 1069
199 456
1394 2398
1422 3064
531 595
2698 1045
1095 121
2758 886
2788 147
1128 119
2312 326
2049 2893
2668 3056
309 2454
1347 1947
2700 1817
1786 2794
2823 2984
2317 2732
999 1740
1915 140
564 1860
1774 2913
2156 295
1553 1111
405 596
2982 79
1630 2351
885 973
57 2275
627 1805
843 1143
33 1343
634 2850
951 1955
448 943
1752 3088
575 969
1101 3180
35 1457
357 2263
1069 2243
456 1340
2398 2548
3064 2845
595 1737
1045 1263
121 1127
886 569
147 2925
119 1982
326 1018
2893 2751
3056 3147
2454 429
1947 669
1817 3094
2794 117
2984 2191
2732 2078
1740 2568
140 2221
1860 3034
2913 2911
295 1276
1111 1355
596 1124
79 2535
2351 798
973 1699
2275 2699
1805 1519
1143 1196
1343 806
2850 2335
1955 2003
943 1858
3088 802
969 1399
3180 1089
1457 437
2263 2226
2243 2843
1340 857
2548 2590
2845 1318
1737 1294
1263 722
1127 2574
569 1431
2925 2066
1982 508
1018 2564
2751 2128
3147 938
429 1959
669 84
3094 2880
117 64
2191 1639
2078 891
2568 2793
2221 2673
3034 3017
2911 513
1276 3128
1355 2775
1124 3102
2535 1315
798 1465
1699 1074
2699 2787
1519 183
1196 160
806 2912
2335 1833
2003 1181
1858 500
802 629
1399 1267
1089 884
437 3036
2226 712
2843 2552
857 469
2590 774
1318 1923
1294 2389
722 2248
2574 899
1431 3054
2066 882
508 1482
2564 1011
2128 864
938 945
1959 944
84 2059
2880 507
64 683
1639 2864
891 566
2793 2205
2673 585
3017 2063
513 825
3128 435
2775 2755
3102 760
1315 1061
1465 2591
1074 2463
2787 2376
183 708
160 2768
2912 1306
1833 1776
1181 1568
500 2519
629 1827
1267 2036
884 443
3036 2123
712 86
2552 383
469 1252
774 2964
1923 2960
2389 2647
2248 1506
899 851
3054 2975
882 2229
1482 1446
1011 2071
864 1773
945 1364
944 3092
2059 1925
507 1468
683 20
2864 1282
566 935
2205 2614
585 3048
2063 2567
825 370
435 1565
2755 1224
760 739
1061 928
2591 1308
2463 2056
2376 1657
708 1768
2768 1180
1306 2726
1776 1656
1568 398
2519 2642
1827 2302
2036 918
443 2622
2123 2068
86 1919
383 1578
1252 1
2964 1615
2960 931
2647 376
1506 3069
851 803
2975 100
2229 87
1446 280
2071 2666
1773 2060
1364 2134
3092 812
1925 1001
1468 3126
20 602
1282 2475
935 2265
2614 1003
3048 2547
2567 2478
370 2095
1565 2211
1224 1660
739 1818
928 251
1308 2526
2056 1896
1657 2483
1768 2041
1180 2004
2726 1899
1656 330
398 2694
2642 1187
2302 1869
918 22
2622 1067
2068 1435
1919 229
1578 27
1 2588
1615 2192
931 1478
376 296
3069 2496
803 639
100 17
87 2143
280 166
2666 1170
2060 1449
2134 2356
812 2367
1001 2966
3126 2366
602 1613
2475 414
2265 659
1003 2995
2547 1977
2478 373
2095 2536
2211 2771
1660 1436
1818 859
251 1865
2526 2190
1896 2764
2483 3125
2041 672
2004 2688
1899 2853
330 1684
2694 1547
1187 2675
1869 2072
22 423
1067 2438
1435 2608
229 846
27 3005
2588 2136
2192 1531
1478 2867
296 2375
2496 2783
639 21
17 1618
2143 252
166 937
1170 2664
1449 1877
2356 1830
2367 1023
2966 415
2366 2408
1613 2731
414 2992
659 2621
2995 82
1977 306
373 1412
2536 1230
2771 3043
1436 613
859 1876
1865 455
2190 207
2764 277
3125 2330
672 1413
2688 2551
2853 498
1684 1190
1547 1414
2675 959
2072 3021
423 1472
2438 2358
2608 2901
846 2779
3005 2611
2136 3204
1531 533
2867 1479
2375 1469
2783 3173
21 2255
1618 1767
252 2419
937 2239
2664 915
1877 275
1830 2728
1023 1259
415 2416
2408 686
2731 2945
2992 2938
2621 1415
82 3149
306 3189
1412 1824
1230 2126
3043 1336
613 144
1876 1321
455 1278
207 2441
277 894
2330 55
1413 865
2551 1291
498 890
1190 2338
1414 1978
959 549
3021 775
1472 446
2358 1344
2901 2797
2779 518
2611 1052
3204 995
533 1685
1479 2910
1469 1700
3173 3044
2255 3086
1767 1755
2419 111
2239 1962
915 1066
275 1210
2728 3183
1259 1733
2416 2922
686 742
2945 2219
2938 740
1415 1148
3149 1342
3189 2400
1824 2717
2126 1432
1336 965
144 2272
1321 2120
1278 324
2441 1424
894 1604
55 2162
865 1397
1291 571
890 2753
2338 418
1978 975
549 1425
775 2795
446 2599
1344 2289
2797 2008
518 2873
1052 2394
995 2660
1685 1390
2910 442
1700 1837
3044 1016
3086 2999
1755 2946
111 1090
1962 565
1066 2839
1210 269
3183 548
1733 1916
2922 2110
742 2282
2219 545
740 105
1148 1084
1342 2379
2400 1099
2717 303
1432 1441
965 1542
2272 827
2120 1948
324 1078
1424 893
1604 1799
2162 2681
1397 1512
571 322
2753 909
418 573
975 3136
1425 2193
2795 2405
2599 3199
2289 920
2008 1396
2873 546
2394 666
2660 2858
1390 1255
442 331
1837 1460
1016 110
2999 1966
2946 336
1090 682
565 1135
2839 1487
269 26
548 1580
1916 2891
2110 1043
2282 316
545 270
105 2998
1084 1149
2379 1311
1099 1748
303 159
1441 3139
1542 1035
827 2881
1948 2081
1078 728
893 879
1799 1434
2681 828
1512 3122
322 2674
909 985
573 467
3136 2443
2193 1764
2405 83
3199 2124
920 38
1396 2733
546 3038
666 1309
2858 2085
1255 272
331 1054
1460 151
110 285
1966 1031
336 2815
682 1536
1135 1037
1487 717
26 342
1580 204
2891 2809
1043 2770
316 3168
270 137
2998 2846
1149 385
1311 1881
1748 2264
159 2175
3139 1177
1035 2909
2881 1844
2081 536
728 2578
879 1859
1434 1338
828 1087
3122 1073
2674 2661
985 346
467 2436
2443 1044
1764 3185
83 1622
2124 1248
38 1372
2733 588
3038 1189
1309 2920
2085 2977
272 439
1054 2972
151 1529
285 311
1031 1944
2815 2025
1536 2325
1037 2466
717 1518
342 1724
204 120
2809 138
2770 1891
3168 2613
137 758
2846 1560
385 2365
1881 2153
2264 1004
2175 3106
1177 1049
2909 475
1844 381
536 2363
2578 2152
1859 1591
1338 2154
1087 19
1073 2832
2661 219
346 2406
2436 374
1044 2074
3185 2502
1622 2528
1248 1345
1372 2013
588 695
1189 289
2920 2789
2977 449
439 2015
2972 1247
1529 433
311 3191
1944 3009
2025 2236
2325 1537
2466 2744
1518 2491
1724 396
120 2814
138 2140
1891 3095
2613 2761
758 2233
1560 1917
2365 2560
2153 651
1004 1522
3106 1829
1049 1828
475 1815
381 1198
2363 2746
2152 2632
1591 1036
2154 1145
19 2065
2832 1701
219 3113
2406 1169
374 3111
2074 1070
2502 1539
2528 1637
1345 1362
2013 1875
695 2180
289 3041
2789 1012
449 2324
2015 2865
1247 2936
433 1957
3191 133
3009 3024
2236 847
1537 352
2744 254
2491 2904
396 1159
2814 1643
2140 2397
3095 1310
2761 587
2233 1709
1917 924
2560 1454
651 3012
1522 1341
1829 2281
1828 1926
1815 226
1198 182
2746 2217
2632 1599
1036 3209
1145 453
2065 836
1701 479
3113 1160
1169 3035
3111 101
1070 2274
1539 2646
1637 1586
1362 1271
1875 2271
2180 2238
3041 1682
1012 313
2324 1882
2865 2676
2936 1863
1957 1244
133 2170
3024 780
847 815
352 538
254 3203
2904 2440
1159 1907
1643 2301
2397 916
1310 1237
587 593
1709 3143
924 702
1454 2259
3012 1744
1341 2196
2281 102
1926 208
226 1365
182 1038
2217 2250
1599 1502
3209 1400
453 1453
836 2643
479 1193
1160 2928
3035 2493
101 2340
2274 2080
2646 310
1586 450
1271 1369
2271 1980
2238 2182
1682 1924
313 2350
1882 814
2676 2200
1863 193
1244 481
2170 2680
780 1769
815 2539
538 689
3203 2532
2440 2323
1907 933
2301 1205
916 2876
1237 447
593 1352
3143 416
702 387
2259 537
1744 553
2196 1662
102 1361
208 327
1365 2030
1038 3120
2250 8
1502 1051
1400 236
1453 412
2643 811
1193 2067
2928 748
2493 1258
2340 1009
2080 184
310 1532
450 3013
1369 998
1980 1648
2182 2716
1924 2656
2350 1295
814 1184
2200 29
193 1921
481 3058
2680 540
1769 2147
2539 1378
689 777
2532 3000
2323 1888
933 980
1205 718
2876 2039
447 65
1352 283
416 2401
387 1986
537 263
553 983
1662 781
1361 532
327 3176
2030 3179
3120 845
8 486
1051 1756
236 854
412 1670
811 2844
2067 2554
748 404
1258 3109
1009 2507
184 2944
1532 577
3013 2948
998 1116
1648 2697
2716 249
2656 3159
1295 2689
1184 2609
29 297
1921 877
3058 2245
540 93
2147 1474
1378 2820
777 1746
3000 2624
1888 202
980 2942
718 344
2039 2035
65 114
283 2818
2401 1650
1986 278
263 243
983 1383
781 1540
532 769
3176 2417
3179 2257
845 1708
486 23
1756 3027
854 2099
1670 2017
2844 2347
2554 2687
404 2399
3109 529
2507 2210
2944 677
577 181
2948 881
1116 1892
2697 3187
249 984
3159 597
2689 940
2609 2644
297 1105
877 2778
2245 547
93 3063
1474 1398
2820 3119
1746 1117
2624 2780
202 2016
2942 1826
344 510
2035 2981
114 1408
2818 1232
1650 3029
278 2378
243 2579
1383 1675
1540 835
769 514
2417 1946
2257 650
1708 2979
23 2332
3027 255
2099 127
2017 196
2347 692
2687 2076
2399 1847
529 1663
2210 663
677 907
181 2232
881 2098
1892 716
3187 1964
984 2326
597 2320
940 796
2644 1731
1105 2042
2778 2185
547 993
3063 393
1398 2384
3119 2084
1117 1581
2780 62
2016 2830
1826 1725
510 2280
2981 622
1408 3073
1232 1358
3029 1246
2378 2589
2579 735
1675 3112
835 1528
514 1598
1946 2792
650 3101
2979 517
2332 2658
255 2499
127 855
196 2119
692 1932
2076 1861
1847 2695
1663 1949
663 561
907 188
2232 186
2098 1028
716 2513
1964 2
2326 1501
2320 844
796 1144
1731 759
2042 463
2185 2889
993 2216
393 2353
2384 3164
2084 1490
1581 2696
62 2540
2830 936
1725 2907
2280 1810
622 3184
3073 305
1358 1938
1246 614
2589 2884
735 2879
3112 2260
1528 560
1598 1973
2792 2228
3101 1530
517 2989
2658 2418
2499 2685
855 1890
2119 2750
1932 1109
1861 773
2695 654
1949 218
561 967
188 1873
186 2914
1028 1020
2513 696
2 1543
1501 1654
844 630
1144 264
759 2953
463 2908
2889 98
2216 1854
2353 2138
3164 3037
1490 946
2696 1075
2540 2359
936 1215
2907 609
1810 1853
3184 1292
305 516
1938 3022
614 2431
2884 2075
2879 1693
2260 470
560 1022
1973 2616
2228 2333
1530 2594
2989 1820
2418 2046
2685 2164
1890 1072
2750 2722
1109 1549
773 2450
654 1136
218 664
967 896
1873 2848
2914 2976
1020 1747
696 12
1543 3150
1654 2097
630 509
264 1498
2953 763
2908 1886
98 2752
1854 1153
2138 1823
3037 32
946 2963
1075 216
2359 2861
1215 3175
609 1680
1853 697
1292 2177
516 63
3022 2334
2431 2949
2075 782
1693 1885
470 2807
1022 2307
2616 41
2333 2404
2594 124
1820 2834
2046 205
2164 1821
1072 382
2722 2841
1549 1463
2450 1245
1136 15
664 2316
896 2745
2848 179
2976 883
1747 1146
12 2933
3150 710
2097 2115
509 407
1498 555
763 1524
1886 1304
2752 2396
1153 2277
1823 2672
32 2961
2963 1593
216 1007
2861 2506
3175 3161
1680 1277
697 1496
2177 2383
63 3087
2334 2785
2949 1614
782 2965
1885 1895
2807 1511
2307 1500
41 988
2404 1112
124 821
2834 2348
205 1589
1821 2464
382 2943
2841 1983
1463 1048
1245 2730
15 5
2316 440
2745 1600
179 3190
883 1566
1146 2382
2933 1082
710 44
2115 1351
407 97
555 582
1524 1838
1304 832
2396 1993
2277 2520
2672 80
2961 1694
1593 2628
1007 970
2506 2372
3161 2142
1277 1857
1496 1349
2383 2362
3087 2572
2785 2155
1614 1718
2965 594
1895 653
1511 6
1500 1440
988 616
1112 491
821 2187
2348 641
1589 749
2464 2457
2943 1354
1983 1527
1048 1583
2730 1348
5 45
440 2874
1600 2529
3190 1909
1566 3075
2382 839
1082 1777
44 1391
1351 1567
97 37
582 2337
1838 1989
832 1720
1993 779
2520 489
80 1313
1694 1807
2628 2712
970 468
2372 2509
2142 551
1857 484
1349 1903
2362 2500
2572 271
2155 721
1718 3008
594 3055
653 1241
6 347
1440 1782
616 471
491 1319
2187 657
641 2549
749 528
2457 3060
1354 1655
1527 2118
1583 1238
1348 2718
45 624
2874 2895
2529 1845
1909 1974
3075 2073
839 307
1777 912
1391 2252
1567 674
37 2950
2337 2791
1989 1353
1720 842
779 2742
489 2360
1313 1032
1807 67
2712 2121
468 2652
2509 2623
551 2377
484 1194
1903 50
2500 1970
271 1649
721 1754
3008 1588
3055 670
1241 2439
347 1692
1782 490
471 1950
1319 3141
657 1563
2549 2827
528 2292
3060 1866
1655 562
2118 2131
1238 478
2718 300
624 801
2895 2127
1845 1191
1974 391
2073 1373
307 1439
912 1702
2252 2490
674 2641
2950 281
2791 2181
1353 2024
842 1990
2742 1775
2360 1418
1032 3137
67 260
2121 2474
2652 626
2623 698
2377 94
1194 1783
50 168
1970 88
1649 511
1754 1464
1588 2634
670 2947
2439 2269
1692 253
490 1952
1950 1928
3141 1256
1563 1761
2827 552
2292 2344
1866 2747
562 1927
2131 2455
478 1508
300 1234
801 2958
2127 1788
1191 3110
391 852
1373 2515
1439 1504
1702 1363
2490 1212
2641 235
281 1131
2181 2214
2024 1570
1990 1176
1775 2821
1418 2503
3137 2542
260 2270
2474 1704
626 1323
698 320
94 427
1783 1707
168 1096
88 1507
511 1967
1464 2086
2634 2266
2947 2494
2269 195
253 7
1952 1203
1928 2918
1256 1679
1761 215
552 1305
2344 527
2747 2806
1927 2215
2455 3200
1508 2352
1234 2883
2958 2886
1788 2234
3110 130
852 2109
2515 895
1504 2283
1363 1608
1212 1442
235 3211
1131 353
2214 3103
1570 240
1176 3123
2821 1751
2503 3059
2542 1250
2270 1056
1704 2473
1323 2053
320 1971
427 169
1707 348
1096 2047
1507 2485
1967 192
2086 1852
2266 2051
2494 1998
195 2497
7 3131
1203 2197
2918 3062
1679 819
215 1214
1305 2983
527 1651
2806 2188
2215 1595
3200 2000
2352 1459
2883 99
2886 1975
2234 3194
130 372
2109 930
895 1328
2283 3169
1608 1819
1442 833
3211 2570
353 1687
3103 687
240 3077
3123 2563
1751 2204
3059 2342
1250 47
1056 2762
2473 2476
2053 76
1971 2328
169 2569
348 171
2047 2598
2485 60
192 589
1852 266
2051 2169
1998 2863
2497 541
3131 1862
2197 1933
3062 703
819 2296
1214 2819
2983 1466
1651 2407
2188 1174
1595 603
2000 2117
1459 73
99 2237
1975 472
3194 3205
372 1129
930 2227
1328 191
3169 267
1819 180
833 738
2570 2267
1687 2511
687 163
3077 3116
2563 1991
2204 2738
2342 1216
47 261
2762 1357
2476 2082
76 1283
2328 934
2569 2595
171 146
2598 3167
60 1505
589 2300
266 1039
2169 976
2863 955
541 872
1862 1994
1933 444
703 2971
2296 421
2819 1902
1466 875
2407 1841
1174 1968
603 1118
2117 2146
73 2114
2237 1633
472 519
3205 1013
1129 556
2227 1264
191 1516
267 903
180 1218
738 1690
2267 2388
2511 2808
163 816
3116 221
1991 3104
2738 2919
1216 2690
261 2533
1357 963
2082 2773
1283 1523
934 337
2595 1330
146 911
3167 2310
1505 2149
2300 2456
1039 2530
976 1204
955 1561
872 259
1994 1207
444 2291
2971 2900
421 568
1902 2403
875 245
1841 776
1968 2719
1118 2223
2146 1393
2114 3157
1633 746
519 631
1013 1696
556 638
1264 2847
1516 1795
903 3040
1218 1984
1690 1757
2388 1780
2808 1661
816 2194
221 75
3104 1097
2919 2954
2690 1279
2533 1417
963 1188
2773 1642
1523 2956
337 2054
1330 1672
911 1395
2310 1801
2149 1485
2456 2796
2530 2577
1204 1673
1561 2756
259 2566
1207 2144
2291 228
2900 1262
568 1555
2403 213
245 2810
776 274
2719 1969
2223 2813
1393 3019
3157 158
746 150
631 1156
1696 1750
638 2370
2847 233
1795 95
3040 2410
1984 1538
1757 2842
1780 736
1661 1912
2194 732
75 3207
1097 1253
2954 3061
1279 2467
1417 932
1188 2201
1642 1603
2956 2116
2054 1762
1672 502
1395 1293
1801 1951
1485 941
2796 919
2577 543
1673 2018
2756 3032
2566 1300
2144 694
228 1370
1262 1140
1555 2167
213 3076
2810 1320
274 46
1969 1790
2813 345
3019 356
158 658
150 402
1156 2111
1750 39
2370 1492
233 524
95 1055
2410 1125
1538 3
2842 1235
736 2990
1912 838
732 2387
3207 2822
1253 2048
3061 1794
2467 2309
932 2649
2201 2178
1603 831
2116 1723
1762 2385
502 861
1293 1499
1951 2262
941 56
919 2083
543 788
2018 3182
3032 284
1300 3007
694 869
1370 2203
1140 525
2167 13
3076 2978
1320 2070
46 1483
1790 250
345 1437
356 139
658 2543
402 2106
2111 889
39 1781
1492 1905
524 2079
1055 1086
1125 2240
3 2163
1235 818
2990 113
838 68
2387 1314
2822 1996
2048 2892
1794 351
2309 1625
2649 1438
2178 506
831 1206
1723 2781
2385 2009
861 3133
1499 3026
2262 871
56 1257
2083 3097
788 315
3182 2561
284 1623
3007 2105
869 1691
2203 363
525 2565
13 2011
2978 189
2070 1667
1483 426
250 2088
1437 1484
139 397
2543 2633
2106 323
889 2297
1781 2206
1905 550
2079 1564
1086 2721
2240 1584
2163 223
818 2189
113 1406
68 2860
1314 1803
1996 319
2892 389
351 2014
1625 3046
1438 2980
506 604
1206 4
2781 1559
2009 225
3133 258
3026 1058
871 2268
1257 1839
3097 2754
315 2573
2561 2829
1623 2415
2105 1943
1691 632
363 3177
2565 282
2011 731
189 53
1667 2133
426 2132
2088 2759
1484 2648
397 1681
2633 704
323 2482
2297 2489
2206 43
550 1579
1564 1730
2721 2662
1584 655
223 371
2189 1883
1406 422
2860 2923
1803 366
319 1130
389 2603
2014 1254
3046 1456
2980 591
604 2341
4 286
1559 1688
225 25
258 132
1058 2113
2268 2125
1839 2386
2754 1404
2573 982
2829 104
2415 3196
1943 2391
632 900
3177 2724
282 2763
731 700
53 354
2133 2713
2132 1636
2759 1736
2648 3010
1681 2710
704 430
2482 256
2489 3028
43 576
1579 2994
1730 2371
2662 878
655 1510
371 2837
1883 3170
422 2423
2923 1666
366 2669
1130 685
2603 2357
1254 2645
1456 1240
591 2261
2341 1108
286 1175
1688 567
25 1920
132 2432
2113 1147
2125 358
2386 459
1404 3162
982 1376
104 77
3196 580
2391 212
900 2019
2724 2638
2763 563
700 2294
354 678
2713 143
1636 386
1736 1085
3010 2760
2710 1931
430 1985
256 2855
3028 705
576 125
2994 601
2371 1081
878 1535
1510 725
2837 2308
3170 1954
2423 230
1666 1158
2669 2273
685 2422
2357 1552
2645 1266
1240 2693
2261 1550
1108 1856
1175 1356
567 2355
1920 1139
2432 2021
1147 1377
358 1551
459 1710
3162 2692
1376 2501
77 2242
580 3085
212 3152
2019 671
2638 3158
563 3151
2294 2290
678 401
143 986
386 3031
1085 190
2760 1753
1931 340
1985 1546
2855 1213
705 1997
125 745
601 420
1081 3082
1535 377
725 1312
2308 2446
1954 2103
230 432
1158 1367
2273 2833
2422 2682
1552 1030
1266 1236
2693 667
1550 2970
1856 1389
1356 1732
2355 134
1139 2723
2021 1015
1377 645
1551 2804
1710 2231
2692 766
2501 2740
2242 1132
3085 69
3152 493
671 495
3158 238
3151 2249
2290 3193
401 950
986 858
3031 2831
190 1302
1753 1333
340 177
1546 642
1213 2988
1997 2094
745 2195
420 1808
3082 534
377 2172
1312 176
2446 1368
2103 505
432 1992
1367 3003
2833 1243
2682 2605
1030 863
1236 1705
667 2174
2970 1274
1389 2743
1732 1800
134 1272
2723 394
1015 2737
645 2707
2804 592
2231 1199
766 964
2740 2836
1132 3197
69 926
493 11
495 161
238 2253
2249 813
3193 131
950 2986
858 1610
2831 1275
1302 2887
1333 978
177 2465
642 2602
2988 3144
2094 1632
2195 460
1808 2151
534 1042
2172 1046
176 2679
1368 992
505 2148
1992 162
3003 1887
1243 1410
2605 887
863 2314
1705 961
2174 2321
1274 2361
2743 3078
1800 1798
1272 1041
394 1840
2737 112
2707 3135
592 2487
1199 1763
964 172
2836 2107
3197 2705
926 384
11 2498
161 1514
2253 2896
813 1123
131 488
2986 2538
1610 790
1275 1033
2887 304
978 1025
2465 174
2602 399
3144 1659
1632 804
460 1765
2151 910
1042 2736
1046 1005
2679 1814
992 2336
2148 1616
162 3050
1887 148
1410 3030
887 214
2314 2062
961 681
2321 2209
2361 2659
3078 1981
1798 2857
1041 1848
1840 2381
112 2435
3135 2318
2487 1405
1763 2470
172 1587
2107 612
2705 3165
384 805
2498 1423
1514 1288
2896 2139
1123 2991
488 1281
2538 1467
790 1461
1033 1988
304 2878
1025 2448
174 1285
399 3127
1659 1728
804 1963
1765 66
910 2345
2736 1008
1005 989
1814 2471
2336 662
1616 2428
3050 3202
148 3090
3030 2037
214 729
2062 30
681 2962
2209 462
2659 2434
1981 1163
2857 2715
1848 1797
2381 1605
2435 1965
2318 2709
1405 1698
2470 1872
1587 2512
612 1851
3165 2617
805 1152
1423 317
1288 14
2139 648
2991 1785
1281 2329
1467 1884
1461 3210
1988 2518
2878 1695
2448 996
1285 1945
3127 2093
1728 1443
1963 679
66 901
2345 1473
1008 1784
989 1937
2471 1057
662 2198
2428 2027
3202 1868
3090 789
2037 1871
729 1668
30 3096
2962 1280
462 1402
2434 1602
1163 338
2715 2199
1797 1515
1605 1766
1965 3155
2709 2425
1698 542
1872 720
2512 1122
1851 2141
2617 2968
1152 942
317 824
14 2179
648 2899
1785 109
2329 3099
1884 1727
3210 341
2518 1172
1695 2349
996 1678
1945 1517
2093 3047
1443 2997
679 2364
901 3172
1473 619
1784 2304
1937 611
1057 853
2198 1554
2027 787
1868 675
789 1287
1871 2774
1668 761
3096 599
1280 279
1402 2157
1602 921
338 2735
2199 1596
1515 841
1766 1935
3155 1717
2425 1582
542 1316
720 3148
1122 1715
2141 2421
2968 2130
942 1811
824 3072
2179 1556
2899 617
109 2877
3099 2584
1727 2145
341 2007
1172 2484
2349 1571
1678 1475
1517 1534
3047 1976
2997 2479
2364 966
3172 606
619 2168
2304 458
611 3178
853 2849
1554 1486
787 428
675 3100
1287 727
2774 1526
761 668
599 1029
279 1126
2157 2458
921 1939
2735 308
1596 1083
841 3033
1935 1359
1717 1409
1582 1164
1316 1476
3148 2034
1715 3001
2421 1050
2130 349
1811 2045
3072 1793
1556 2875
617 2447
2877 979
2584 242
2145 956
2007 1451
2484 1494
1571 987
1475 487
1534 2769
1976 115
2479 3114
966 2985
606 1893
2168 1104
458 820
3178 1107
2849 558
1486 1381
428 222
3100 2022
727 1878
1526 332
668 2331
1029 929
1126 948
2458 2002
1939 103
308 2555
1083 755
3033 586
1359 1612
1409 1385
1164 149
1476 504
2034 2620
3001 620
1050 128
349 1251
2045 1197
1793 417
2875 1202
2447 157
979 913
242 2897
956 1326
1451 523
1494 1880
987 411
487 388
2769 2739
115 3134
3114 1936
2985 185
1893 3004
1104 723
820 210
1107 2031
558 530
1381 365
222 3068
2022 2392
1878 178
332 1689
2331 72
929 1034
948 1631
2002 2055
103 623
2555 888
755 1864
586 409
1612 3142
1385 153
149 2433
504 990
2620 2727
620 2005
128 3014
1251 107
1197 2720
417 247
1202 2826
157 2704
913 2550
2897 2639
1326 1220
523 1577
1880 392
411 262
388 1831
2739 2882
3134 28
1936 3115
185 574
3004 2276
723 1151
210 1301
2031 1722
530 368
365 2254
3068 3098
2392 61
178 2625
1689 756
72 203
1034 2686
1631 1796
2055 968
623 1640
888 2650
1864 3016
409 1346
3142 1894
153 58
2433 701
990 1541
2727 2580
2005 360
3014 2959
107 476
2720 557
247 2524
2826 350
2704 3171
2550 380
2639 1481
1220 1671
1577 1119
392 581
262 539
1831 10
2882 1401
28 644
3115 1388
574 2871
2276 2101
1151 2582
1301 3018
1722 2906
368 1226
2254 2241
3098 1558
61 1634
2625 810
756 2480
203 2725
2686 1371
1796 1922
968 325
1640 1026
2650 3006
3016 1138
1346 1178
1894 474
58 361
701 1867
1541 334
2580 1956
360 85
2959 3023
476 1760
557 1165
2524 1379
350 522
3171 2838
380 2541
1481 2411
1671 719
1119 1249
581 2176
539 2527
10 768
1401 302
644 2461
1388 3052
2871 3156
2101 1544
2582 1334
3018 1809
2906 785
1226 578
2241 496
1558 2444
1634 2251
810 90
2480 2517
2725 1987
1371 1677
1922 1533
325 1062
1026 2488
3006 367
1138 2777
1178 1186
474 2311
361 246
1867 294
334 1286
1956 2426
85 2859
3023 3195
1760 1429
1165 1335
1379 1477
522 2640
2838 1420
2541 1999
2411 2615
719 939
1249 3045
2176 1652
2527 2544
768 734
302 1470
2461 1930
3052 3206
3156 2903
1544 288
1334 1387
1809 2354
785 257
578 1706
496 248
2444 822
2251 2430
90 2374
2517 96
1987 51
1677 1573
1533 898
1062 1525
2488 512
367 1557
2777 711
1186 1141
2311 1384
246 2481
294 1665
1286 1611
2426 2932
2859 1729
3195 1225
1429 660
1335 765
1477 2452
2640 92
1420 2303
1999 2516
2615 1428
939 155
3045 2477
1652 1972
2544 2534
734 1217
1470 54
1930 1426
3206 2749
2903 3140
288 1471
1387 2087
2354 1098
257 1392
1706 3057
248 2064
822 2927
2430 2306
2374 974
96 949
51 3084
1573 1620
898 1813
1525 922
512 1195
1557 3154
711 840
1141 3083
1384 2278
2481 2805
1665 118
1611 1162
2932 2319
1729 2166
1225 1200
660 2915
765 1219
2452 1802
92 1227
2303 2898
2516 1166
1428 1597
155 1825
2477 3166
1972 1674
2534 792
1217 876
54 515
1426 870
2749 1289
3140 273
1471 2137
2087 78
1098 2442
1392 656
3057 1822
2064 2287
2927 328
2306 772
974 1079
949 3186
3084 526
1620 2711
1813 2091
922 958
1195 1077
3154 809
840 554
3083 1430
2278 3130
2805 2184
118 1317
1162 2800
2319 1521
2166 1779
1200 1100
2915 2546
1219 2955
1802 1229
1227 2798
2898 1953
1166 1179
1597 1021
1825 1091
3166 661
1674 2786
792 2677
876 665
515 733
870 2135
1289 1834
273 1269
2137 2714
78 2951
2442 1106
656 1742
1822 1010
2287 1093
328 2531
772 2558
1079 1017
3186 866
526 1644
2711 3074
2091 860
958 1759
1077 2468
809 1154
554 276
1430 2437
3130 165
2184 3124
1317 152
2800 2413
1521 2523
1779 3107
1100 312
2546 2767
2955 1889
1229 2851
2798 1609
1953 265
1179 1297
1021 2630
1091 1846
661 1307
2786 2665
2677 1094
665 1712
733 997
2135 438
1834 1211
1269 301
2714 268
2951 480
1106 625
1742 2803
1010 2247
1093 2429
2531 1929
2558 1627
1017 1960
866 807
1644 9
3074 908
860 2553
1759 1770
2468 1102
1154 1711
276 2288
2437 2521
165 2368
3124 197
152 2244
2413 501
2523 2631
3107 451
312 36
2767 378
1889 400
2851 2346
1609 3105
265 2050
1297 1721
2630 2825
1846 287
1307 2043
2665 108
1094 333
1712 126
997 2670
438 791
1211 1092
301 2449
268 1040
480 2902
625 492
2803 2629
2247 2816
2429 2393
1929 2868
1627 1331
1960 339
807 2790
9 2916
908 905
2553 164
1770 1713
1102 2159
1711 2165
2288 3079
2521 1296
2368 643
197 1327
2244 572
501 1448
2631 676
451 2058
36 34
378 673
400 187
2346 2322
3105 2424
2050 2246
1721 868
2825 977
287 2412
2043 1006
108 3002
333 2207
126 2023
2670 2010
791 1575
1092 40
2449 3138
1040 231
2902 3049
492 699
2629 1047
2816 167
2393 1958
2868 2102
1331 680
339 2870
2790 499
2916 1329
905 762
164 3201
1713 981
2159 1488
2165 1641
3079 2593
1296 2186
643 693
1327 465
572 1491
1448 2828
676 1299
2058 830
34 2033
673 3053
187 1934
2322 2420
2424 2702
2246 135
868 217
977 691
2412 826
1006 483
3002 2061
2207 2040
2023 544
2010 1273
1575 2171
40 795
3138 1601
231 1624
3049 1576
699 1142
1047 2952
167 2691
1958 2213
2102 2173
680 2663
2870 1242
499 2655
1329 1265
762 1669
3201 1322
981 1626
1488 42
1641 1879
2593 1791
2186 1192
693 1201
465 784
1491 1133
2828 441
1299 413
830 2888
2033 2451
3053 431
1934 862
2420 206
2702 808
135 3132
217 145
691 2812
826 244
483 1167
2061 709
2040 923
544 1110
1273 1714
2171 3160
795 1843
1601 2380
1624 621
1576 3108
1142 2996
2952 241
2691 1115
2213 1804
2173 2835
2663 2459
1242 477
2655 1789
1265 2606
1669 1068
1322 1941
1626 290
42 1646
1879 628
1791 2505
1192 482
1201 1121
784 1734
1133 2285
441 408
413 1489
2888 3213
2451 892
431 3129
862 1493
206 1617
808 837
3132 2657
145 2339
2812 2917
244 70
1167 1914
709 419
923 1088
1110 3163
1714 1906
3160 2315
1843 457
2380 2627
621 817
3108 1064
2996 2090
241 690
1115 91
1804 18
2835 2559
2459 2150
477 2852
1789 2619
2606 2537
1068 2937
1941 1806
290 647
1646 1836
628 122
2505 318
482 2222
1121 635
1734 1572
2285 2409
408 1059
1489 3025
3213 154
892 299
3129 2208
1493 994
1617 2218
837 1703
2657 1590
2339 1002
2917 2929
70 1233
1914 3146
419 880
1088 364
3163 1758
1906 1332
2315 652
457 1445
2627 786
817 1716
1064 797
2090 2038
690 156
91 2765
18 2635
2559 2741
2150 800
2852 610
2619 2935
2537 194
2937 2224
1806 2811
647 799
1836 2862
122 2585
318 972
2222 2492
635 3153
1572 2854
2409 952
1059 503
3025 743
154 1739
299 1157
2208 2112
994 201
2218 1284
1703 636
1590 1749
1002 1444
2929 2683
1233 2295
3146 637
880 1900
364 445
1758 2575
1332 2671
652 1686
1445 3145
786 2840
1716 3080
797 2600
2038 2427
156 2708
2765 684
2635 220
2741 2969
800 329
610 1897
2935 2921
194 2930
2224 1850
2811 1548
799 200
2862 1835
2585 2987
972 1562
2492 406
3153 2607
2854 2044
952 3091
503 849
743 2651
1739 425
1157 2390
2112 1653
201 2678
1284 2974
636 2766
1749 1480
1444 2684
2683 1113
2295 829
637 3214
1900 403
445 89
2575 1569
2671 1942
1686 1137
3145 452
2840 598
3080 1918
2600 2581
2427 1910
2708 2757
684 1421
220 2799
2969 3065
329 1366
1897 2001
2921 2596
2930 1416
1850 1303
1548 605
200 2069
1835 3081
2987 1816
1562 2305
406 1497
2607 2636
2044 897
3091 3208
849 1509
2651 618
425 730
2390 2258
1653 764
2678 3015
2974 902
2766 1738
1480 520
2684 1080
1113 335
829 52
3214 123
403 783
89 239
1569 1995
1942 2284
1137 3174
452 31
598 848
1918 1676
2581 2486
1910 1940
2757 724
1421 410
2799 925
3065 1621
1366 2469
2001 1898
2596 454
1416 874
1303 2298
605 3020
2069 971
3081 2522
1816 778
2305 1719
1497 954
2636 751
897 957
3208 1260
1509 3070
618 1913
730 2202
2258 141
764 2212
3015 1592
902 74
1738 1173
520 2545
1080 1904
335 714
52 1027
123 927
783 1664
239 904
1995 521
2284 1778
3174 136
31 2508
848 485
1676 2510
2486 906
1940 291
724 2012
410 2029
925 1961
1621 293
2469 2576
1898 850
454 1261
874 2782
2298 1812
3020 1911
971 688
2522 1452
778 744
1719 1635
954 1462
751 1842
957 2020
1260 1019
3070 793
1913 750
2202 1908
141 227
2212 424
1592 2279
74 615
1173 1849
2545 2612
1904 1063
714 1658
1027 1619
927 1450
1664 1433
904 1270
521 2183
1778 2866
136 2856
2508 823
485 2571
2510 211
906 1574
291 395
2012 2941
2029 2220
1961 2905
293 757
2576 579
850 1071
1261 1735
2782 1120
1812 1325
1911 224
688 2057
1452 1447
744 2931
1635 2957
1462 2667
1842 2894
2020 1870
1019 2026
793 2313
750 953
1908 3117
227 1076
424 1628
2279 2872
615 2092
1849 1607
2612 3042
1063 3198
1658 947
1619 3051
1450 1228
1433 2161
1270 2327
2183 1239
2866 2653
