3352
130 2537
130 2446
130 1765
2537 1397
2537 2196
2537 3039
2537 2521
2446 901
2446 1555
2446 764
2446 174
1765 2421
1765 2288
1765 1323
1765 1493
1397 601
1397 285
1397 1457
1397 1270
2196 2275
2196 1069
2196 1854
2196 2748
3039 940
3039 2962
2521 2804
901 3317
901 3224
1555 69
1555 2915
1555 1998
764 485
174 1845
174 2655
174 3086
174 2409
2421 662
2421 3023
2421 2614
2288 589
2288 2528
2288 1391
2288 2929
1323 2705
1323 1237
1323 2961
1493 1135
1493 1926
1493 2845
1493 206
601 1617
601 1458
601 1096
285 2278
1457 120
1457 3078
1457 890
1270 1150
1270 512
2275 60
1069 684
1069 2085
1854 332
2748 148
2748 852
940 3267
940 1544
2962 1490
2804 3163
2804 713
3317 2731
3317 2505
3224 3134
3224 2454
69 315
69 2266
2915 3036
2915 1886
1998 401
1998 1377
485 2152
485 2348
1845 3033
1845 673
2655 2035
3086 228
2409 1688
2409 807
662 1518
3023 2957
2614 3153
2614 1619
589 826
2528 1767
1391 899
2929 1971
2705 3049
1237 2390
2961 2380
1135 895
1926 3064
2845 620
206 1757
1617 943
1458 2644
1096 1307
2278 1964
120 3323
3078 1093
890 2219
1150 1592
512 1709
60 929
684 815
2085 1417
332 3097
148 2883
852 2796
3267 1211
1544 1682
1490 465
3163 2776
713 2296
2731 3082
2505 881
3134 2919
2454 2843
315 3315
2266 879
3036 2560
1886 2903
401 2100
1377 1080
2152 2083
2348 1918
3033 225
673 2583
2035 2502
228 716
1688 3068
807 309
1518 2031
2957 1219
3153 311
1619 2910
826 3236
1767 1068
899 1996
1971 2142
3049 818
2390 2208
2380 2893
895 1198
3064 1004
620 1689
1757 1560
943 769
2644 2829
1307 3306
1964 3065
3323 2075
1093 1345
2219 2992
1592 205
1709 398
929 1787
815 112
1417 117
3097 152
2883 595
2796 2471
1211 57
1682 1390
465 1443
2776 330
2296 1275
3082 214
881 420
2919 2076
2843 2905
3315 1885
879 2071
2560 2154
2903 858
2100 904
1080 531
2083 2419
1918 1737
225 2559
2583 1554
2502 310
716 503
3068 1634
309 2501
2031 133
1219 875
311 2373
2910 891
3236 631
1068 1677
1996 652
2142 1882
818 2158
2208 2892
2893 1382
1198 1832
1004 2351
1689 1157
1560 2904
769 1496
2829 720
3306 1648
3065 31
2075 45
1345 1308
2992 3330
205 1961
398 2435
1787 2579
112 3263
117 3222
152 346
595 3089
2471 2933
57 1040
1390 820
1443 3237
330 1553
1275 2984
214 3347
420 3046
2076 2669
2905 13
1885 1215
2071 163
2154 2131
858 2172
904 893
531 435
2419 1385
1737 3070
2559 257
1554 1743
310 314
503 3043
1634 1332
2501 307
133 2908
875 2498
2373 2436
891 754
631 3312
1677 405
652 1566
1882 2755
2158 1279
2892 9
1382 946
1832 3075
2351 2743
1157 870
2904 115
1496 658
720 699
1648 1859
31 2310
45 1286
1308 536
3330 2097
1961 1711
2435 1530
2579 1642
3263 521
3222 1389
346 1101
3089 2309
2933 557
1040 2672
820 877
3237 2842
1553 1735
2984 2044
3347 2162
3046 3231
2669 2074
13 2010
1215 77
163 2737
2131 2567
2172 1243
893 2325
435 146
1385 2449
3070 775
257 366
1743 825
314 1863
3043 2573
1332 654
307 2635
2908 1349
2498 387
2436 2243
754 957
3312 43
405 476
1566 1638
2755 1564
1279 1266
9 1478
946 2452
3075 1754
2743 86
870 3336
115 2209
658 543
699 574
1859 2943
2310 1632
1286 1351
536 980
2097 581
1711 365
1530 1944
1642 1313
521 175
1389 1326
1101 124
2309 2033
557 868
2672 191
877 2358
2842 1804
1735 82
2044 2740
2162 1662
3231 2211
2074 1263
2010 1847
77 1188
2737 2066
2567 1580
1243 939
2325 2433
146 1452
2449 2089
775 2522
366 188
825 1479
1863 3109
2573 2357
654 84
2635 3138
1349 1713
387 1877
2243 1719
957 1775
43 2820
476 740
1638 2760
1564 2087
1266 1183
1478 2590
2452 3105
1754 587
86 1795
3336 71
2209 1881
543 1025
574 324
2943 2067
1632 1907
1351 3172
980 1226
581 2946
365 2931
1944 3020
1313 547
175 1841
1326 2677
124 1124
2033 1087
868 912
191 1589
2358 1829
1804 1563
82 2932
2740 2115
1662 312
2211 2545
1263 1146
1847 2017
1188 1043
2066 1542
1580 368
939 2361
2433 1777
1452 1531
2089 286
2522 2273
188 2616
1479 2392
3109 3017
2357 1116
84 990
3138 2697
1713 2588
1877 787
1719 712
1775 2828
2820 703
740 1730
2760 2811
2087 1244
1183 1170
2590 1414
3105 342
587 2646
1795 2656
71 454
1881 464
1025 2700
324 32
2067 1738
1907 3241
3172 1601
1226 3280
2946 3250
2931 363
3020 2572
547 2870
1841 1483
2677 566
1124 1295
1087 1058
912 1987
1589 242
1829 2917
1563 2465
2932 774
2115 3302
312 1796
2545 3072
1146 2145
2017 1512
1043 2095
1542 2123
368 2738
2361 3092
1777 3232
1531 994
286 1386
2273 1232
2616 1294
2392 2189
3017 1432
1116 3133
990 981
2697 2272
2588 1941
787 28
712 3087
2828 3194
703 515
1730 2045
2811 548
1244 121
1170 2388
1414 1640
342 3270
2646 2447
2656 2161
454 3107
464 1204
2700 135
32 1976
1738 2930
3241 291
1601 2239
3280 2127
3250 1276
363 1556
2572 928
2870 2402
1483 3220
566 277
1295 1039
1058 2703
1987 3218
242 1828
2917 700
2465 2091
774 1962
3302 1252
1796 414
3072 1837
2145 542
1512 2952
2095 753
2123 3022
2738 407
3092 2396
3232 2079
994 149
1386 2817
1232 1967
1294 2264
2189 1726
1432 2049
3133 701
981 1112
2272 1903
1941 1727
28 2520
3087 1620
3194 2271
515 2809
2045 2462
548 2202
121 1283
2388 1683
1640 1625
3270 2718
2447 1902
2161 1581
3107 2658
1204 2177
135 3344
1976 1883
2930 2112
291 3269
2239 2855
2127 1265
1276 1057
1556 3338
928 1337
2402 2186
3220 1207
277 2060
1039 2799
2703 772
3218 48
1828 874
700 2836
2091 2135
1962 1890
1252 2857
414 244
1837 1
542 1747
2952 961
753 1816
3022 262
407 2584
2396 2683
2079 534
149 1290
2817 887
1967 180
2264 1966
1726 2609
2049 2801
701 1378
1112 2599
1903 2011
1727 2976
2520 2201
1620 448
2271 1194
2809 1561
2462 2181
2202 1284
1283 867
1683 1499
1625 2375
2718 1331
1902 2681
1581 3044
2658 219
2177 2709
3344 1201
1883 2960
2112 759
3269 1441
2855 137
1265 1994
1057 2625
3338 88
1337 3341
2186 2036
1207 2370
2060 397
2799 3058
772 2277
48 1770
874 1525
2836 424
2135 1666
1890 2005
2857 1869
244 26
1 3227
1747 2822
961 2611
1816 2356
262 635
2584 2511
2683 2374
534 829
1290 1196
887 1178
180 1678
1966 1482
2609 2139
2801 2899
1378 1379
2599 2824
2011 2013
2976 2772
2201 3
448 466
1194 770
1561 1081
2181 2430
1284 1986
867 3180
1499 1643
2375 2414
1331 1851
2681 900
3044 1878
219 709
2709 1989
1201 3026
2960 274
759 2603
1441 2685
137 950
1994 1427
2625 1502
88 1574
3341 668
2036 1090
2370 1867
397 2628
3058 434
2277 298
1770 3101
1525 1162
424 2730
1666 3035
2005 2451
1869 1153
26 3018
3227 1126
2822 1381
2611 2228
2356 3124
635 935
2511 1238
2374 2332
829 2484
1196 1955
1178 1036
1678 3125
1482 2770
2139 1285
2899 3006
1379 742
2824 2605
2013 2998
2772 2758
3 3154
466 2805
770 1293
1081 1145
2430 2941
1986 651
3180 2866
1643 3011
2414 1712
1851 2608
900 207
1878 1089
709 804
1989 2534
3026 3259
274 558
2603 2384
2685 3001
950 3131
1427 1963
1502 1368
1574 67
668 3148
1090 3290
1867 2949
2628 303
434 744
298 1819
3101 235
1162 412
2730 2185
3035 3183
2451 1132
1153 1534
3018 2939
1126 1887
1381 793
2228 1113
3124 1315
935 1814
1238 360
2332 87
2484 1420
1955 140
1036 2515
3125 2244
2770 2895
1285 1684
3006 1175
742 650
2605 1497
2998 2119
2758 138
3154 1597
2805 2701
1293 3234
1145 1008
2941 2047
651 985
2866 2352
3011 1083
1712 1302
2608 1699
207 3202
1089 1538
804 1488
2534 102
3259 2546
558 1100
2384 2339
3001 718
3131 2116
1963 1763
1368 2019
67 55
3148 40
3290 2333
2949 103
303 1789
744 3329
1819 1471
235 1187
412 2671
2185 1697
3183 237
1132 1951
1534 2882
2939 705
1887 1272
793 333
1113 128
1315 1448
1814 2387
360 813
87 2557
1420 953
140 2237
2515 54
2244 373
2895 2453
1684 3076
1175 150
650 3060
1497 1102
2119 3047
138 392
1597 838
2701 2735
3234 1465
1008 3288
2047 371
985 2434
2352 1806
1083 572
1302 1568
1699 3083
3202 463
1538 2633
1488 882
102 2059
2546 266
1100 165
2339 995
718 1392
2116 3325
1763 94
2019 2774
55 287
40 3111
2333 226
103 2420
1789 1120
3329 1304
1471 561
1187 916
2671 1880
1697 167
237 1876
1951 7
2882 768
705 198
1272 101
333 3217
128 1249
1448 1454
2387 2532
813 2890
2557 444
953 1618
2237 1474
54 1006
373 2007
2453 1693
3076 1981
150 1921
3060 1714
1102 860
3047 763
392 735
838 2676
2735 987
1465 1073
3288 903
371 1935
2434 1797
1806 1141
572 278
1568 936
3083 1914
463 2092
2633 2542
882 1108
2059 2241
266 2324
165 996
995 2873
1392 2994
3325 1092
94 99
2774 805
287 1122
3111 1429
226 930
2420 2251
1120 1067
1304 2455
561 386
916 1748
1880 639
167 1277
1876 499
7 2495
768 2802
198 2295
101 252
3217 2330
1249 3178
1454 3212
2532 1522
2890 144
444 260
1618 417
1474 2595
1006 2825
2007 1647
1693 2294
1981 2429
1921 1038
1714 2408
860 600
763 1305
735 864
2676 2690
987 239
1073 3071
903 3282
1935 470
1797 1355
1141 2143
278 2406
936 433
1914 422
2092 660
2542 89
1108 3121
2241 1445
2324 567
996 2190
2873 2499
2994 2084
1092 1064
99 869
805 3326
1122 179
1429 3320
930 164
2251 2963
1067 1536
2455 648
386 2954
1748 1927
639 469
1277 760
499 1782
2495 3244
2802 348
2295 2798
252 1334
2330 1658
3178 231
3212 2468
1522 715
144 968
260 2838
417 2597
2595 3041
2825 848
1647 1463
2294 247
2429 3322
1038 480
2408 2525
600 2403
1305 379
864 3159
2690 1358
239 2510
3071 1571
3282 2260
470 681
1355 527
2143 602
2406 2486
433 2847
422 2529
660 1301
89 823
3121 766
1445 2569
567 1078
2190 293
2499 1003
2084 687
1064 10
869 2517
3326 865
179 2854
3320 3145
164 2276
2963 672
1536 294
648 83
2954 1761
1927 1952
469 1347
760 1462
1782 2442
3244 68
348 359
2798 1920
1334 1543
1658 611
231 2716
2468 2326
715 3030
968 962
2838 1510
2597 1635
3041 184
848 854
1463 1371
247 1453
3322 2575
480 452
2525 2763
2403 1550
379 2093
3159 863
1358 1127
2510 136
1571 2535
2260 2951
681 3102
527 343
602 1607
2486 1236
2847 408
2529 42
1301 2105
823 1084
766 2317
2569 979
1078 2133
293 1803
1003 849
687 197
10 1492
2517 1893
865 729
2854 3262
3145 501
2276 19
672 1316
294 2844
83 1436
1761 3321
1952 377
1347 72
1462 2364
2442 638
68 1289
359 989
1920 1997
1543 3002
611 517
2716 2366
2326 1365
3030 1655
962 1056
1510 714
1635 1256
184 1540
854 2252
1371 2531
1453 1114
2575 491
452 1929
2763 553
1550 1363
2093 1048
863 33
1127 926
136 27
2535 1344
2951 2280
3102 910
343 659
1607 780
1236 250
408 402
42 1312
2105 3021
1084 2298
2317 3104
979 2627
2133 3243
1803 3242
849 2481
197 832
1492 2632
1893 14
729 2725
3262 2682
501 971
19 2146
1316 1199
2844 2193
1436 1740
3321 2562
377 1799
72 2171
2364 268
638 2395
1289 599
989 2246
1997 730
3002 2598
517 3268
2366 1629
1365 232
1655 2425
1056 2860
714 280
1256 817
1540 2548
2252 1009
2531 647
1114 2547
491 866
1929 1811
553 3216
1363 331
1048 1823
33 2768
926 2034
27 273
1344 2653
2280 586
910 1785
659 2070
780 1991
250 2550
402 918
1312 2504
3021 2121
2298 2292
3104 3139
2627 2418
3243 1691
3242 1915
2481 2003
832 59
2632 616
14 3246
2725 3143
2682 2046
971 2344
2146 2341
1199 1644
2193 2058
1740 1075
2562 2596
1799 1924
2171 3261
268 2745
2395 479
599 1673
2246 1959
730 1469
2598 221
3268 162
1629 3161
232 3073
2425 1824
2860 263
280 3277
817 1728
2548 516
1009 2897
647 2581
2547 335
866 2675
1811 2975
3216 2807
331 1055
1823 1627
2768 1296
2034 2
273 1046
2653 1781
586 911
1785 3316
2070 954
1991 1327
2550 1300
918 609
2504 3169
2121 1595
2292 391
3139 1665
2418 2996
1691 430
1915 2659
2003 3192
59 1802
616 1027
3246 1831
3143 1838
2046 2456
2344 3251
2341 2553
1644 2200
2058 824
1075 3343
2596 2880
1924 3235
3261 1065
2745 526
479 932
1673 674
1959 2027
1469 945
221 2778
162 2643
3161 1450
3073 317
1824 1278
263 2052
3277 1695
1728 327
516 259
2897 2865
2581 1773
335 1672
2675 3207
2975 634
2807 1900
1055 1928
1627 1810
1296 726
2 3114
1046 2349
1781 1717
911 539
3316 1636
954 3056
1327 2458
1300 1298
609 3130
3169 644
1595 3319
391 1576
1665 292
2996 2032
430 3116
2659 176
3192 508
1802 1852
1027 2394
1831 445
1838 3186
2456 1656
3251 2284
2553 2872
2200 482
824 3096
3343 2238
2880 2040
3235 577
1065 91
526 1353
932 859
674 1751
2027 1558
945 1447
2778 220
2643 511
1450 2610
317 2621
1278 1180
2052 724
1695 154
327 1723
259 830
2865 3337
1773 2376
1672 1875
3207 1228
634 1322
1900 2920
1928 3094
1810 711
726 2347
3114 2577
2349 1953
1717 689
539 1600
1636 2780
3056 2111
2458 1076
1298 2846
3130 1503
644 297
3319 1405
1576 2106
292 2056
2032 2023
3116 12
176 3210
508 3029
1852 1800
2394 2094
445 1704
3186 490
1656 2833
2284 2469
2872 3115
482 1034
3096 2622
2238 727
2040 1022
577 3346
91 1856
1353 3257
859 999
1751 552
1558 185
1447 375
220 1567
511 2050
2610 2704
2621 1033
1180 1992
724 530
154 3164
1723 425
830 1227
3337 1965
2376 992
1875 1860
1228 361
1322 1487
2920 3191
3094 1826
711 2987
2347 1459
2577 636
1953 607
689 1110
1600 1573
2780 2832
2111 765
1076 2256
2846 1314
1503 3274
297 1346
1405 790
2106 896
2056 2654
2023 2729
12 1679
3210 337
3029 2589
1800 1698
2094 1472
1704 134
490 370
2833 1361
2469 347
3115 1288
1034 2862
2622 36
727 3318
1022 2164
3346 923
1856 1562
3257 758
999 1430
552 2183
185 851
375 295
1567 1652
2050 2187
2704 594
1033 2372
1992 2863
530 803
3164 203
425 1593
1227 2043
1965 2773
992 11
1860 1383
361 3069
1487 2561
3191 2108
1826 3265
2987 2800
1459 2947
636 2578
607 2942
1110 1070
1573 1005
2832 3008
765 1235
2256 349
1314 2624
3274 2206
1346 2230
790 2270
896 1241
2654 2155
2729 3095
1679 1722
337 1467
2589 3122
1698 3141
1472 1686
134 1690
370 1705
1361 1216
347 1793
1288 1820
2862 2607
36 3015
3318 3247
2164 664
923 1865
1562 301
758 1707
1430 1548
2183 1912
851 1375
295 2922
1652 1460
2187 2948
594 1774
2372 455
2863 1225
803 1185
203 598
1593 622
2043 2130
2773 2379
11 919
1383 596
3069 529
2561 1402
2108 2311
3265 3295
2800 248
2947 1231
2578 1010
2942 1570
1070 1815
1005 657
3008 1720
1235 1546
349 2475
2624 2826
2206 116
2230 549
2270 2002
1241 1106
2155 97
3095 2103
1722 1343
1467 2267
3122 889
3141 2818
1686 2203
1690 1896
1705 2661
1216 3351
1793 16
1820 169
2607 2840
3015 2912
3247 372
664 2670
1865 1609
301 1515
1707 2282
1548 1825
1912 2258
1375 1669
2922 2320
1460 2663
2948 1956
1774 1239
455 1901
1225 941
1185 2852
598 1128
622 3211
2130 3054
2379 1842
919 208
596 505
529 951
1402 3328
2311 3093
3295 606
248 723
1231 2165
1010 2231
1570 1489
1815 2518
657 1970
1720 2110
1546 1352
2475 3248
2826 2169
116 139
549 1438
2002 1306
1106 802
97 108
2103 265
1343 378
2267 3297
889 556
2818 1844
2203 2287
1896 627
2661 161
3351 1660
16 1425
169 355
2840 2524
2912 1103
372 1181
2670 1251
1609 240
1515 421
2282 1729
1825 643
2258 328
1669 406
2320 2132
2663 801
1956 2377
1239 1214
1901 246
941 2289
2852 1745
1128 2055
3211 1758
3054 460
1842 3137
208 2150
505 3091
951 1866
3328 3032
3093 579
606 1771
723 1202
2165 1044
2231 1511
1489 2180
2518 2314
1970 1579
2110 2673
1352 3144
3248 1516
2169 2791
139 2104
1438 1274
1306 2503
802 603
108 1533
265 1261
378 2888
3297 1594
556 2519
1844 2652
2287 610
627 1234
161 1950
1660 1879
1425 282
355 2144
2524 345
1103 362
1181 3311
1251 1035
240 1195
421 3099
1729 2350
643 5
328 2378
406 2191
2132 321
801 2006
2377 1779
1214 544
246 296
2289 427
1745 1168
2055 993
1758 3014
460 245
3137 1895
2150 63
3091 487
1866 2039
3032 1945
579 880
1771 1898
1202 2427
1044 1840
1511 3285
2180 1282
2314 390
1579 1853
2673 145
3144 155
1516 1904
2791 2856
2104 354
1274 3132
2503 431
603 415
1533 2885
1261 2752
2888 2667
1594 1012
2519 1330
2652 1934
610 1130
1234 2184
1950 126
1879 2008
282 3160
2144 1805
345 1059
362 1203
3311 2691
1035 3273
1195 173
3099 2253
2350 1222
5 2487
2378 2849
2191 1938
321 1608
2006 432
1779 2693
544 3333
296 2851
427 834
1168 2637
993 3331
3014 1031
245 272
1895 783
63 2291
487 443
2039 1149
1945 573
880 2839
1898 497
2427 1419
1840 2062
3285 2927
1282 1715
390 1426
1853 2719
145 1387
155 213
1904 2353
2856 2304
354 1631
3132 2837
431 440
415 2025
2885 2064
2752 436
2667 1418
1012 2999
1330 1223
1934 1663
1130 423
2184 39
126 2302
2008 2254
3160 253
1805 1217
1059 707
1203 1977
2691 565
3273 3012
173 2563
2253 578
1222 605
2487 453
2849 2687
1938 3028
1608 1862
432 1931
2693 2514
3333 1827
2851 847
834 381
2637 2109
3331 1930
1031 2182
272 2566
783 404
2291 1500
443 2283
1149 2570
573 1449
2839 1621
497 584
1419 210
2062 2777
2927 2727
1715 426
1426 1565
2719 562
1387 545
213 641
2353 3314
2304 1434
1631 2261
2837 1422
440 2443
2025 1957
2064 1798
436 3088
1418 827
2999 1603
1223 533
1663 1889
423 288
39 737
2302 902
2254 2265
253 1813
1217 1485
707 1348
1977 811
565 2993
3012 1807
2563 2859
578 2615
605 2306
453 2924
2687 626
3028 80
1862 2173
1931 2281
2514 588
1827 2410
847 2539
381 677
2109 1428
1930 1527
2182 305
2566 2733
404 518
1500 81
2283 1937
2570 1671
1449 785
1621 1442
584 625
210 429
2777 969
2727 1257
426 1834
1565 2204
562 642
545 1786
641 1783
3314 947
1434 75
2261 2530
1422 3287
2443 1111
1957 1653
1798 841
3088 963
827 697
1603 1409
533 1939
1889 2493
288 2474
737 1117
902 2775
2265 196
1813 1768
1485 1292
1348 474
811 2638
2993 2702
1807 1750
2859 1435
2615 2689
2306 1221
2924 8
626 1905
80 3228
2173 3055
2281 872
588 1649
2410 1481
2539 2746
677 952
1428 1077
1527 2063
305 2556
2733 2585
518 2936
81 3146
1937 181
1671 2688
785 2445
1442 2081
625 559
429 1186
969 193
1257 2305
1834 1268
2204 3152
642 3179
1786 1364
1783 2297
947 748
75 1551
2530 2541
3287 1513
1111 1052
1653 1197
841 2973
963 299
697 1147
1409 281
1939 2137
2493 2174
2474 1131
1117 1444
2775 2634
196 608
1768 833
1292 66
474 3200
2638 2831
2702 93
1750 2788
1435 1367
2689 1988
1221 3214
8 2765
1905 532
3228 2827
3055 3324
872 458
1649 2140
1481 3048
2746 1051
952 2900
1077 2664
2063 270
2556 1973
2585 3196
2936 2966
3146 1731
181 3118
2688 1155
2445 182
2081 2756
559 3308
1186 2194
193 2494
2305 2877
1268 2789
3152 2192
3179 2441
1364 1109
2297 217
748 400
1551 898
2541 828
1513 842
1052 1524
1197 2543
2973 2969
299 917
1147 1839
281 2048
2137 1888
2174 2724
1131 96
1444 1762
2634 2212
608 888
833 3215
66 915
3200 195
2831 2098
93 2389
2788 3271
1367 418
1988 471
3214 2645
2765 2322
532 2580
2827 2512
3324 394
458 2754
2140 3045
3048 2593
1051 583
2900 411
2664 1071
270 2806
1973 2940
3196 477
2966 1255
1731 380
3118 1578
1155 1809
182 978
2756 2312
3308 733
2194 797
2494 2871
2877 29
2789 2861
2192 98
2441 3170
1109 1508
217 190
400 2707
898 47
828 1045
842 2195
1524 2316
2543 2438
2969 1161
917 492
1839 2259
2048 1849
1888 223
2724 2160
96 732
1762 183
2212 1718
888 1557
3215 806
915 522
195 2980
2098 132
2389 576
3271 1710
418 1892
471 1822
2645 1156
2322 972
2580 2714
2512 3223
394 1505
2754 2850
3045 3340
2593 1000
583 3123
411 2898
1071 481
2806 1339
2940 871
477 2422
1255 119
380 2665
1578 814
1809 3335
978 109
2312 2889
733 2988
797 1633
2871 1685
29 308
2861 1029
98 1074
3170 1017
1508 2157
190 1050
2707 1085
47 1246
1045 2978
2195 2401
2316 2037
2438 1171
1161 338
492 582
2259 2710
1849 1628
223 2526
2160 2906
732 1099
183 3063
1718 2015
1557 1475
806 340
522 166
2980 892
132 3136
576 3177
1710 1254
1892 653
1822 1317
1156 442
972 3077
2714 619
3223 1098
1505 1125
2850 1193
3340 2223
1000 1668
3123 2279
2898 3155
481 2198
1339 279
871 1154
2422 784
119 1552
2665 236
814 1354
3335 1415
109 1857
2889 2232
2988 2355
1633 1764
1685 1654
308 367
1029 1403
1074 2982
1017 1725
2157 95
1050 382
1085 2972
1246 2082
2978 1151
2401 3252
2037 2107
1171 2016
338 2958
582 569
2710 682
1628 2327
2526 2319
2906 1836
1099 850
3063 3296
2015 998
1475 1549
340 2004
166 3053
892 2118
3136 2285
3177 2977
1254 844
653 1318
1317 2028
442 2398
3077 2061
619 2666
1098 2213
1125 467
1193 809
2223 216
1668 1373
2279 178
3155 142
2198 376
279 2699
1154 615
784 1848
1552 1752
236 131
1354 3310
1415 3167
1857 344
2232 264
2355 1916
1764 3000
1654 2331
367 2928
1403 1423
2982 1780
1725 3176
95 3189
382 3190
2972 1163
2082 1744
1151 2323
3252 1874
2107 2437
2016 2424
2958 2215
569 1280
682 111
2327 1894
2319 2896
1836 438
850 933
3296 2629
998 884
1549 1507
2004 1366
3053 2480
2118 2268
2285 2343
2977 3230
844 396
1318 840
2028 2448
2398 791
2061 3100
2666 419
2213 966
467 646
809 862
216 3079
1373 1716
178 1978
142 1616
376 1310
2699 1575
615 2858
1848 2508
1752 1013
131 1047
3310 1020
3167 2944
344 794
264 2020
1916 2138
3000 35
2331 982
2928 2568
1423 3081
1780 2956
3176 254
3189 894
3190 2950
1163 261
1744 1213
2323 2057
1874 2205
2437 3348
2424 1136
2215 2793
1280 861
111 2720
1894 2761
2896 792
438 717
933 475
2629 1411
884 1404
1507 2816
1366 2757
2480 1680
2268 2026
2343 2617
3230 1229
396 209
840 1651
2448 2926
791 789
3100 3009
419 2466
966 384
646 202
862 2101
3079 187
1716 2113
1978 462
1616 3260
1310 776
1575 78
2858 3013
2508 1140
1013 719
1047 3181
1020 2620
2944 269
794 1104
2020 1846
2138 2909
35 2592
982 1650
2568 614
3081 3327
2956 2657
254 1674
894 2751
2950 1016
261 1218
1213 2878
2057 1091
2205 1470
3348 1604
1136 524
2793 1646
861 2337
2720 2881
2761 3254
792 267
717 3307
475 1107
1411 276
1404 2490
2816 1968
2757 2848
1680 2293
2026 541
2617 189
1229 1400
209 692
1651 3085
2926 1086
789 734
3009 2153
2466 671
384 1164
202 2955
2101 2602
187 2122
2113 22
462 1380
3260 2431
776 2385
78 1623
3013 2662
1140 1144
719 1273
3181 757
2620 2918
269 1299
1104 2168
1846 49
2909 3291
2592 1932
1650 3286
614 3090
3327 986
2657 1906
1674 1637
2751 255
1016 738
1218 1871
2878 2354
1091 2970
1470 3309
1604 938
524 504
1646 2819
2337 3066
2881 357
3254 409
267 2967
3307 2426
1107 1440
276 2114
2490 2935
1968 1769
2848 1724
2293 570
541 633
189 2815
1400 3208
692 2197
3085 736
1086 1520
734 537
2153 1456
671 2012
1164 2088
2955 2363
2602 1362
2122 2102
22 1657
1380 1613
2431 3187
2385 1506
1623 1537
2662 1179
1144 2386
1273 3249
757 73
2918 2321
1299 1393
2168 3119
49 2907
3291 568
1932 2491
3286 984
3090 2120
986 1037
1906 3219
1637 2072
255 3166
738 218
1871 2540
2354 2245
2970 2411
3309 2901
938 3120
504 1165
2819 2328
3066 913
357 1350
409 756
2967 800
2426 2723
1440 2660
2114 2080
2935 2668
1769 1545
1724 105
570 1094
633 3034
2815 374
3208 123
2197 808
736 1586
1520 79
537 1833
1456 2497
2012 2051
2088 222
2363 3149
1362 1134
2102 843
1657 2391
1613 1612
3187 341
1506 58
1537 1541
1179 2554
2386 728
3249 2362
73 2875
2321 2338
1393 2565
3119 2038
2907 2227
568 955
2491 3298
984 964
2120 2329
1037 437
3219 2612
2072 1919
3166 1891
218 1486
2540 502
2245 1115
2411 2179
2901 640
3120 679
1165 2732
2328 2073
913 351
1350 2803
756 383
800 617
2723 2492
2660 122
2080 2483
2668 3038
1545 1733
105 3284
1094 1559
3034 2415
374 1897
123 233
808 1167
1586 1577
79 300
1833 3278
2497 1148
2051 2383
222 3198
3149 2601
1134 538
843 238
2391 1596
1612 1606
341 2485
58 241
1541 2021
2554 1309
728 2000
2362 64
2875 393
2338 41
2565 2981
2038 2221
2227 2771
955 1321
3298 2335
964 2925
2329 156
437 2684
2612 694
1919 2640
1891 234
1486 1311
502 76
1115 1329
2179 1766
640 2879
679 623
2732 1159
2073 2736
351 1303
2803 336
383 1166
617 2841
2492 2090
122 2307
2483 3349
3038 2489
1733 2923
3284 676
1559 2781
2415 2783
1897 1591
233 2440
1167 104
1577 143
300 1861
3278 788
1148 3165
2383 2706
3198 1466
2601 1049
538 3126
238 1184
1596 551
1606 1319
2485 2741
241 1394
2021 731
1309 1335
2000 24
64 2222
393 3205
41 3061
2981 2167
2221 1291
2771 2381
1321 1495
2335 1248
2925 2785
156 2692
2684 3256
694 1514
2640 2649
234 50
1311 2884
76 1936
1329 2359
1766 2477
2879 2412
623 3050
1159 3253
2736 1993
1303 927
336 2069
1166 2830
2841 1645
2090 528
2307 580
3349 3201
2489 2769
2923 1504
676 956
2781 1884
2783 1220
1591 1413
2440 1749
104 3225
143 113
1861 2795
788 507
3165 224
2706 997
1466 1791
1049 2695
3126 1019
1184 2630
551 2315
1319 1206
2741 816
1394 2509
731 1523
1335 350
24 1021
2222 1946
3205 2869
3061 1410
2167 1817
1291 3206
2381 1416
1495 3345
1248 1864
2785 2678
2692 846
3256 3184
1514 171
2649 1913
50 613
2884 2500
1936 1519
2359 906
2477 4
2412 3024
3050 3240
3253 1250
1993 618
927 970
2069 2717
2830 2971
1645 3005
528 2099
580 1160
3201 1572
2769 621
1504 1066
956 883
1884 2721
1220 3004
1413 1421
1749 1139
3225 3074
113 2574
2795 447
507 1281
224 974
997 1026
1791 1011
2695 3294
1019 2210
2630 3197
2315 2914
1206 3272
816 1756
2509 885
1523 688
350 2423
1021 1401
1946 520
2869 2786
1410 629
1817 271
3206 762
1416 1995
3345 2404
1864 6
2678 523
846 1269
3184 3150
171 546
1913 1778
613 2367
2500 2591
1519 2432
906 2147
4 1324
3024 2365
3240 2274
1250 1899
618 2886
970 3188
2717 1942
2971 1801
3005 2207
2099 670
1160 2784
1572 2808
621 506
1066 1498
883 1028
2721 2814
3004 1706
1421 1911
1139 1972
3074 704
2574 1759
447 873
1281 1687
974 2989
1026 1053
1011 2790
3294 2461
2210 129
3197 1169
2914 160
3272 290
1756 886
885 1455
688 702
2423 959
1401 3276
520 1703
2786 56
629 767
271 1982
762 20
1995 2300
2404 304
6 1664
523 2787
1269 2742
3150 2698
546 1374
1778 1539
2367 498
2591 1855
2432 1205
2147 2263
1324 2199
2365 708
2274 1830
1899 1224
2886 2240
3188 1174
1942 3112
1801 316
2207 678
670 2460
2784 781
2808 937
506 2753
1498 1739
1028 1030
2814 2159
1706 965
1911 1189
1972 1240
704 2913
1759 1406
873 1477
1687 17
2989 3293
1053 669
2790 1097
2461 1333
129 876
1169 159
160 100
290 1908
886 30
1455 3080
702 3195
959 3203
3276 461
1703 2582
56 1696
767 2516
1982 845
20 2217
2300 2176
304 389
1664 2134
2787 472
2742 1088
2698 2835
1374 2290
1539 1494
498 1708
1855 2014
1205 782
2263 61
2199 1210
708 1287
1830 1260
1224 822
2240 706
1174 1024
3112 2149
316 118
678 2400
2460 1700
781 2864
937 2009
2753 914
1739 741
1030 1320
2159 2479
965 1032
1189 2749
1240 2068
2913 1974
1406 3156
1477 3300
17 799
3293 798
669 683
1097 666
1333 2739
876 1639
159 1001
100 1271
1908 92
30 693
3080 796
3195 2986
3203 1784
461 2457
2582 519
1696 2303
2516 2229
845 2018
2217 2965
2176 1182
389 637
2134 2470
472 251
1088 141
2835 2964
2290 200
1494 2001
1708 243
2014 1602
782 1760
61 2606
1210 1610
1287 909
1260 1702
822 2030
706 2214
1024 194
2149 949
118 2141
2400 416
1700 3229
2864 710
2009 779
914 318
741 385
1320 2163
2479 3135
1032 3057
2749 745
2068 1529
1974 2813
3156 37
3300 1694
799 2696
798 2911
683 2170
666 1042
2739 597
1639 3266
1001 1526
1271 1119
92 739
693 3117
796 3185
2986 2178
1784 1812
2457 514
519 751
2303 2096
2229 2894
2018 2937
2965 1079
1182 399
637 590
2470 1614
251 3157
141 313
2964 1532
200 3127
2001 1949
243 1054
1602 2536
1760 1948
2606 2151
1610 325
909 2439
1702 3332
2030 3168
2214 1388
194 2631
949 3305
2141 1788
416 258
3229 1569
710 1615
779 1835
318 1433
385 2313
2163 2308
3135 2476
3057 925
745 1999
1529 1599
2813 2257
37 2921
1694 230
2696 696
2911 484
2170 1870
1042 2262
597 500
3266 428
1526 604
1119 1947
739 786
3117 853
3185 44
2178 1583
1812 1734
514 1325
751 2794
2096 749
2894 1872
2937 2711
1079 2024
399 486
590 973
1614 1014
3157 1200
313 3113
1532 3255
3127 1850
1949 2767
1054 2985
2536 563
1948 2248
2151 746
325 1940
2439 2619
3332 2744
3168 3171
1388 2022
2631 2990
3305 3339
1788 450
258 2136
1569 2604
1615 1480
1835 1395
1433 2249
2313 2369
2308 1121
2476 439
925 2269
1999 446
1599 3037
2257 773
2921 2416
230 1451
696 675
484 908
1870 329
2262 525
500 1742
428 2371
604 2345
1947 2759
786 2648
853 1370
44 2065
1583 85
1734 795
1325 821
2794 1262
749 2902
1872 3027
2711 2156
2024 761
486 2650
973 2041
1014 1431
1200 275
3113 612
3255 211
1850 1585
2767 1143
2985 2444
563 62
2248 356
746 227
1940 1960
2619 34
2744 1173
3171 2488
2022 2218
2990 3016
3339 922
450 3040
2136 1873
2604 509
1480 1062
1395 2651
2249 186
2369 369
1121 593
439 3128
2269 1137
446 2983
3037 2708
773 1843
2416 3108
1451 2513
675 388
908 457
329 2478
525 3106
1742 1063
2371 1357
2345 2417
2759 2764
2648 1473
1370 1753
2065 592
85 1909
795 151
821 2234
1262 2472
2902 1242
3027 2782
2156 1858
761 1060
2650 2876
2041 1399
1431 495
275 125
612 2463
211 2834
1585 2945
1143 560
2444 1772
62 920
356 3303
227 1985
1960 2368
34 3067
1173 535
2488 3010
2218 451
3016 2626
922 2694
3040 2299
1873 2821
509 2552
1062 212
2651 2722
186 3052
369 1247
593 2188
3128 1264
1137 3226
2983 46
2708 53
1843 323
3108 2428
2513 3350
388 1359
457 1675
2478 2779
3106 1501
1063 15
1357 857
2417 2301
2764 1398
1473 456
1753 473
592 449
1909 204
151 1535
2234 1172
2472 1424
1242 934
2782 2916
1858 725
1060 1190
2876 177
1399 591
495 2959
125 1582
2463 1118
2834 3209
2945 1933
560 661
1772 1439
920 1509
3303 3199
1985 3025
2368 74
3067 1624
535 2250
3010 283
451 856
2626 931
2694 1192
2299 554
2821 3007
2552 777
212 1681
2722 2225
3052 488
1247 2594
2188 1072
1264 1007
3226 1776
46 1253
53 127
323 2226
2428 2393
3350 3275
1359 2750
1675 3031
2779 1622
1501 958
15 1701
857 3299
2301 2891
1398 3264
456 585
473 1790
449 2934
204 2255
1535 2216
1172 2997
1424 2887
934 698
2916 1925
725 3352
1190 2382
177 663
591 2220
2959 1267
1582 1023
1118 319
3209 1468
1933 1123
661 3003
1439 1133
1509 2995
3199 215
3025 289
74 2148
1624 2636
2250 656
283 1412
856 1338
931 2823
1192 2797
554 1969
3007 944
777 153
1681 2647
2225 1041
488 1868
2594 2571
1072 322
1007 23
1776 1746
1253 2236
127 3140
2226 1177
2393 1245
3275 3193
2750 771
3031 778
1622 2407
958 1396
1701 855
3299 3342
2891 1943
3264 655
585 2464
1790 3245
2934 2938
2255 2686
2216 353
2997 2642
2887 2523
698 38
1925 496
3352 691
2382 1588
663 924
2220 905
1267 1328
1023 493
319 2868
1468 1659
1123 249
3003 2078
1133 1476
2995 747
215 835
289 1584
2148 3239
2636 1755
656 1484
1412 2853
1338 680
2823 2712
2797 1142
1969 2680
944 1461
153 1369
2647 513
1041 478
1868 1630
2571 2397
322 2538
23 2175
1746 1491
2236 665
3140 752
1177 942
1245 90
3193 977
771 1517
778 1061
2407 107
1396 1233
855 1360
3342 364
1943 2405
655 1129
2464 320
3245 690
2938 3213
2686 1979
353 106
2642 1975
2523 836
38 2128
496 1152
691 1018
1588 2558
924 2450
905 1341
1328 2413
493 2533
2868 358
1659 1984
249 645
2078 158
1476 3103
747 168
835 334
1584 2812
3239 3279
1755 2506
1484 649
2853 3162
680 326
2712 921
1142 18
2680 1626
1461 3110
1369 3204
513 3301
478 991
1630 3019
2397 3258
2538 685
2175 1736
1491 489
665 172
752 2318
942 2077
90 624
977 3334
1517 3129
1061 1590
107 2726
1233 571
1360 1209
364 2029
2405 170
1129 65
320 2496
690 1547
3213 2507
1979 2679
106 1138
1975 229
836 2242
2128 70
1152 1372
1018 2613
2558 468
2450 2482
1341 2467
2413 897
2533 3173
358 1176
1984 2117
645 2124
158 2874
3103 3151
168 1741
334 976
2812 575
3279 2286
2506 1692
649 2551
3162 1437
326 2810
921 2792
18 839
1626 2233
3110 2766
3204 695
3301 960
991 2747
3019 2399
3258 1818
685 459
1736 1521
489 2713
172 2126
2318 721
2077 967
624 630
3334 3238
3129 3221
1590 907
2726 2125
571 1356
1209 2734
2029 1611
170 3292
65 1384
2496 2618
1547 831
2507 284
2679 1598
1138 2086
229 413
2242 1990
70 1191
1372 1792
2613 2576
468 2586
2482 1464
2467 395
897 1446
3173 1958
1176 3289
2117 1917
2124 975
2874 192
3151 2623
1741 2346
976 1082
575 339
2286 3233
1692 510
2551 948
1437 1794
2810 147
2792 1808
839 2991
2233 1015
2766 2247
695 1336
960 403
2747 3182
2399 157
1818 550
459 2342
1521 2053
2713 1732
2126 1095
721 667
967 540
630 3304
3238 755
3221 2674
907 743
2125 483
1356 1105
2734 1528
1611 1721
3292 2974
1384 306
2618 1954
831 1158
284 21
1598 2224
2086 2042
413 2762
1990 3175
1191 2340
1792 2715
2576 2334
2586 1002
1464 632
395 2555
1446 3174
1958 3313
3289 3042
1917 2459
975 1983
192 1340
2623 3281
2346 2867
1082 722
339 2336
3233 199
510 1980
948 2129
1794 256
147 2953
1808 352
2991 25
1015 1258
2247 2054
1336 837
403 2527
3182 750
157 3283
550 1376
2342 1676
2053 2979
1732 1587
1095 1821
667 1407
540 2235
3304 3084
755 52
2674 1923
743 114
483 2564
1105 410
1528 555
1721 2473
2974 2166
306 2600
1954 2728
1158 494
21 441
2224 686
2042 110
2762 1342
3175 3062
2340 3051
2715 3147
2334 564
1002 2544
632 1208
2555 51
3174 878
3313 2641
3042 628
2459 1661
1983 812
1340 1910
3281 1297
2867 1605
722 810
2336 1259
199 988
1980 2587
2129 1922
256 2549
2953 1641
352 302
25 1212
1258 3158
2054 1408
837 3142
2527 3098
750 819
3283 983
1376 3059
1676 2968
2979 1230
1587 2360
1821 1667
1407 2639
2235 201
3084 1670
