9710
3226 5456
3226 1180
5456 1628
5456 2213
5456 84
5456 3907
1180 8034
1180 2672
1180 1119
1180 8068
1628 6508
1628 314
1628 6738
1628 5883
2213 6720
2213 3590
84 353
84 8328
3907 3391
3907 2313
3907 9125
3907 7287
8034 463
2672 7435
1119 8421
8068 1789
8068 4665
8068 5614
6508 2565
6508 3440
6508 3461
314 1814
6738 3894
6738 9274
6738 9088
6738 7814
5883 8105
5883 3283
6720 3487
6720 4675
3590 3237
3590 4821
3590 3616
3590 1224
353 5677
353 6149
8328 2911
8328 6967
8328 7526
8328 4849
3391 7006
3391 4927
3391 2481
3391 2640
2313 4635
2313 1086
2313 5921
2313 8043
9125 8005
9125 2232
7287 3745
7287 8582
7287 2614
7287 1725
463 9266
463 7278
7435 1783
8421 3382
8421 5234
8421 802
8421 7457
1789 7995
1789 6197
1789 4188
4665 8422
4665 2109
4665 2959
5614 8412
5614 7221
5614 4533
5614 585
2565 3820
3440 7623
3440 7002
3461 5742
3461 6051
1814 4687
3894 3261
9274 6078
9088 3320
7814 4660
8105 6412
3283 2021
3487 1250
4675 1713
3237 6561
4821 4935
3616 6794
1224 9583
5677 8912
6149 3022
2911 2749
6967 5494
7526 9035
4849 4153
7006 2461
4927 6975
2481 549
2640 8810
4635 5907
1086 9262
5921 1779
8043 1813
8005 4347
2232 2608
3745 3603
8582 623
2614 6779
1725 6315
9266 4295
7278 4655
1783 5369
3382 5179
5234 9425
802 2308
7457 4185
7995 9036
6197 3665
4188 8665
8422 6568
2109 6639
2959 524
8412 4274
7221 9087
4533 5155
585 5521
3820 7536
7623 8843
7002 1449
5742 9503
6051 7898
4687 6718
3261 5703
6078 8477
3320 4429
4660 7304
6412 2307
2021 7207
1250 4125
1713 517
6561 7551
4935 8693
6794 4515
9583 6194
8912 7796
3022 2997
2749 1326
5494 2062
9035 5554
4153 4508
2461 2319
6975 578
549 9182
8810 36
5907 2121
9262 7261
1779 5110
1813 4842
4347 5817
2608 7204
3603 6942
623 9014
6779 701
6315 1842
4295 6193
4655 4722
5369 5567
5179 7076
9425 5771
2308 7747
4185 6810
9036 3876
3665 3071
8665 2889
6568 1920
6639 7751
524 8777
4274 4678
9087 8492
5155 4149
5521 5364
7536 7922
8843 5255
1449 809
9503 7035
7898 627
6718 13
5703 9090
8477 719
4429 2339
7304 3362
2307 1286
7207 2183
4125 4175
517 1399
7551 4578
8693 3562
4515 203
6194 3345
7796 7003
2997 8445
1326 5069
2062 1367
5554 1596
4508 4457
2319 5524
578 9106
9182 5872
36 1294
2121 8606
7261 3754
5110 2579
4842 303
5817 1586
7204 1429
6942 4893
9014 62
701 1275
1842 5448
6193 8299
4722 2409
5567 8813
7076 4733
5771 187
7747 9
6810 7044
3876 7678
3071 3778
2889 3957
1920 4543
7751 9312
8777 3449
4678 3921
8492 5340
4149 1986
5364 338
7922 1773
5255 7733
809 8746
7035 405
627 7847
13 5983
9090 4128
719 7851
2339 2162
3362 9445
1286 5123
2183 6118
4175 2624
1399 5384
4578 2904
3562 3755
203 760
3345 616
7003 3498
8445 2433
5069 7501
1367 5421
1596 2560
4457 3943
5524 2165
9106 5158
5872 6281
1294 9338
8606 5520
3754 4599
2579 4449
303 8505
1586 884
1429 9352
4893 5732
62 5886
1275 3962
5448 5131
8299 2850
2409 5634
8813 3555
4733 2830
187 8824
9 7172
7044 4840
7678 396
3778 3365
3957 3286
4543 4852
9312 4985
3449 8152
3921 737
5340 8415
1986 8324
338 4011
1773 5604
7733 3913
8746 8678
405 4957
7847 5806
5983 2082
4128 3538
7851 6214
2162 1557
9445 8923
5123 2356
6118 780
2624 618
5384 2164
2904 974
3755 8633
760 1739
616 7235
3498 7665
2433 7576
7501 2474
5421 6552
2560 6108
3943 3829
2165 9516
5158 8280
6281 3123
9338 9203
5520 4567
4599 4781
4449 5622
8505 6604
884 5358
9352 980
5732 7240
5886 8557
3962 1120
5131 4769
2850 8911
5634 9294
3555 9219
2830 2425
8824 2896
7172 2883
4840 2519
396 5676
3365 2659
3286 7837
4852 5930
4985 4453
8152 7584
737 3806
8415 6998
8324 2833
4011 4663
5604 9522
3913 2775
8678 8196
4957 5982
5806 8544
2082 6683
3538 2802
6214 8377
1557 675
8923 1848
2356 6575
780 6978
618 3901
2164 3486
974 1792
8633 6146
1739 4630
7235 9166
7665 8803
7576 1649
2474 6072
6552 7531
6108 5450
3829 4028
9516 173
8280 6228
3123 621
9203 487
4567 3031
4781 4098
5622 6114
6604 3566
5358 3683
980 7724
7240 1027
8557 2817
1120 5477
4769 1113
8911 902
9294 403
9219 5947
2425 599
2896 5581
2883 2710
2519 5682
5676 8510
2659 5214
7837 1039
5930 9065
4453 4723
7584 5744
3806 5472
6998 4993
2833 7135
4663 2736
9522 5531
2775 8634
8196 2588
5982 5228
8544 2017
6683 7327
2802 944
8377 3304
675 1433
1848 7384
6575 8357
6978 7924
3901 7980
3486 6596
1792 849
6146 6443
4630 8673
9166 2113
8803 1246
1649 208
6072 9066
7531 2475
5450 2882
4028 2967
173 105
6228 6346
621 7309
487 9559
3031 6473
4098 908
6114 2628
3566 6805
3683 9602
7724 8369
1027 4455
2817 4945
5477 8688
1113 9607
902 746
403 9330
5947 4403
599 3780
5581 6022
2710 7454
5682 3206
8510 127
5214 8098
1039 3713
9065 9608
4723 6381
5744 2785
5472 5038
4993 6775
7135 6697
2736 8216
5531 8225
8634 8494
2588 5908
5228 7417
2017 1139
7327 3350
944 2820
3304 9555
1433 5755
7384 6869
8357 9275
7924 6584
7980 8310
6596 2824
849 7946
6443 1413
8673 8049
2113 1817
1246 6566
208 7689
9066 8636
2475 2888
2882 7822
2967 4162
105 3782
6346 6957
7309 6127
9559 1525
6473 8084
908 1624
2628 6939
6805 7901
9602 5631
8369 6881
4455 5326
4945 1026
8688 8347
9607 7706
746 7909
9330 1136
4403 7250
3780 7548
6022 8752
7454 8515
3206 5556
127 7806
8098 6682
3713 2506
9608 5213
6381 6371
2785 218
5038 6221
6775 3736
6697 7633
8216 3589
8225 7604
8494 34
5908 309
7417 6488
1139 9005
3350 8386
2820 32
9555 7883
5755 3825
6869 9639
9275 6574
6584 8169
8310 8908
2824 686
7946 3228
1413 191
8049 7344
1817 402
6566 8208
7689 4308
8636 3597
2888 9374
7822 1105
4162 9105
3782 8767
6957 6229
6127 5783
1525 9419
8084 9502
1624 1260
6939 6248
7901 3171
5631 1019
6881 2030
5326 6082
1026 5880
8347 6621
7706 2174
7909 5545
1136 6153
7250 3396
7548 2538
8752 5569
8515 1549
5556 8532
7806 4540
6682 7973
2506 3550
5213 7328
6371 584
218 3744
6221 7379
3736 7545
7633 1330
3589 3970
7604 3161
34 4613
309 5643
6488 7121
9005 3878
8386 305
32 7067
7883 8209
3825 1821
9639 4920
6574 4729
8169 94
8908 1676
686 8410
3228 9571
191 8224
7344 5530
402 3578
8208 1787
4308 1847
3597 2691
9374 3493
1105 7774
9105 8608
8767 1099
6229 491
5783 5725
9419 1811
9502 6490
1260 6924
6248 9708
3171 4726
1019 8197
2030 7959
6082 8356
5880 6363
6621 4099
2174 8187
5545 9083
6153 5373
3396 333
2538 4539
5569 5984
1549 5997
8532 5757
4540 2296
7973 6239
3550 7558
7328 754
584 3271
3744 3856
7379 6646
7545 3439
1330 2196
3970 3773
3161 639
4613 7738
5643 8435
7121 9632
3878 7165
305 9441
7067 153
8209 5262
1821 6653
4920 6526
4729 7627
94 1422
1676 1396
8410 7563
9571 6355
8224 8322
5530 1268
3578 4643
1787 2145
1847 6436
2691 4468
3493 7989
7774 2090
8608 6393
1099 9566
491 4474
5725 8555
1811 7028
6490 7566
6924 8330
9708 1412
4726 3124
8197 5731
7959 4328
8356 9305
6363 209
4099 2719
8187 6783
9083 4948
5373 6904
333 4605
4539 3208
5984 6196
5997 5804
5757 9301
2296 6255
6239 3400
7558 7032
754 9258
3271 8015
3856 4440
6646 1890
3439 8149
2196 6290
3773 4644
639 5582
7738 6006
8435 5707
9632 1945
7165 1762
9441 4933
153 198
5262 857
6653 8025
6526 8866
7627 9681
1422 3254
1396 3863
7563 510
6355 5583
8322 5986
1268 617
4643 2045
2145 9422
6436 4649
4468 1865
7989 582
2090 1563
6393 4595
9566 5445
4474 2667
8555 9110
7028 5465
7566 9399
8330 1933
1412 6798
3124 7514
5731 6702
4328 8264
9305 7331
209 959
2719 8073
6783 4182
4948 4378
6904 6608
4605 4477
3208 7041
6196 7118
5804 1425
9301 8562
6255 7413
3400 167
7032 9643
9258 436
8015 6492
4440 6096
1890 9451
8149 9062
6290 1197
4644 2006
5582 5002
6006 8519
5707 2880
1945 3072
1762 2139
4933 5346
198 3784
857 3981
8025 833
8866 4424
9681 5085
3254 640
3863 6383
510 1599
5583 1765
5986 6504
617 6132
2045 7202
9422 4227
4649 4730
1865 7181
582 3477
1563 28
4595 9617
5445 8213
2667 5498
9110 2445
5465 8350
9399 6767
1933 5334
6798 5574
7514 7882
6702 5585
8264 8996
7331 6191
959 9467
8073 3524
4182 6971
4378 728
6608 3821
4477 3757
7041 3289
7118 6830
1425 7606
8562 2567
7413 3926
167 7928
9643 8176
436 2346
6492 8931
6096 8834
9451 9432
9062 2368
1197 4918
2006 1423
5002 8097
8519 4338
2880 7717
3072 3687
2139 8786
5346 2536
3784 5600
3981 3759
833 7318
4424 6746
5085 3145
640 7907
6383 4531
1599 8011
1765 5394
6504 6269
6132 2992
7202 625
4227 5344
4730 1090
7181 9366
3477 1741
28 3146
9617 5992
8213 1802
5498 4069
2445 2316
8350 2034
6767 2501
5334 7975
5574 1772
7882 4463
5585 7976
8996 9027
6191 5461
9467 6546
3524 2002
6971 1257
728 5602
3821 7799
3757 5073
3289 1756
6830 4273
7606 5297
2567 7624
3926 6327
7928 915
8176 6259
2346 181
8931 4513
8834 6711
9432 3414
2368 4620
4918 7126
1423 4953
8097 8475
4338 3269
7717 7337
3687 5318
8786 4809
2536 8856
5600 1742
3759 4318
7318 9601
6746 1408
3145 6120
7907 2098
4531 4753
8011 8506
5394 5895
6269 6760
2992 8959
625 1317
5344 2024
1090 8090
9366 2681
1741 4573
3146 5102
5992 7889
1802 4417
4069 6186
2316 6353
2034 2142
2501 7392
7975 9640
1772 6302
4463 1944
7976 1685
9027 8133
5461 4491
6546 7169
2002 3897
1257 9587
5602 3009
7799 9483
5073 8114
1756 738
4273 3768
5297 4495
7624 4353
6327 2268
915 1934
6259 9455
181 3864
4513 7263
6711 4924
3414 3658
4620 3360
7126 2160
4953 3966
8475 8660
3269 3986
7337 4285
5318 9082
4809 7479
8856 8976
1742 3409
4318 1705
9601 9406
1408 6749
6120 59
2098 7982
4753 5350
8506 4095
5895 9070
6760 1776
8959 7339
1317 6627
2024 2704
8090 8863
2681 5463
4573 3104
5102 2963
7889 7226
4417 6658
6186 3706
6353 2036
2142 7524
7392 6220
9640 5141
6302 2222
1944 6808
1685 9631
8133 7694
4491 5359
7169 8132
3897 4556
9587 5972
3009 3284
9483 3867
8114 9466
738 177
3768 9490
4495 855
4353 8910
2268 2014
1934 7048
9455 1515
3864 6203
7263 1941
4924 3810
3658 4664
3360 9327
2160 9584
3966 6304
8660 5671
3986 1100
4285 9515
9082 9341
7479 5587
8976 222
3409 5512
1705 6753
9406 1749
6749 9487
59 7058
7982 72
5350 526
4095 3353
9070 715
1776 2987
7339 9237
6627 446
2704 5415
8863 3626
5463 6793
3104 1696
2963 7595
7226 6091
6658 8333
3706 6883
2036 5768
7524 4136
6220 3151
5141 5470
2222 1834
6808 8713
9631 9040
7694 8438
5359 7662
8132 1967
4556 965
5972 8830
3284 130
3867 4518
9466 8279
177 7430
9490 41
855 5654
8910 5544
2014 6325
7048 2831
1515 2803
6203 3519
1941 6733
3810 5578
4664 1390
9327 145
9584 6736
6304 7444
5671 3415
1100 5208
9515 7721
9341 2446
5587 1833
222 3073
5512 4148
6753 9413
1749 7127
9487 2035
7058 8012
72 4541
526 7728
3353 2343
715 91
2987 3152
9237 6918
446 3627
5415 9143
3626 1730
6793 2622
1696 7878
7595 1678
6091 8612
8333 8696
6883 6870
5768 9041
4136 7114
3151 6293
5470 1553
1834 1002
8713 9193
9040 3557
8438 6778
7662 6102
1967 6170
965 5349
8830 4370
130 5820
4518 7888
8279 8048
7430 7603
41 8503
5654 1849
5544 5687
6325 8388
2831 7800
2803 4140
3519 3692
6733 1661
5578 370
1390 8391
145 9665
6736 7518
7444 8659
3415 2127
5208 453
7721 8890
2446 279
1833 6323
3073 7639
4148 800
9413 4448
7127 712
2035 2001
8012 2405
4541 3694
7728 2593
2343 4058
91 5332
3152 4551
6918 5468
3627 7192
9143 8635
1730 7335
2622 657
7878 1414
1678 7944
8612 5973
8696 8652
6870 3458
9041 3248
7114 9691
6293 3714
1553 1668
1002 7105
9193 1121
3557 2741
6778 7630
6102 5428
6170 930
5349 6489
4370 3535
5820 4311
7888 1520
8048 1631
7603 3556
8503 4631
1849 8822
5687 5310
8388 3812
7800 9644
4140 7643
3692 3452
1661 8734
370 8580
8391 8083
9665 1573
7518 9396
8659 1288
2127 6449
453 5088
8890 784
279 6066
6323 1521
7639 8111
800 2457
4448 8261
712 9692
2001 9444
2405 5553
3694 5599
2593 684
4058 4869
5332 2834
4551 3572
5468 5397
7192 9162
8635 3601
7335 5821
657 55
1414 1980
7944 5653
5973 2513
8652 8058
3458 7704
3248 3058
9691 5455
3714 6139
1668 9109
7105 2466
1121 175
2741 7354
7630 416
5428 5175
930 6106
6489 5549
3535 6291
4311 3771
1520 3485
1631 5890
3556 1104
4631 5411
8822 3025
5310 1744
3812 5075
9644 3609
7643 2027
3452 3871
8734 5844
8580 8491
8083 4327
1573 5
9396 2133
1288 6188
6449 1795
5088 2123
784 2864
6066 840
1521 4862
8111 7862
2457 6915
8261 2818
9692 6706
9444 2157
5553 5257
5599 5624
684 2843
4869 182
2834 3069
3572 4981
5397 9308
9162 907
3601 5452
5821 7977
55 4647
1980 7681
5653 2559
2513 6495
8058 9524
7704 9696
3058 44
5455 3690
6139 9653
9109 7718
2466 3193
175 8294
7354 632
416 9662
5175 9519
6106 4701
5549 5650
6291 7711
3771 3705
3485 150
5890 20
1104 1238
5411 571
3025 6419
1744 6911
5075 4031
3609 224
2027 6987
3871 9592
5844 3952
8491 7504
4327 9420
5 5279
2133 9511
6188 1880
1795 8754
2123 7700
2864 3303
840 994
4862 1196
7862 9563
6915 7017
2818 3338
6706 7790
2157 4018
5257 460
5624 7663
2843 3112
182 3791
3069 5502
4981 6606
9308 3465
907 3610
5452 7166
7977 3900
4647 2327
7681 8534
2559 4025
6495 7874
9524 7809
9696 3880
44 1835
3690 8969
9653 8619
7718 958
3193 7651
8294 8610
632 6920
9662 335
9519 540
4701 2816
5650 8851
7711 5065
3705 4511
150 6130
20 8137
1238 519
571 5773
6419 2813
6911 3411
4031 9248
224 3017
6987 444
9592 3971
3952 8524
7504 2686
9420 8854
5279 7709
9511 7227
1880 5437
8754 4756
7700 2932
3303 5402
994 3135
1196 8554
9563 6836
7017 1975
3338 2338
7790 3057
4018 6953
460 8679
7663 3822
3112 450
3791 9355
5502 8718
6606 7306
3465 5045
3610 2721
7166 9480
3900 7993
2327 3624
8534 340
4025 8893
7874 8118
7809 2696
3880 1761
1835 8956
8969 7443
8619 8788
958 5328
7651 2369
8610 6358
6920 7133
335 8962
540 7077
2816 4712
8851 1634
5065 587
4511 1328
6130 1912
8137 8525
519 5443
5773 1829
2813 9686
3411 3349
9248 513
3017 4928
444 7156
3971 6013
8524 9342
2686 1057
8854 211
7709 1155
7227 6977
5437 8638
4756 4310
2932 6714
5402 874
3135 5199
8554 1175
6836 2201
1975 6458
2338 1108
3057 6179
6953 5831
8679 6426
3822 1819
450 4105
9355 1017
8718 600
7306 464
5045 820
2721 9688
9480 4572
7993 2263
3624 2527
340 6236
8893 3799
8118 8138
2696 825
1761 3621
8956 8355
7443 9079
8788 2156
5328 8602
2369 8427
6358 6400
7133 1956
8962 4264
7077 2135
4712 2690
1634 5775
587 1533
1328 8844
1912 921
8525 5967
5443 608
1829 7286
9686 4050
3349 3740
513 6237
4928 815
7156 6258
6013 8683
9342 8353
1057 8276
211 4488
1155 1428
6977 245
8638 7617
4310 2743
6714 8112
874 8135
5199 1996
1175 3732
2201 1109
6458 7234
1108 3809
6179 7026
5831 3997
6426 2973
1819 2249
4105 4068
1017 4610
600 8443
464 9194
820 7175
9688 6481
4572 6532
2263 3671
2527 7870
6236 2606
3799 4459
8138 4913
825 2260
3621 2577
8355 4272
9079 6002
2156 8548
8602 6418
8427 4309
6400 4080
1956 7540
4264 2611
2135 2861
2690 7716
5775 8839
1533 344
8844 2379
921 7554
5967 4824
608 978
7286 2451
4050 9142
3740 9427
6237 8751
815 3052
6258 3394
8683 5012
8353 6365
8276 819
4488 9003
1428 8082
245 6266
7617 2712
2743 4089
8112 3904
8135 1874
1996 7425
3732 7036
1109 4489
7234 2966
3809 6167
7026 4568
3997 4118
2973 4673
2249 3358
4068 2870
4610 5041
8443 3977
9194 8507
7175 1861
6481 2815
6532 2529
3671 3404
7870 2050
2606 9214
4459 9622
4913 8737
2260 6136
2577 919
4272 4963
6002 5192
8548 3238
6418 4002
4309 4786
4080 6558
7540 7372
2611 4524
2861 3287
7716 5183
8839 3655
344 5497
2379 6623
7554 2484
4824 5796
978 5307
2451 48
9142 2400
9427 6754
8751 7695
3052 5410
3394 7159
5012 8327
6365 4696
819 498
9003 2392
8082 9178
6266 5920
2712 2848
4089 3816
3904 8126
1874 3023
7425 7803
7036 7279
4489 2170
2966 4203
6167 8894
4568 7556
4118 5235
4673 4618
3358 7780
2870 1191
5041 6719
3977 2975
8507 3315
1861 8728
2815 8403
2529 5172
3404 215
2050 4451
9214 5864
9622 7672
8737 1989
6136 3529
919 5250
4963 5205
5192 394
3238 7323
4002 1917
4786 7416
6558 9230
7372 7015
4524 3805
3287 6026
5183 8986
3655 3293
5497 3040
6623 7880
2484 226
5796 2881
5307 2334
48 8495
2400 1324
6754 8601
7695 1916
5410 9613
7159 9333
8327 8204
4696 6586
498 5737
2392 3259
9178 6296
5920 909
2848 382
3816 9072
8126 9610
3023 332
7803 4995
7279 7258
2170 656
4203 5801
8894 1972
7556 2919
5235 155
4618 3974
7780 5738
1191 1274
6719 1296
2975 3648
3315 6534
8728 9504
8403 3663
5172 5658
215 1067
4451 11
5864 6469
7672 5013
1989 4027
3529 6909
5250 116
5205 2295
394 2662
7323 5941
1917 5351
7416 7136
9230 9028
7015 1499
3805 8888
6026 2097
8986 7810
3293 6650
3040 316
7880 7525
226 7879
2881 5762
2334 6143
8495 9153
1324 7905
8601 8684
1916 5940
9613 302
9333 2031
8204 3173
6586 8933
5737 6370
3259 2306
6296 1784
909 7720
382 9391
9072 7578
9610 4805
332 2937
4995 2931
7258 6722
656 1896
5801 6890
1972 851
2919 2455
155 1146
3974 3652
5738 6502
1274 238
1296 3633
3648 4167
6534 860
9504 3013
3663 412
5658 2272
1067 9247
11 1037
6469 8545
5013 9242
4027 2141
6909 7674
116 448
2295 7750
2662 4038
5941 216
5351 6761
7136 7693
9028 8940
1499 6349
8888 5746
2097 4698
7810 5996
6650 1415
316 6369
7525 4714
7879 8014
5762 4337
6143 6045
9153 6330
7905 3
8684 7966
5940 4109
302 8559
2031 9113
3173 3715
8933 7931
6370 2199
2306 1711
1784 699
7720 6601
9391 6080
7578 2740
4805 3321
2937 3011
2931 8284
6722 4210
1896 3772
6890 9001
851 6611
2455 2774
1146 5858
3652 717
6502 7748
238 1513
3633 3444
4167 2895
860 4003
3013 2390
412 8361
2272 3835
9247 424
1037 2685
8545 5636
9242 7485
2141 296
7674 1826
448 1156
7750 6709
4038 1204
216 1011
6761 5751
7693 7463
8940 8190
6349 988
5746 3136
4698 8994
5996 7348
1415 2039
6369 2528
4714 1102
8014 4137
4337 4048
6045 2980
6330 7759
3 3781
7966 6927
4109 6024
8559 8470
9113 3165
3715 7143
7931 5173
2199 5188
1711 9325
699 4833
6601 5375
6080 5959
2740 8136
3321 532
3011 9512
8284 2877
4210 9506
3772 8725
9001 533
6611 7217
2774 4582
5858 620
717 5827
7748 71
1513 7857
3444 6762
2895 9147
4003 66
2390 6622
8361 6235
3835 2256
424 2216
2685 6178
5636 6668
7485 76
296 7647
1826 3537
1156 2071
6709 1014
1204 1452
1011 9300
5751 3882
7463 6630
8190 7972
988 9611
3136 6277
8994 4681
7348 4755
2039 8771
2528 3636
1102 8892
4137 5288
4048 9303
2980 202
7759 9246
3781 5298
6927 2933
6024 702
8470 5440
3165 2438
7143 7859
5173 6866
5188 282
9325 6612
4833 2354
5375 8071
5959 5481
8136 120
532 5031
9512 1551
2877 466
9506 3619
8725 8088
533 9360
7217 4822
4582 6945
620 5590
5827 308
71 2372
7857 4741
6762 7494
9147 9351
66 4975
6622 6964
6235 5523
2256 8702
2216 7696
6178 1125
6668 7685
76 139
7647 1352
3537 8785
2071 4013
1014 8044
1452 6284
9300 5360
3882 194
6630 6251
7972 4737
9611 662
6277 4143
4681 2052
4755 7308
8771 83
3636 6311
8892 112
5288 8550
9303 4077
202 3116
9246 241
5298 8170
2933 7763
702 1128
5440 3527
2438 7450
7859 2862
6866 334
282 6233
6612 6273
2354 3001
8071 6286
5481 5015
120 4580
5031 7475
1551 8965
466 6019
3619 1044
8088 5258
9360 2326
4822 4553
6945 6757
5590 5818
308 6598
2372 6801
4741 184
7494 7951
9351 6867
4975 4130
6964 4954
5523 904
8702 8664
7696 631
1125 1617
7685 1516
139 1063
1352 3688
8785 2440
4013 2366
8044 4699
6284 3172
5360 286
194 9012
6251 5793
4737 6581
662 8302
4143 8570
2052 652
7308 6021
83 14
6311 7971
112 2865
8550 3375
4077 3241
3116 4341
241 2954
8170 3143
7763 7675
1128 6429
3527 9212
7450 5117
2862 1993
334 3455
6233 2237
6273 5193
3001 2043
6286 6322
5015 3245
4580 3319
7475 883
8965 1012
6019 6476
1044 2056
5258 5819
2326 1794
4553 1778
6757 1401
5818 9081
6598 393
6801 7523
184 3746
7951 1820
6867 4760
4130 8103
4954 2563
904 8873
8664 2137
631 2427
1617 6602
1516 4281
1063 5664
3688 1924
2440 7
2366 1485
4699 8001
3172 6335
286 5550
9012 8371
5793 6070
6581 1988
8302 5457
8570 721
652 7607
6021 9359
14 3029
7971 781
2865 7719
3375 4961
3241 6675
4341 5171
2954 5741
3143 9221
7675 4791
6429 9569
9212 3279
5117 5537
1993 6435
3455 8928
2237 2601
5193 7575
2043 9648
6322 6404
3245 3543
3319 8840
883 6373
1012 5854
6476 9120
2056 1723
5819 6786
1794 3137
1778 3264
1401 9032
9081 2416
393 8971
7523 2642
3746 4292
1820 2103
4760 5128
8103 7431
2563 5382
8873 4091
2137 3070
2427 7815
6602 4891
4281 2471
5664 3490
1924 4207
7 6425
1485 6069
8001 1189
6335 9268
5550 2448
8371 9561
6070 2114
1988 3790
5457 6478
721 7020
7607 4324
9359 2675
3029 4367
781 3383
7719 492
4961 1208
6675 5198
5171 9429
5741 9130
9221 5385
4791 2564
9569 2262
3279 1375
5537 950
6435 1132
8928 4734
2601 9593
7575 7984
9648 6468
6404 4638
3543 8309
8840 9123
6373 4789
5854 5739
9120 7052
1723 7402
6786 6551
3137 3752
3264 8977
9032 5564
2416 3201
8971 4278
2642 7051
4292 8932
2103 6332
5128 5501
7431 4812
5382 2085
4091 4141
3070 3227
7815 1724
4891 2447
2471 1276
3490 3654
4207 7238
6425 570
6069 1659
1189 2118
9268 2100
2448 6902
9561 8720
2114 3473
3790 5286
6478 9328
7020 5529
4324 2670
2675 9703
4367 6
3383 6955
492 4997
1208 7446
5198 2231
9429 867
9130 3205
5385 7426
2564 1740
2262 5615
1375 778
950 5626
1132 9076
4734 4060
9593 4868
7984 5669
6468 7388
4638 8596
8309 7368
9123 8899
4789 5758
5739 2971
7052 4758
7402 2472
6551 3710
3752 2962
8977 3169
5564 4652
3201 8711
4278 2220
7051 2787
8932 5563
6332 7513
5501 148
4812 3873
2085 3507
4141 8590
3227 4671
1724 8283
2447 8623
1276 4334
3654 9591
7238 3660
570 9494
1659 6929
2118 8529
2100 6279
6902 2680
8720 1345
3473 6145
5286 2419
9328 790
5529 2648
2670 4735
9703 5220
6 5734
6955 3280
4997 5857
7446 4846
2231 9527
867 8564
3205 415
7426 8838
1740 3346
5615 1283
778 6378
5626 8914
9076 8714
4060 806
4868 1614
5669 2178
7388 9456
8596 5227
7368 109
8899 1556
5758 406
2971 7964
4758 9557
2472 1280
3710 6961
2962 1334
3169 2940
4652 2723
8711 9017
2220 7826
2787 7983
5563 6131
7513 4196
148 8370
3873 2734
3507 5644
8590 2396
4671 3958
8283 8666
8623 698
4334 4102
9591 9049
3660 6803
9494 1087
6929 8253
8529 8895
6279 7669
2680 6743
1345 7789
6145 259
2419 7649
790 1309
2648 7091
4735 7701
5220 4051
5734 4982
3280 7761
5857 768
4846 966
9527 9393
8564 5911
415 5242
8838 8955
3346 7547
1283 756
6378 8352
8914 90
8714 6898
806 9310
1614 9647
2178 4950
9456 5106
5227 6769
109 1854
1556 1339
406 6673
7964 8992
9557 3849
1280 2084
6961 7393
1334 5798
2940 1465
2723 8486
9017 1947
7826 119
7983 6377
6131 3892
4196 5042
8370 660
2734 1253
5644 7925
2396 3003
3958 4284
8666 2225
698 3337
4102 1554
9049 1651
6803 1954
1087 9550
8253 8749
8895 6817
7669 9163
6743 5004
7789 5586
259 5068
7649 9597
1309 3077
7091 7818
7701 3865
4051 8675
4982 2053
7761 4534
768 8242
966 3990
9393 7432
5911 8078
5242 1607
8955 1613
7547 2760
756 1150
8352 7559
90 8833
6898 2473
9310 5721
9647 2858
4950 7756
5106 3334
6769 3786
1854 169
1339 1458
6673 8682
8992 475
3849 410
2084 2175
7393 1910
5798 5161
1465 4195
8486 5522
1947 1382
119 3546
6377 986
3892 9302
5042 5493
660 2195
1253 1091
7925 8898
3003 711
4284 4685
2225 4622
3337 364
1554 1360
1651 1004
1954 5083
9550 6686
8749 6172
6817 7692
9163 5236
5004 3399
5586 2534
5068 6025
9597 6442
3077 4269
7818 4067
3865 1263
8675 356
2053 2257
4534 3093
8242 9379
3990 1798
7432 9202
8078 7030
1607 3673
1613 8588
2760 3311
1150 205
7559 5924
8833 225
2473 2138
5721 7177
2858 3114
7756 648
3334 8286
3786 7113
169 6664
1458 5926
8682 6725
475 7768
410 1569
2175 7214
1910 7448
5161 7480
4195 1971
5522 6122
1382 1218
3546 2518
986 5052
9302 7510
5493 2266
2195 5454
1091 880
8898 605
711 2683
4685 8738
4622 9069
364 484
1360 5165
1004 2214
5083 247
6686 360
6172 9389
7692 4795
5236 7612
3399 8658
2534 9197
6025 3467
6442 92
4269 5878
4067 8857
1263 5134
356 6726
2257 1645
3093 6038
9379 5006
1798 6366
9202 4189
7030 1151
3673 736
8588 3553
3311 4301
205 9324
5924 9378
225 7795
2138 2727
7177 6460
3114 8081
648 8760
8286 2245
7113 6356
6664 772
5926 9663
6725 2344
7768 5726
1569 4059
7214 3422
7448 4864
7480 3302
1971 3831
6122 9428
1218 6112
2518 51
5052 7670
7510 3109
2266 4293
5454 6067
880 3288
605 1295
2683 1855
8738 5132
9069 2751
484 3225
5165 4
2214 5548
247 4900
360 9208
9389 6210
4795 399
7612 7142
8658 2649
9197 4024
3467 7000
92 2454
5878 3460
8857 829
5134 87
6726 7713
1645 4716
6038 3700
5006 6692
6366 1889
4189 8518
1151 9525
736 445
3553 1648
4301 4617
9324 7697
9378 1524
7795 4938
2727 3547
6460 336
8081 497
8760 3914
2245 5888
6356 6340
772 16
9663 3274
2344 5127
5726 2912
4059 914
3422 5309
4864 6567
3302 5057
3831 4861
9428 77
6112 8879
51 850
7670 6380
3109 5261
4293 8047
6067 3260
3288 2595
1295 6752
1855 5485
5132 7858
2751 2452
3225 4596
4 6895
5548 3340
4900 9347
9208 4379
6210 7440
399 6771
7142 433
2649 5322
4024 6376
7000 7033
2454 8831
3460 350
829 2131
87 1083
7713 5059
4716 3432
3700 1580
6692 1301
1889 3839
8518 2742
9525 4356
445 9317
1648 5114
4617 4775
7697 8289
1524 2876
4938 8317
3547 2171
336 4145
497 9552
3914 7129
5888 8199
6340 7228
16 6405
3274 8288
5127 5848
2912 5866
914 9322
5309 854
6567 2289
5057 2352
4861 1144
77 2048
8879 9286
850 3767
6380 7161
5261 9540
8047 5749
3260 5692
2595 8206
6752 8200
5485 4039
7858 3175
2452 2104
4596 774
6895 8222
3340 3511
9347 359
4379 1714
7440 9671
6771 5138
433 5200
5322 741
6376 2040
7033 1170
8831 6694
350 1973
2131 2384
1083 8938
5059 8325
3432 4087
1580 8689
1301 6004
3839 9103
2742 4229
4356 5642
9317 3727
5114 6095
4775 8504
8289 9009
2876 6710
8317 8234
2171 9038
4145 917
9552 5612
7129 8053
8199 3698
7228 3644
6405 1913
8288 5641
5848 658
5866 7001
9322 197
854 1379
2289 9048
2352 8953
1144 9499
2048 4547
9286 8566
3767 5689
7161 5379
9540 3739
5749 5087
5692 7749
8206 9073
8200 3450
4039 9677
3175 7349
2104 853
774 6790
8222 9309
3511 9383
359 5273
1714 2759
9671 9670
5138 6903
5200 2381
741 3874
2040 9331
1170 5845
6694 4194
1973 591
2384 4772
8938 1801
8325 1432
4087 3697
8689 2499
6004 8296
9103 8607
4229 3889
5642 4747
3727 6548
6095 1313
8504 1958
9009 1034
6710 8342
8234 480
9038 4412
917 1237
5612 1955
8053 8039
3698 792
3644 3392
1913 5580
5641 7785
658 5836
7001 6732
197 5453
1379 9412
9048 7060
8953 3421
9499 6032
4547 1285
8566 1876
5689 1307
5379 6545
3739 2764
5087 4588
7749 5027
9073 2788
3450 7784
9677 835
7349 6855
853 7573
6790 6154
9309 8250
9383 1886
5273 7926
2759 3221
9670 4713
6903 1316
2381 4724
3874 1908
9331 346
5845 9228
4194 3766
591 9630
4772 1152
1801 4799
1432 4122
3697 7224
2499 4743
8296 4386
8607 3427
3889 3475
4747 2061
6548 6303
1313 808
1958 5201
1034 434
8342 7147
480 4841
4412 6384
1237 5838
1955 4116
8039 2939
792 7843
3392 7422
5580 2423
7785 7962
5836 2422
6732 283
5453 6428
9412 3594
7060 9454
3421 1279
6032 2586
1285 2768
1876 4375
1307 9255
6545 3026
2764 3179
4588 1269
5027 2731
2788 4517
7784 8852
835 7942
6855 525
7573 5025
6154 8882
8250 7957
1886 9096
7926 3569
3221 81
4713 4977
1316 9112
4724 7314
1908 3030
346 5889
9228 6789
3766 2902
9630 8346
1152 5536
4799 1558
4122 923
7224 9635
4743 1212
4386 5869
3427 7849
3475 2792
2061 8558
6303 9000
808 1839
5201 7117
434 2288
7147 2660
4841 2525
6384 1544
5838 8674
4116 5336
2939 1609
7843 315
7422 7298
2423 3134
7962 331
2422 1480
283 4381
6428 3356
3594 325
9454 5260
1279 7686
2586 700
2768 1392
4375 663
9255 3059
3026 102
3179 9061
1269 7534
2731 1529
4517 7099
8852 5005
7942 2223
525 5552
5025 682
8882 7411
7957 6424
9096 472
3569 462
81 8428
4977 3969
9112 8647
7314 9321
3030 4300
5889 4391
6789 3327
2902 4289
8346 9023
5536 9234
1558 6247
923 6408
9635 9529
1212 1195
5869 82
7849 4674
2792 1456
8558 5965
9000 4164
1839 6912
7117 3107
2288 2244
2660 2064
2525 856
1544 5518
8674 6833
5336 6585
1609 4399
315 8773
7298 3166
3134 8632
331 3316
1480 4286
4381 6885
3356 8489
325 8640
5260 4889
7686 7535
700 9022
1392 4902
663 3063
3059 752
102 2490
9061 4732
7534 9175
1529 8966
7099 1356
5005 8080
2223 2623
5552 8998
682 2297
7411 4600
6424 3482
472 1716
462 2663
8428 2854
3969 2645
8647 8806
9321 5533
4300 6615
4391 2605
3327 7899
4289 9700
9023 4332
9234 3253
6247 268
6408 9319
9529 5239
1195 4268
82 4092
4674 6206
1456 2885
5965 4589
4164 7544
6912 6417
3107 1420
2244 2365
2064 122
856 2532
5518 1538
6833 7254
6585 3571
4399 2730
8773 7447
3166 7793
8632 4480
3316 8576
4286 19
6885 7342
8489 3847
8640 3034
4889 4326
7535 2003
9022 6511
4902 9615
3063 9121
752 1978
2490 537
4732 8727
9175 8474
8966 4994
1356 3859
8080 9045
2623 9673
8998 5902
2297 4407
4600 8311
3482 3917
1716 2437
2663 6731
2854 5843
2645 4873
8806 6119
5533 7805
6615 3314
2605 4071
7899 7845
9700 2219
4332 5363
3253 2081
268 2846
9319 3852
5239 447
4268 5278
4092 185
6206 3048
2885 9637
4589 8743
7544 4609
6417 2855
1420 4083
2365 6776
122 2108
2532 2936
1538 1633
7254 3369
3571 4157
2730 5799
7447 2078
7793 147
4480 8584
8576 1000
19 1823
7342 9118
3847 5024
3034 8945
4326 8826
2003 9238
6511 8295
9615 1542
9121 5010
1978 4710
537 3807
8727 9476
8474 3670
4994 4773
3859 7919
9045 3574
9673 8630
5902 4336
4407 4351
8311 8631
3917 7396
2437 3612
6731 419
5843 4909
4873 1243
6119 2294
7805 1378
3314 1466
4071 2927
7845 4209
2219 1357
5363 1082
2081 5790
2846 2694
3852 7188
447 233
5278 5104
185 5955
3048 9180
9637 4387
8743 9437
4609 8793
2855 417
4083 5710
6776 8699
2108 6897
2936 1069
1633 6889
3369 7644
4157 8308
5799 8066
2078 4433
147 6147
8584 1199
1000 1961
1823 5627
9118 7031
5024 9650
8945 9654
8826 4482
9238 3457
8295 8212
1542 5904
5010 1706
4710 1267
3807 265
9476 9435
3670 2516
4773 9236
7919 2514
3574 7752
8630 9709
4336 2575
4351 9161
8631 1667
7396 1870
3612 5839
419 4159
4909 1232
1243 1597
2294 3142
1378 5447
1466 3307
2927 5427
4209 5812
1357 3310
1082 2682
5790 6905
2694 9701
7188 3793
233 3684
5104 6336
5955 4848
9180 8712
4387 1701
9437 9031
8793 9533
417 4971
5710 3068
8699 4691
6897 6593
1069 3606
6889 6326
7644 7122
8308 4798
8066 9485
4433 7650
6147 8581
1199 8019
1961 2905
5627 3096
7031 7366
9650 9160
9654 4624
4482 4014
3457 3491
8212 4934
5904 7296
1706 2795
1267 7557
265 2169
9435 9655
2516 1982
9236 4668
2514 3451
7752 7841
9709 3563
2575 7970
9161 217
1667 7212
1870 277
5839 9320
4159 9669
1232 6863
1597 4800
3142 4097
5447 4094
3307 3586
5427 2838
5812 4421
3310 3552
2682 6562
6905 7592
9701 6882
3793 1960
3684 4306
6336 6815
4848 536
8712 6947
1701 8637
9031 7420
9533 483
4971 4434
3068 5107
4691 610
6593 3005
3606 7802
6326 5164
7122 4871
4798 6811
9485 1247
7650 1856
8581 866
8019 9672
2905 4305
3096 742
7366 2701
9160 6591
4624 2129
4014 7894
3491 1464
4934 8936
7296 3613
2795 5933
7557 4806
2169 5327
9655 6642
1982 57
4668 2639
3451 9192
7841 3678
3563 9280
7970 5942
217 473
7212 6886
277 7267
9320 4571
9669 2695
6863 6734
4800 3536
4097 8024
4094 3497
3586 5989
2838 6499
4421 3716
3552 5406
6562 6089
7592 6843
6882 1548
1960 9243
4306 4702
6815 3115
536 581
6947 5097
8637 4023
7420 5422
483 5177
4434 3381
5107 9386
610 457
3005 9481
7802 2505
5164 607
4871 8985
6811 5409
1247 9155
1856 3047
866 6797
9672 3464
4305 3188
742 7948
2701 8008
6591 8649
2129 9684
7894 2656
1464 1005
8936 5435
3613 1221
5933 2654
4806 2267
5327 9033
6642 1932
57 7050
2639 4612
9192 2533
3678 2264
9280 6117
5942 7656
473 6841
6886 4707
7267 4444
4571 3301
2695 2076
6734 7676
3536 3723
8024 6278
3497 9478
5989 2522
6499 9025
3716 8000
5406 1677
6089 5229
6843 5603
1548 1757
9243 7835
4702 4944
3115 3028
581 7264
5097 3403
4023 6795
5422 365
5177 2134
3381 7580
9386 5251
457 2798
9481 4244
2505 8339
607 6282
8985 2678
5409 7231
9155 4398
3047 3499
6797 2989
3464 6821
3188 4211
7948 6350
8008 7679
8649 9498
9684 2549
2656 7019
1005 5231
5435 2359
1221 6452
2654 6092
2267 2790
9033 2990
1932 9634
7050 6837
4612 5168
2533 1957
2264 1663
6117 8587
7656 8174
6841 4022
4707 795
4444 280
3301 8061
2076 2060
7676 8841
3723 3539
6278 5202
9478 9534
2522 4302
9025 5233
8000 9348
1677 8537
5229 769
5603 9475
1757 3061
7835 2284
4944 7116
3028 5987
7264 3051
3403 2545
6795 3376
365 2299
2134 601
7580 619
5251 1904
2798 8551
4244 9675
8339 9612
6282 2478
2678 7527
7231 2190
4398 6272
3499 1223
2989 6470
6821 3476
4211 7080
6350 7074
7679 4711
9498 771
2549 2229
7019 8889
5231 5305
2359 3446
6452 8618
6092 2089
2790 7512
2990 1797
9634 5166
6837 1796
5168 58
1957 1451
1663 8104
8587 4804
8174 4526
4022 7812
795 5129
280 4258
8061 7564
2060 2899
8841 8881
3539 4636
5202 4190
9534 7380
4302 8102
5233 2810
9348 7357
8537 6618
769 3709
9475 8736
3061 7589
2284 7549
7116 9436
5987 7292
3051 4625
2545 3504
3376 3525
2299 5756
601 9421
619 9165
1904 207
8551 3813
9675 470
9612 2226
2478 1103
7527 4312
2190 4100
6272 7570
1223 5723
6470 7582
3476 7065
7080 2479
7074 7248
4711 4186
771 8648
2229 7911
8889 3824
5305 2046
3446 6966
8618 5149
2089 9244
7512 6176
1797 5917
5166 695
1796 5598
58 566
1451 2483
8104 5834
4804 3062
4526 9553
7812 312
5129 8568
4258 2916
7564 3442
2899 2186
8881 3454
4636 842
4190 4415
7380 3855
8102 7539
2810 822
7357 3243
6618 8016
3709 2489
8736 9446
7589 6962
7549 5287
9436 3502
7292 8561
4625 3637
3504 2435
3525 5019
5756 7276
9421 8887
9165 5381
207 5211
3813 6301
470 7486
2226 6643
1103 8218
4312 528
4100 5147
7570 9638
5723 6456
7582 2080
7065 559
2479 1168
7248 1964
4186 8757
8648 4330
7911 5265
3824 7400
2046 8909
6966 9127
5149 3393
9244 3927
6176 3290
5917 1417
695 2765
5598 2375
566 1461
2483 5066
5834 1605
3062 4228
9553 1565
312 7497
8568 3940
2916 7666
3442 9060
2186 5396
3454 9433
842 5607
4415 1891
3855 1644
7539 6169
822 2625
3243 6399
8016 9365
2489 3898
9446 1751
6962 8528
5287 6397
3502 5283
8561 5593
3637 5588
2435 1463
5019 1626
7276 7356
8887 3211
5381 1054
5211 352
6301 8676
7486 273
6643 8536
8218 8864
528 514
5147 6537
9638 4770
6456 9462
2080 9523
559 3441
1168 1587
1964 2173
8757 4507
4330 7086
5265 6151
7400 9064
8909 9050
9127 4406
3393 6956
3927 4979
3290 3579
1417 8571
2765 6189
2375 6083
1461 3039
5066 5216
1605 7923
4228 8807
1565 7299
7497 4439
3940 6033
7666 889
9060 1639
5396 776
9433 7144
5607 9439
1891 1638
1644 7913
6169 8399
2625 1743
6399 2095
9365 6755
3898 7677
1751 7953
8528 5808
6397 5508
5283 3516
5593 5170
5588 4376
1463 672
1626 2847
7356 3618
3211 3711
1054 2807
352 5620
8676 6820
273 5495
8536 2821
8864 6387
514 6491
6537 9508
4770 4878
9462 6059
9523 595
3441 1312
1587 5659
2173 7594
4507 9562
7086 3769
6151 1952
9064 7173
9050 3783
4406 8447
6956 8437
4979 588
3579 3148
8571 671
6189 4978
6083 1843
3039 6157
5216 6042
7923 7786
8807 4545
7299 6035
4439 3436
6033 3576
889 8817
1639 9117
776 5101
7144 3413
9439 1315
1638 3721
7913 4431
8399 8051
1743 1350
2095 1145
6755 2988
7677 2920
7953 8239
5808 1001
5508 3156
3516 2091
5170 5189
4376 9471
672 465
2847 5621
3618 4525
3711 8156
2807 8784
5620 3056
6820 9418
5495 3582
2821 5960
6387 7614
6491 180
9508 6261
4878 5366
6059 9434
595 1282
1312 2273
5659 6001
7594 1766
9562 2515
3769 3763
1952 6946
7173 324
3783 7195
8447 622
8437 9086
588 1098
3148 4892
671 8878
4978 8287
1843 4427
6157 8244
6042 1655
7786 1985
4545 885
6035 1158
3436 7492
3576 4693
8817 232
9117 1018
5101 7046
3413 863
1315 2492
3721 3428
4431 8109
8051 983
1350 5368
1145 9071
2988 3133
2920 4139
8239 108
1001 6681
3156 7215
2091 888
5189 3191
9471 4005
465 6434
5621 4319
4525 9340
8156 7808
8784 369
3056 5837
9418 4366
3582 9620
5960 4825
7614 6530
180 6181
6261 1878
5366 4512
9434 7579
1282 2676
2273 5291
6001 5133
1766 1219
2515 2852
3763 2609
6946 5542
324 37
7195 8354
622 3541
9086 1126
1098 6832
4892 5850
8878 4959
8287 6064
4427 264
8244 3246
1655 1369
1985 666
885 8639
1158 351
7492 6056
4693 5217
232 7390
1018 1393
7046 3262
863 1616
2492 4810
3428 1206
8109 8739
983 276
5368 9265
9071 6464
3133 9314
4139 1096
108 1364
6681 8392
7215 3343
888 9699
3191 210
4005 1888
6434 8467
4319 5391
9340 1040
7808 1828
369 2613
5837 1860
4366 1884
9620 3067
4825 26
6530 471
6181 5026
1878 9019
4512 5496
7579 4689
2676 362
5291 1877
5133 4260
1219 5446
2852 4801
2609 8812
5542 3342
37 7246
8354 6201
3541 8372
1126 6017
6832 2576
5850 8680
4959 9315
6064 725
264 7427
3246 1455
1369 5398
666 1940
8639 8006
351 4637
6056 3647
5217 7351
7390 1760
1393 2476
3262 8018
1616 4135
4810 8202
1206 5090
8739 1666
276 740
9265 6367
6464 841
9314 6531
1096 9528
1364 5925
8392 6283
3343 5169
9699 3554
210 3634
1888 2151
8467 1427
5391 4645
1040 5094
1828 555
2613 1368
1860 85
1884 3385
3067 6982
26 7965
471 9641
5026 7611
9019 5697
5496 606
4689 297
362 503
1877 5030
4260 6316
5446 4214
4801 1858
8812 9564
3342 2491
7246 7829
6201 5347
8372 1266
6017 7739
2576 8046
8680 9680
9315 2410
725 2626
7427 2185
1455 5438
5398 4472
1940 7449
8006 3960
4637 8255
3647 6696
7351 8450
1760 3204
2476 689
8018 4911
4135 4401
8202 6963
5090 7347
1666 861
740 8592
6367 4201
841 4085
6531 8117
9528 1484
5925 6321
6283 758
5169 8334
3554 722
3634 6039
2151 2067
1427 7383
4645 6685
5094 7355
555 8408
1368 6559
85 8434
3385 288
6982 7483
7965 5828
9641 7596
7611 4001
5697 2192
606 7538
297 7699
503 3344
5030 3239
6316 3155
4214 5910
1858 6873
9564 9224
2491 4221
7829 762
5347 8941
1266 1555
7739 3195
8046 6626
9680 2074
2410 1637
2626 1273
2185 3154
5438 2791
4472 5937
7449 9037
3960 1852
8255 614
6696 9542
8450 5903
3204 3774
689 4875
4911 7271
4401 5800
6963 8698
7347 8745
861 2403
8592 1251
4201 515
4085 552
8117 4952
1484 5126
6321 1936
758 5852
8334 5929
722 8380
6039 6320
2067 2106
7383 5424
6685 7360
7355 9501
8408 4931
6559 3573
8434 9030
288 3176
7483 7394
5828 1511
7596 168
4001 1323
2192 4794
7538 696
7699 4905
3344 4259
3239 7389
3155 637
5910 905
6873 4213
9224 5072
4221 7820
762 1681
8941 107
1555 3802
3195 6605
6626 6766
2074 7782
1637 7949
1273 3979
3154 4151
2791 1335
5937 732
9037 3106
1852 3370
614 144
9542 8782
5903 7567
3774 2290
4875 4047
7271 4267
5800 1564
8698 6182
8745 3909
2403 1397
1251 3815
515 1457
552 6579
4952 6819
5126 4672
1936 7371
5852 4520
5929 4374
8380 6535
6320 200
2106 2486
5424 42
7360 5268
9501 2944
4931 7597
3573 3945
9030 6313
3176 4929
7394 5400
1511 7626
168 6656
1323 9558
4794 6641
696 1745
4905 1728
4259 131
7389 5395
637 2328
905 8742
4213 2808
5072 2960
7820 8628
1681 5389
107 421
3802 3946
6605 7741
6766 5763
7782 4465
7949 6242
3979 2752
4151 7819
1335 2149
732 3313
3106 2309
3370 7657
144 7098
8782 2822
7567 3967
2290 2617
4047 4651
4267 2901
1564 2128
6182 3503
3909 1669
1397 4774
3815 2388
1457 482
6579 7025
6819 4897
4672 8095
7371 7930
4520 6439
4374 8323
6535 6529
200 151
2486 4641
42 261
5268 9285
2944 5264
7597 6211
3945 1922
6313 1031
4929 6976
5400 2271
7626 583
6656 7128
9558 6857
6641 3953
1745 104
1728 441
131 4939
5395 2840
2328 8031
8742 2957
2808 743
2960 9018
8628 1469
5389 4815
421 1846
3946 8759
7741 6268
5763 7056
4465 1505
6242 4133
2752 1261
7819 6557
2149 425
3313 4757
2309 6651
7657 5846
7098 8859
2822 2500
3967 7353
2617 2406
4651 7530
2901 6521
2128 956
3503 3588
1669 5660
4774 5623
2388 8329
482 5154
7025 5784
4897 827
8095 8247
7930 3938
6439 255
8323 3530
6529 3988
151 6028
4641 1076
261 3102
9285 1153
5264 7769
6211 5401
1922 5222
1031 4559
6976 4676
2271 8179
583 7543
7128 575
6857 5212
3953 7338
104 7887
441 8168
4939 3015
2840 3185
8031 9586
2957 1541
743 720
9018 9195
1469 918
4815 2341
1846 4263
8759 5331
6268 6859
7056 4161
1505 7265
4133 6307
1261 3622
6557 1217
425 9535
4757 4813
6651 1287
5846 1467
8859 4751
2500 2111
7353 8604
2406 1297
7530 1632
6521 539
956 9682
3588 661
5660 4076
5623 9047
8329 4742
5154 7170
5784 576
827 3480
8247 378
3938 2005
255 594
3530 8252
3988 9344
6028 1925
1076 6910
3102 2432
1153 5399
7769 4184
5401 6737
5222 1948
4559 8997
4676 1793
8179 3042
7543 565
575 7868
5212 9543
7338 7936
7887 4538
8168 7550
3015 967
3185 6666
9586 3890
1541 6431
720 2418
9195 3080
918 8624
2341 1927
4263 6215
5331 2286
6859 1504
4161 6538
7265 17
6307 8653
3622 8185
1217 651
9535 6097
4813 7009
1287 3851
1467 2377
4751 3055
2111 3628
8604 6773
1297 4340
1632 1892
539 3803
9682 5811
661 7886
4076 7365
9047 1111
4742 6816
7170 4276
576 6409
3480 925
378 2777
2005 4004
594 4746
8252 6571
9344 2261
1925 892
6910 3463
2432 8868
5399 1053
4184 4390
6737 9270
1948 397
8997 6306
1793 5352
3042 1653
565 5109
7868 1640
9543 6103
7936 7757
4538 2187
7550 1065
967 271
6666 8920
3890 1424
6431 6300
2418 7620
3080 3577
8624 3883
1927 4988
6215 5008
2286 563
1504 946
6538 9354
17 5655
8653 6448
8185 9397
651 8707
6097 2938
7009 818
3851 248
2377 4144
3055 214
3628 9465
6773 5525
4340 6659
1892 5980
3803 5051
5811 7230
7886 4895
7365 3140
1111 4464
6816 5504
4276 2358
6409 6183
925 1371
2777 7053
4004 4066
4746 2493
6571 2209
2261 5020
892 6372
3463 1068
8868 636
1053 6519
4390 3920
9270 5325
397 1767
6306 5718
5352 3947
1653 9075
5109 9254
1640 9122
6103 3367
7757 1172
2187 1032
1065 6724
271 3581
8920 9306
1424 8617
6300 6887
7620 6209
3577 7055
3883 4577
4988 826
5008 5282
563 9263
946 7321
9354 1016
5655 8644
6448 7569
9397 4418
8707 29
2938 6555
818 8499
248 1254
4144 1047
214 7084
9465 8203
5525 6687
6659 6952
5980 5764
5051 2280
7230 4887
4895 1830
3140 1510
4464 2597
5504 9414
2358 8801
6183 157
1371 7705
7053 9590
4066 6348
2493 1641
2209 4527
5020 98
6372 8855
1068 5876
636 6374
6519 1185
3920 5543
5325 753
1767 3014
5718 2928
3947 1592
9075 9136
9254 2235
9122 6655
3367 320
1172 8723
1032 171
6724 159
3581 2387
9306 5791
8617 1502
6887 9329
6209 401
7055 4626
4577 1395
826 8656
5282 6603
9263 6406
7321 3501
1016 294
8644 383
7569 8128
4418 6031
29 8312
6555 1707
8499 2641
1254 2429
1047 1603
7084 8378
8203 7179
6687 7399
6952 6227
5764 567
2280 8919
4887 4348
1830 5489
1510 4325
2597 392
9414 838
8801 6727
157 7414
7705 260
9590 95
6348 3551
1641 3734
4527 4901
98 4816
8855 1038
5876 7593
6374 9191
1185 964
5543 7823
753 5938
3014 8321
2928 8877
1592 3494
9136 9618
2235 2285
6655 1654
320 7203
8723 3177
171 922
159 8193
2387 2470
5791 6831
1502 824
9329 6583
401 8406
4626 1901
1395 2124
8656 1679
6603 80
6406 8662
3501 797
294 9251
383 1355
8128 1857
6031 7860
8312 4759
1707 3281
2641 2336
2429 7787
1603 6467
8378 1318
7179 4275
7399 2713
6227 828
567 4432
8919 9339
4348 990
5489 2146
4325 6665
392 2716
838 9690
6727 2498
7414 8141
260 3833
95 7418
3551 2147
3734 5376
4901 8050
4816 2581
1038 2029
7593 9457
9191 7891
964 7794
7823 8367
5938 7057
8321 1351
8877 4807
3494 6599
9618 5957
2285 2702
1654 5304
7203 8363
3177 8520
922 113
8193 5874
2470 8970
6831 7902
824 7370
6583 7921
8406 1903
1901 7781
2124 1900
1679 942
80 5927
8662 2240
797 6093
9251 5047
1355 22
1857 2333
7860 2251
4759 1619
3281 1582
2336 5339
7787 4307
6467 4727
1318 803
4275 5196
2713 2414
828 2189
4432 697
9339 8364
990 189
2146 2636
6665 8747
2716 7311
9690 1981
2498 3591
8141 3787
3833 8922
7418 2720
2147 418
5376 5136
8050 9642
2581 2873
2029 2607
9457 1559
7891 8269
7794 9452
8367 6382
7057 6533
1351 6933
4807 7839
6599 8425
5957 1131
2702 5300
5304 7991
8363 5276
8520 8062
113 6088
5874 1362
8970 5559
7902 3804
7370 3936
7921 6218
1903 2697
7781 755
1900 4478
942 6331
5927 1618
2240 4358
6093 2210
5047 6423
22 9530
2333 6217
2251 2755
1619 3418
1582 3412
5339 4171
4307 1537
4727 1959
803 1866
5196 1791
2414 6813
2189 136
697 2004
8364 2596
189 4127
2636 2212
8747 8127
7311 5824
1981 1570
3591 1190
3787 4792
8922 8490
2720 1561
418 7401
5136 1304
9642 8943
2873 3232
2607 4090
1559 8120
8269 1969
9452 390
6382 8583
6533 7138
6933 5293
7839 8802
8425 2544
1131 5584
5300 4894
7991 9289
5276 1008
8062 9199
6088 8950
1362 5807
5559 7346
3804 872
3936 2465
6218 8820
2697 4505
755 9282
4478 2349
6331 1909
1618 341
4358 6486
2210 7168
6423 5841
9530 9585
6217 6477
2755 1171
3418 4436
3412 6344
4171 4042
1537 4359
1959 1562
1866 5240
1791 3902
6813 8143
136 4844
2004 8708
2596 7850
4127 4987
2212 2879
8127 4400
5824 6043
1570 6728
1190 8335
4792 6667
8490 2964
1561 511
7401 4061
1304 4243
8943 6493
3232 5195
4090 8591
8120 6772
1969 8451
390 5675
8583 706
7138 6231
5293 477
8802 531
2544 6578
5584 2239
4894 3101
9289 3276
1008 5517
9199 4445
8950 645
5807 3472
7346 6684
872 404
2465 7100
8820 1327
4505 7893
9282 4016
2349 6289
1909 70
341 1753
6486 4266
7168 4803
5841 2018
9585 4088
6477 1341
1171 3891
4436 6079
6344 2136
4042 3528
4359 6497
1562 7012
5240 8358
3902 411
8143 9410
4844 4662
8708 975
7850 7247
4987 4110
2879 2983
4400 2469
6043 7939
6728 1604
8335 5511
6667 5863
2964 4441
511 969
4061 5949
4243 5787
6493 3559
5195 7162
8591 3703
6772 554
8451 1277
5675 2086
706 5181
6231 7205
477 6041
531 1403
6578 7123
2239 9107
3101 812
3276 2669
5517 7978
4445 8978
645 5475
3472 544
6684 4990
404 8766
7100 7852
1327 3021
7893 7220
4016 2530
6289 1271
70 1590
1753 5509
4266 2771
4803 9111
2018 8848
4088 6044
1341 868
3891 8808
6079 3725
2136 8706
3528 18
6497 4007
7012 1775
8358 7034
411 7571
9410 6224
4662 998
975 4827
7247 683
4110 3593
2983 7313
2469 2769
7939 426
1604 3006
5511 8076
5863 8930
4441 1365
969 927
5949 6482
5787 6525
3559 7386
7162 8497
3703 7329
554 9102
1277 500
2086 9311
5181 2205
7205 9349
6041 1468
1403 8947
7123 6717
9107 4385
812 495
2669 4965
7978 7634
8978 4320
5475 7467
544 3565
4990 1906
8766 7828
7852 455
3021 561
7220 5884
2530 3764
1271 7864
1590 3989
5509 3630
2771 2188
9111 1347
8848 9169
6044 1621
868 982
8808 4787
3725 3743
8706 2556
18 9137
4007 1009
1775 1803
7034 5534
7571 3397
6224 7865
998 4323
4827 1694
683 4586
3593 4303
7313 3309
2769 8405
426 8041
3006 4514
8076 2789
8930 9438
1365 3027
927 2976
6482 4566
6525 6856
7386 6950
8497 6835
7329 6644
9102 3915
500 1699
9311 2094
2205 6438
9349 5281
1468 2421
8947 6536
6717 1583
4385 2430
495 9367
4965 7581
7634 9188
4320 1576
7467 6968
3565 2819
1906 668
7828 2331
455 1387
561 9392
5884 8672
3764 1691
7864 7191
3989 5969
3630 680
2188 5944
1347 3918
9169 3843
1621 4193
982 3828
4787 3053
3743 8586
2556 6263
9137 349
1009 8853
1803 5988
5534 1202
3397 557
7865 8460
4323 7687
1694 2794
4586 811
4303 6135
3309 4695
8405 7831
8041 9440
4514 813
2789 4802
9438 7333
3027 3357
2976 8446
4566 2347
6856 1496
6950 6852
6835 4176
6644 7406
3915 7872
1699 6806
2094 5633
6438 534
5281 2653
2421 2102
6536 5081
1583 893
2430 2805
9367 3085
7581 6707
9188 6411
1576 6633
6968 5816
2819 7495
668 4845
2331 3255
1387 7938
9392 646
8672 3044
1691 2321
7191 4528
5969 9101
680 7487
5944 938
3918 7646
3843 7981
4193 7985
3828 8449
3053 2158
8586 5770
6263 5885
349 9290
8853 6421
5988 7866
1202 7587
557 3351
8460 5430
7687 1700
2794 3364
811 6162
6135 7359
4695 8629
7831 9442
9440 7629
813 6828
4802 8316
7333 1977
3357 6860
8446 8304
2347 6826
1496 8454
6852 400
4176 5714
7406 9364
7872 5037
6806 1612
5633 327
534 311
2653 8124
2102 6647
5081 3060
893 323
2805 6781
3085 4123
6707 6292
6411 5662
6633 6433
5816 8917
7495 6774
4845 1241
3255 9363
7938 3664
646 4240
3044 8181
2321 9706
4528 9560
9101 4650
7487 7867
938 8731
7646 7458
7981 7185
7985 2872
8449 1159
2158 7252
5770 3168
5885 603
9290 3113
6421 7788
7866 4187
7587 4854
3351 8027
5430 8028
1700 7369
3364 3033
6162 7183
7359 7200
8629 6930
9442 4708
7629 9211
6828 5267
8316 2278
1977 4946
6860 6155
8304 4570
6826 5254
8454 9172
400 1514
5714 4235
9364 4414
5037 4082
1612 7078
327 6074
311 9581
8124 1808
6647 6081
3060 846
323 4206
6781 7744
4123 3998
6292 1864
5662 4460
6433 9152
8917 6009
6774 5688
1241 5074
9363 8376
3664 8131
4240 8033
8181 8781
9706 7273
9560 3928
4650 4019
7867 9678
8731 3242
7458 5333
7185 7409
2872 9426
1159 9055
7252 9007
3168 1092
603 6461
3113 2398
7788 8129
4187 1851
4854 7148
8027 6168
8028 8163
7369 6716
3033 4413
7183 2254
7200 8724
6930 6999
4708 1620
9211 7897
5267 3163
2278 2148
4946 579
6155 6991
4570 9029
5254 3991
9172 374
1514 485
4235 100
4414 6057
4082 7029
7078 5345
6074 2547
9581 4960
1808 8468
6081 4114
846 6931
4206 9705
7744 3268
3998 5661
1864 2950
4460 2930
9152 543
6009 9250
5688 6572
5074 4355
8376 123
8131 1506
8033 6027
8781 7943
7273 911
3928 7294
4019 1606
9678 821
3242 5594
5333 2558
7409 4555
9426 4132
9055 4075
9007 1997
1092 7391
6461 9358
2398 134
8129 5312
1851 1443
7148 2069
6168 9604
8163 6619
6716 1293
4413 5343
2254 995
8724 3120
6999 2580
1620 8409
7897 3800
3163 5032
2148 1284
579 7209
6991 6109
9029 6698
3991 3614
374 2182
485 7106
100 2037
6057 1262
7029 193
5345 2228
2547 6390
4960 9459
8468 3608
4114 1721
6931 8338
9705 6275
3268 8500
5661 2049
2950 3016
2930 8621
543 2633
9250 2008
6572 590
4355 8077
123 5706
1506 3646
6027 710
7943 4158
911 7040
7294 9576
1606 3840
821 529
5594 1179
2558 5159
4555 4608
4132 1081
4075 1495
1997 7059
7391 2345
9358 3857
134 4490
5312 5722
1443 3924
2069 7283
9604 6101
6619 8221
1293 1747
5343 2945
995 8599
3120 1325
2580 8466
8409 1581
3800 2898
5032 1939
1284 4388
7209 5092
6109 8805
6698 6058
3614 2126
2182 2521
7106 8037
2037 7813
1262 7958
193 254
2228 101
6390 9276
9459 6226
3608 1585
1721 8177
8338 6708
6275 3982
8500 6861
2049 1226
3016 2520
8621 4705
2633 9091
2008 7987
590 2357
8077 5932
5706 5341
3646 1615
710 289
4158 6254
7040 4416
9576 2337
3840 6573
529 4831
1179 2202
5159 9507
4608 6888
1081 2176
1495 7441
7059 21
2345 3568
3857 5484
4490 6430
5722 4619
3924 1859
7283 3737
6101 2227
8221 3252
1747 3955
2945 6198
8599 6451
1325 1163
8466 779
1581 1013
2898 5418
1939 6763
4388 8108
5092 3481
8805 6008
6058 9298
2126 1790
2521 6636
8037 6554
7813 4823
7958 6592
254 3355
101 2180
9276 7197
6226 3795
1585 9463
8177 4529
6708 8293
3982 8246
6861 2194
1226 6129
2520 9004
4705 2839
9091 63
7987 7433
2357 7152
5932 9227
5341 1474
1615 7683
289 5125
6254 4632
4416 4166
2337 6580
6573 142
4831 3888
2202 1225
9507 3657
6888 4761
2176 1652
7441 765
21 67
3568 7996
5484 7474
6430 4382
4619 9424
1859 2892
3737 3265
2227 3517
3252 8761
3955 9541
6198 3677
6451 2485
1163 4885
779 2117
1013 3750
5418 8925
6763 6015
8108 3423
3481 9176
6008 496
9298 4554
1790 2255
6636 4544
6554 1077
4823 2198
6592 3282
3355 4904
2180 5317
7197 7010
3795 9405
9463 6600
4529 9210
8293 6407
8246 3994
2194 2402
6129 6297
9004 3875
2839 7792
63 4103
7433 7516
7152 1209
9227 6735
1474 8439
7683 8540
5125 5786
4632 199
4166 5043
6580 3797
142 6222
3888 8794
1225 7004
3657 976
4761 7903
1652 6360
765 6134
67 8232
7996 2922
7474 9240
4382 3272
9424 9616
2892 2907
3265 5022
3517 9384
8761 3956
9541 7754
3677 4198
2485 5810
4885 5157
2117 8272
3750 1695
8925 357
6015 9295
3423 9575
9176 2781
496 4542
4554 5998
2255 6637
4544 5190
1077 9679
2198 1914
3282 8063
4904 550
5317 5221
7010 1746
9405 1708
6600 5000
9210 4101
6407 8401
3994 4173
2402 9077
6297 3317
3875 3607
7792 31
4103 7047
7516 8036
1209 4876
6735 895
8439 2784
8540 330
5786 4486
199 5637
5043 9381
3797 688
6222 3819
8794 7103
7004 430
976 2502
7903 7419
6360 3686
6134 3158
8232 8241
2922 3079
9240 1764
3272 5361
9616 4932
2907 9627
5022 8365
9384 4304
3956 943
7754 9318
4198 6876
5810 7968
5157 3216
8272 8989
1695 75
357 4236
9295 7637
9575 1129
2781 106
4542 5832
5998 2969
6637 1407
5190 8605
9679 4428
1914 7266
8063 1671
550 5958
5221 6509
1746 2582
1708 5209
5000 898
4101 7064
8401 3650
4173 9213
9077 7863
3317 7969
3607 5423
31 7772
7047 7934
8036 1481
4876 479
895 9220
2784 3598
330 2766
4486 8916
5637 256
9381 4601
688 4602
3819 951
7103 2523
430 304
2502 4656
7419 8960
3686 6705
3158 5272
8241 5652
3079 8099
1764 1418
5361 5700
4932 5803
9627 7871
8365 4165
4304 6928
943 6981
9318 7439
6876 6071
7968 3798
3216 6395
8989 4686
75 6520
4236 8419
7637 4704
1129 6850
106 3615
5832 8227
2969 8939
1407 5093
8605 367
4428 1532
7266 5095
1671 2386
5958 5116
6509 398
2582 2488
5209 5795
898 3623
7064 8091
3650 1545
9213 4346
7863 3895
7969 3443
5423 5977
7772 188
7934 4700
1481 705
479 4422
9220 6161
3598 7023
2766 5491
8916 6617
256 9409
4601 4721
4602 2762
951 5417
2523 1116
304 8508
4656 6701
8960 7134
6705 7097
5272 8616
5652 8359
8099 2717
1418 5974
5700 7477
5803 1023
7871 4389
4165 5555
6928 7071
6981 6150
7439 6839
6071 8248
3798 936
6395 3518
4686 9652
6520 2913
8419 9190
4704 74
6850 5218
3615 4778
8227 4443
8939 3749
5093 494
367 9167
1532 7585
5095 8394
2386 7471
5116 3199
398 6800
2488 1919
5795 670
3623 4916
8091 9430
1545 4784
4346 530
3895 7007
3443 8275
5977 1727
188 8160
4700 5711
705 3823
4422 1402
6161 133
7023 2404
5491 4476
6617 8093
9409 6337
4721 8701
2762 4530
5417 5995
1116 8228
8508 9002
6701 146
7134 4249
7097 3540
8616 4339
8359 4966
2717 154
5974 5118
7477 141
1023 5080
4389 5194
5555 3560
7071 7961
6150 4914
6839 9689
8248 8416
936 2604
3518 8772
9652 3699
2913 1883
9190 3469
74 290
5218 564
4778 8423
4443 4223
3749 5766
494 3789
9167 935
7585 3189
8394 901
7471 9394
3199 2860
6800 2718
1919 1460
670 3074
4916 1025
9430 8709
4784 3796
530 933
7007 2269
8275 5672
1727 5232
8160 3747
5711 7222
3823 5330
1402 2552
133 1571
2404 329
4476 8885
8093 8827
6337 5679
8701 2318
4530 6799
5995 8926
8228 787
9002 763
146 8991
4249 5709
3540 6906
4339 5690
4966 9097
154 9059
5118 3596
141 45
5080 3508
5194 1079
3560 5386
7961 1693
4914 8903
9689 220
8416 9633
2604 7777
8772 1709
3699 5740
1883 6295
3469 4369
290 9200
564 9370
8423 8600
4223 8301
5766 7625
3789 9104
935 3533
3189 6751
901 4156
9394 8291
2860 7223
2718 3352
1460 7690
3074 6649
1025 3054
8709 6840
3796 4396
933 3018
2269 3629
5672 1051
5232 6553
3747 1264
7222 4574
5330 4026
2552 478
1571 9573
329 7715
8885 5003
8827 4205
5679 3240
2318 3794
6799 9372
8926 6518
787 9693
763 7014
8991 4106
5709 78
6906 5815
5690 507
9097 5708
9059 2412
3596 4912
45 4426
3508 1007
1079 1228
5386 7811
1693 7712
8903 8150
220 8420
9633 5277
7777 7107
1709 9362
5740 1377
6295 5913
4369 9189
9200 5539
9370 118
8600 4043
8301 8832
7625 6756
9104 8502
3533 7933
6751 1344
4156 9100
8291 2982
7223 5060
3352 8115
7690 6723
6649 6339
3054 9545
6840 9385
4396 2700
3018 3374
3629 8980
1051 6262
6553 2995
1264 2996
4574 7854
4026 4352
478 7421
9573 896
7715 3431
5003 6212
4205 6972
3240 4033
3794 2726
9372 196
6518 4006
9693 1816
7014 263
4106 876
78 73
5815 5153
507 4343
5708 7945
2412 7725
4912 1868
4426 2380
1007 9134
1228 3236
7811 9369
7712 5608
8150 6506
8420 6690
5277 6936
7107 9526
9362 9599
1377 4748
5913 7910
9189 8835
5539 9131
118 1085
4043 7182
8832 6988
6756 3066
8502 8538
7933 1112
1344 3197
9100 3388
2982 1995
5060 6463
8115 7336
6723 8521
6339 9021
9545 669
9385 4829
2700 6312
3374 2539
8980 4475
6262 5748
2995 5271
2996 9579
7854 5611
4352 8319
7421 9171
896 5143
3431 2168
6212 1319
6972 5067
4033 4152
2726 4522
196 2531
4006 5877
1816 6445
263 9603
876 1235
73 2507
5153 5713
4343 5303
7945 8431
7725 5724
1868 5632
2380 2729
9134 348
3236 8
9369 665
5608 4111
6506 2032
6690 9377
6936 3514
9526 7326
9599 5112
4748 2836
7910 6276
8835 8915
9131 4393
1085 7727
7182 4329
6988 3992
3066 568
8538 9168
1112 7908
3197 1841
3388 9596
1995 2063
6463 4509
7336 4423
8521 1049
9021 5727
669 7827
4829 68
6312 420
2539 4397
4475 3667
5748 2477
5271 4962
9579 8240
5611 9094
8319 2961
9171 5479
5143 6926
2168 284
1319 4226
5067 5752
4152 4706
4522 9093
2531 2923
5877 4715
6445 1477
9603 3964
1235 3180
2507 4860
5713 6334
5303 1522
8431 7167
5724 8473
5632 9539
2729 172
348 1523
8 8929
665 3329
4111 2849
2032 8300
9377 5905
3514 9645
7326 7054
5112 4062
2836 3258
6276 7096
8915 4120
4393 3335
7727 5981
4329 342
3992 2144
568 366
9168 5098
7908 8719
1841 9269
9596 8811
2063 2859
4509 9273
4423 46
1049 1530
5727 6342
7827 361
68 3645
420 8847
4397 8462
3667 4316
2477 8303
4962 1509
8240 278
9094 6625
2961 2378
5479 931
6926 794
284 5813
4226 5934
5752 1240
4706 2401
9093 192
2923 6087
4715 489
1477 7274
3964 1584
3180 8527
4860 3371
6334 2632
1522 8145
7167 8444
8473 3659
9539 3299
172 2013
1523 7243
8929 8975
3329 3638
2849 5034
8300 2130
5905 2627
9645 5596
7054 5280
4062 5362
3258 6851
7096 6037
4120 3631
3335 4763
5981 3934
342 8967
2144 1758
366 9207
5098 5943
8719 8306
9269 9283
8811 5383
2859 9395
9273 1097
46 2011
1530 6791
6342 865
361 9404
3645 6582
8847 1547
8462 877
4316 5108
8303 7967
1509 1188
278 8243
6625 3861
2378 1845
931 5315
794 1622
5813 4616
5934 5148
1240 373
2401 2812
192 2007
6087 206
489 9148
7274 7005
1584 6454
8527 2778
3371 3939
2632 1265
8145 4659
8444 8862
3659 476
3299 6862
2013 4029
7243 1133
8975 4471
3638 3980
5034 8755
2130 8331
2627 9464
5596 9649
5280 4917
5362 843
6851 318
6037 8918
3631 4838
4763 6960
3934 1943
8967 6970
1758 7237
9207 5433
5943 7876
8306 4297
9283 773
5383 1512
9395 6479
1097 4736
2011 4657
6791 2324
865 5426
9404 5370
6582 3147
1547 999
877 2866
5108 4257
7967 3925
1188 3770
8243 458
3861 8964
1845 4604
5315 3893
1622 8595
4616 2886
5148 1245
373 6368
2812 4241
2007 9572
206 6935
9148 2132
7005 9659
6454 8436
2778 9345
3939 5514
1265 363
4659 8549
8862 3111
476 2978
6862 1871
4029 2120
1133 7999
4471 2000
3980 2679
8755 4212
8331 3002
9464 628
9649 1575
4917 4666
843 6158
318 7609
8918 1572
4838 1589
6960 3217
1943 1931
6970 1252
7237 1211
5433 2351
7876 4218
4297 1928
773 9095
1512 6513
6479 972
4736 4899
4657 2140
2324 5056
5426 8902
5370 9157
3147 7317
999 437
2866 7875
4257 2906
3925 9447
3770 9704
458 9140
8964 782
4604 2376
3893 979
8595 1593
2886 9492
1245 9044
6368 7158
4241 1314
9572 932
6935 2665
2132 1738
9659 2394
8436 5492
9345 2801
5514 3742
363 886
8549 1519
3111 1966
2978 4922
1871 5483
2120 3775
7999 924
2000 1768
2679 3492
4212 467
3002 1718
628 1419
1575 6921
4666 1788
6158 5686
7609 8741
1572 1043
1589 9578
3217 2948
1931 5432
1252 6703
1211 7621
2351 6951
4218 4215
1928 1734
9095 7262
6513 4670
972 837
4899 8407
2140 7560
5056 6177
8902 7610
9157 673
7317 3479
437 4437
7875 2025
2906 1979
9447 7746
9704 2758
9140 7284
782 9548
2376 1386
979 1169
1593 8059
9492 7952
9044 5313
7158 1084
1314 7297
932 3722
2665 1759
1738 5403
2394 2310
5492 9514
2801 9174
3742 1782
886 8907
1519 7992
1966 2211
4922 786
5483 8792
3775 1703
924 5314
1768 4562
3492 8065
467 3386
1718 6654
1419 1475
6921 1299
1788 1489
5686 9380
8741 6208
1043 2508
9578 5901
2948 6362
5432 3300
6703 5870
7621 971
6951 9185
4215 4718
1734 1780
7262 339
4670 4115
837 2041
8407 4496
7560 783
6177 3275
7610 937
673 7722
3479 4607
4437 716
2025 5859
1979 3848
7746 313
2758 9225
7284 945
9548 6938
1386 4560
1169 5241
8059 3978
7952 7509
5313 8002
1084 3190
7297 3656
3722 9216
1759 6098
5403 8268
2310 7343
9514 2747
9174 5089
1782 5540
8907 8778
7992 707
2211 258
786 7403
8792 3182
1703 4322
5314 176
4562 6588
8065 3125
3386 4225
6654 4256
1475 3777
1299 326
1489 647
9380 1391
6208 7140
2508 1135
5901 8744
6362 3676
3300 8094
5870 5656
971 1459
9185 3707
4718 3972
1780 4096
339 8870
4115 7817
2041 7963
4496 3373
783 6420
3275 5320
937 9518
7722 2635
4607 2350
716 3257
5859 4853
3848 7083
313 1340
9225 2428
945 1183
6938 7027
4560 7429
5241 7302
3978 6648
7509 1732
8002 2548
3190 135
3656 3186
9216 6121
6098 7090
8268 8488
7343 9181
2747 3210
5089 8004
5540 5999
8778 8883
707 2842
258 2116
7403 5372
3182 8332
4322 1213
176 5009
6588 5466
3125 690
4225 4108
4256 6288
3777 431
326 2949
647 8493
1391 2652
7140 5225
1135 2247
8744 8704
3676 5244
8094 7442
5656 7251
1459 6084
3707 1729
3972 7892
4096 1366
8870 1041
7817 2543
7963 3620
3373 2616
6420 3853
5320 5174
9518 1072
2635 5952
2350 7561
3257 6825
4853 3292
7083 8119
1340 1411
2428 3830
1183 6780
7027 161
7429 7979
7302 955
6648 2589
1732 2953
2548 9115
135 5976
3186 7990
6121 6528
7090 7465
8488 1421
9181 50
3210 1918
8004 4826
5999 2051
8883 6996
2842 804
2116 8828
5372 8297
8332 8487
1213 1473
5009 3513
5466 103
690 3788
4108 3234
6288 4783
431 8935
2949 8547
8493 4519
2652 1610
5225 7407
2247 6616
8704 9235
5244 4776
7442 7773
7251 1577
6084 4614
1729 4232
7892 5246
1366 4020
1041 4216
2543 929
3620 8238
2616 7658
3853 310
5174 6265
1072 9482
5952 4788
7561 8092
6825 3378
3292 3531
8119 3105
1411 4955
3830 906
6780 3733
161 4606
7979 1818
955 3877
2589 3323
2953 7199
9115 6498
5976 4230
7990 143
6528 7956
7465 6100
1421 8258
50 5975
1918 375
4826 8800
2051 3741
6996 8315
804 9554
8828 4793
8297 6305
8487 7804
1473 5922
3513 6785
103 1071
3788 1258
3234 2578
4783 5939
8935 2370
8547 4234
4519 1214
1610 7776
7407 3651
6616 8825
9235 4357
4776 5978
7773 8465
1577 3270
4614 4000
4232 5476
5246 6660
4020 3448
4216 2661
929 490
8238 7415
7658 2028
310 3682
6265 8254
9482 9206
4788 9279
8092 7618
3378 3291
3531 5084
3105 5897
4955 747
906 4280
3733 8937
4606 4452
1818 694
3877 2010
3323 574
7199 1239
6498 5728
4230 1629
143 8086
7956 5931
6100 4192
8258 3884
5975 9098
375 3398
8800 9570
3741 8578
8315 7734
9554 8669
4793 7562
6305 2800
7804 928
5922 8139
6785 5419
1071 6992
1258 6410
2578 739
5939 7244
2370 2441
4234 9623
1214 8858
7776 6165
3651 5729
8825 1872
4357 836
5978 703
8465 4487
3270 6036
4000 9039
5476 4009
6660 2016
3448 3666
2661 4045
490 5028
7415 285
2028 5568
3682 775
8254 2200
9206 9517
9279 4851
7618 5145
3291 2072
5084 6352
5897 5167
747 2038
4280 3471
8937 2322
4452 615
694 6256
2010 6240
574 3064
1239 882
5728 2088
1629 7213
8086 8575
5931 4170
4192 8609
3884 1493
9098 7109
3398 4640
9570 3377
8578 900
7734 2363
8669 9281
7562 5113
2800 3761
928 4697
8139 7671
5419 6969
6992 227
6410 1192
739 39
7244 5597
2441 3218
9623 2155
8858 9278
6165 60
5729 5140
1872 7708
836 7816
703 8106
4487 5794
6036 9628
9039 3489
4009 9674
2016 2677
3666 6128
4045 5469
5028 5387
285 2875
5568 5733
775 2542
2200 1
9517 6965
4851 6569
5145 8020
2072 4251
6352 9387
5167 7778
2038 2618
3471 3020
2322 766
615 452
6256 7884
6240 7374
3064 5204
882 7208
2088 4500
7213 9353
8575 7378
4170 8692
8609 8201
1493 729
7109 8867
4640 592
3377 541
900 1984
2363 88
9281 1130
5113 229
3761 9154
4697 4870
7671 1579
6969 8732
227 6699
1192 6111
39 8148
5597 8184
3218 3760
2155 1491
9278 2658
60 2537
5140 1923
7708 7131
7816 572
8106 3091
5794 6184
9628 4762
3489 3045
9674 5616
2677 8556
6128 597
5469 3869
5387 8075
2875 1674
5733 7988
2542 5809
1 3488
6965 9334
6569 9226
8020 2463
4251 1448
9387 4231
7778 1363
2618 2837
3020 7395
766 8032
452 7532
7884 2374
7374 3680
5204 4217
7208 2878
4500 6750
9353 7742
7378 9284
8692 3954
8201 3729
729 9600
8867 7075
592 6922
541 1410
1984 2917
88 2355
1130 6913
229 3138
9154 4262
4870 1611
1579 7362
8732 5532
6699 7462
6111 4590
8148 1501
8184 5628
3760 4818
1491 509
2658 8387
2537 8901
1923 9402
7131 38
572 9177
3091 9343
6184 1046
4762 6925
3045 2275
5616 5759
8556 4150
597 2283
3869 6846
8075 7684
1674 8017
7988 4958
5809 4857
3488 5176
9334 8040
9226 5928
2463 5887
1448 6576
4231 1055
1363 8650
2837 2709
7395 9357
8032 3951
7532 1949
2374 7405
3680 8217
4217 1664
2878 8263
6750 6607
7742 1348
9284 6271
3954 3312
3729 3278
9600 5595
7075 9361
6922 7521
1410 2217
2917 6983
2355 3470
6913 799
3138 3558
4262 9707
1611 1236
7362 1807
5532 2811
7462 2417
4590 7068
1501 4855
5628 9272
4818 4168
509 117
8387 5323
8901 5259
9402 968
38 3456
9177 287
9343 748
1046 6669
6925 321
2275 7577
5759 7293
4150 5829
2283 1560
6846 3912
7684 1726
8017 6613
4958 542
4857 5894
5176 438
8040 9159
5928 2184
5887 912
6576 1752
1055 1595
8650 132
2709 5365
9357 174
3951 3200
1949 1719
7405 3792
8217 8729
1664 8869
8263 1873
6607 6475
1348 5592
6271 1059
3312 8430
3278 2093
5595 8552
9361 6865
7521 9135
2217 2566
6983 5695
3470 4575
799 2329
3558 5541
9707 2458
1236 7648
1807 1381
2811 5499
2417 8395
7068 1021
4855 5788
9272 69
4168 6413
117 6225
5323 3748
5259 7707
968 5797
3456 4119
287 8230
748 4719
6669 1999
321 2738
7577 1623
7293 6986
5829 9567
1560 4991
3912 6758
1726 3075
6613 1220
542 3222
5894 1805
438 3640
9159 7194
2184 5377
912 2562
1752 8125
1595 9417
132 7602
5365 5459
174 4765
3200 4271
1719 3437
3792 1298
8729 1534
8869 7210
1873 1154
6475 1310
5592 6192
1059 8336
8430 1566
2093 7500
8552 7155
6865 5210
9135 9158
2566 9401
5695 8393
4575 1950
2329 219
5541 428
2458 1230
7648 8972
1381 4299
5499 5238
8395 6901
1021 7937
5788 2853
69 2974
6413 3850
6225 2444
3748 9491
7707 7615
5797 3681
4119 8186
8230 5163
4719 9144
1999 6299
2738 2439
1623 5881
6986 7628
9567 1646
4991 6061
6758 6107
3075 7320
1220 7517
3222 5460
1805 4233
3640 1311
7194 9205
5377 992
2562 9400
8125 726
9417 4350
7602 5856
5459 8164
4765 4239
4271 5527
3437 5299
1298 240
1534 7664
7210 987
1154 7269
1310 5572
6192 8934
8336 4129
1566 47
7500 4458
7155 6610
5210 292
9158 7232
9401 7445
8393 3273
1950 7529
219 8130
428 9010
1230 1869
8972 7745
4299 3599
5238 6062
6901 1660
7937 5355
2853 9510
2974 6023
3850 2977
2444 4964
9491 7974
7615 128
3681 7459
8186 5029
5163 2073
9144 4910
6299 4314
2439 6314
5881 4017
7628 2253
1646 6003
6061 3611
6107 8533
7320 89
7517 7225
5460 3041
4233 7502
1311 3625
9205 5570
992 6768
9400 4717
726 56
4350 1426
5856 6640
8164 7568
4239 8429
5527 8281
5299 7303
240 810
7664 8085
987 3534
7269 8999
5572 4858
8934 6689
4129 9531
47 4246
4458 7753
6610 5663
292 3203
7232 5507
7445 115
3273 4880
7529 2968
8130 243
9010 5849
1869 612
7745 1636
3599 6309
6062 2236
1660 5353
5355 8905
9510 8705
6023 86
2977 9350
4964 7151
7974 6787
128 4859
7459 1388
5029 2066
2073 6634
4910 4615
4314 5915
6314 5840
4017 6995
2253 3731
6003 443
3611 4238
8533 6680
89 8260
7225 7259
3041 5301
7502 4847
3625 1200
5570 1539
6768 5431
4717 6631
56 2092
1426 4086
6640 4692
7568 4903
8429 53
8281 6437
7303 3095
810 4315
8085 3435
3534 5712
8999 4222
4858 3696
6689 2270
9531 7673
4246 1881
7753 834
5663 3332
3203 5219
5507 7478
115 3128
4880 1799
2968 391
243 1715
5849 3223
612 8579
1636 2242
6309 512
2236 2026
5353 1763
8905 5865
8705 3522
86 1684
9350 7929
7151 186
6787 8417
4859 4126
1388 2241
2066 4669
6634 1434
4615 9448
5915 4288
5840 2512
6995 962
3731 4074
443 4265
4238 7157
6680 12
8260 4384
7259 2825
5301 2364
4847 2413
1200 5048
1539 6652
5431 2238
6631 5295
2092 823
4086 6029
4692 5144
4903 1289
53 7218
6437 1162
3095 1006
4315 6140
3435 6688
5712 2389
4222 249
3696 7146
2270 649
7673 5130
1881 8215
834 5441
3332 3065
5219 7702
7478 2946
3128 7410
1799 545
391 1201
1715 9043
3223 8522
8579 3250
2242 8413
512 343
2026 7095
1763 4377
5865 7998
3522 6985
1684 5646
7929 7885
186 8007
8417 8717
4126 3453
2241 4874
4669 1440
1434 6333
9448 3081
4288 4550
2512 4947
962 7645
4074 3430
4265 3965
7157 8052
12 2689
4384 337
2825 24
2364 562
2413 2424
5048 2935
6652 379
2238 35
5295 5186
823 6190
6029 7590
5144 8341
1289 7011
7218 9335
1162 8249
1006 613
6140 506
6688 4169
2389 4034
249 2630
7146 7153
649 8349
5130 9024
8215 1370
5441 6948
3065 9229
7702 556
2946 7367
7410 9084
545 8211
1201 4563
9043 1321
8522 6589
3250 1073
8413 8846
343 4923
7095 8318
4377 5082
7998 8509
6985 7515
5646 2984
7885 5471
8007 5319
8717 879
3453 4951
4874 4174
1440 7022
6333 8818
3081 8290
4550 4294
4947 7855
7645 6721
3430 6480
3965 8765
8052 1998
2689 3462
337 7541
24 7125
562 1635
2424 1682
2935 8804
379 8872
35 4684
5186 2511
6190 6522
7590 5243
8341 6523
7011 6560
9335 3194
8249 2367
613 8829
506 4485
4169 9006
4034 5289
2630 1060
7153 8298
8349 1332
9024 3046
1370 8459
6948 5308
9229 2590
556 7201
7367 5851
9084 7941
8211 685
4563 7932
1321 3515
6589 7330
1073 5576
8846 1337
4923 9231
8318 459
5082 3416
8509 7334
7515 3887
2984 3325
5471 4447
5319 1781
879 4237
4951 9371
4174 435
7022 1385
8818 5736
8290 3298
4294 9646
7855 6494
6721 6512
6480 3592
8765 7877
1998 2884
3462 9403
7541 160
7125 7844
1635 4279
1682 7108
8804 832
8872 3937
4684 4138
2511 9568
6522 6141
5243 7043
6523 4368
6560 9605
3194 2163
2367 9676
8829 251
4485 3405
9006 9126
5289 3862
1060 2979
8298 897
1332 1836
3046 8593
8459 7438
5308 213
2590 2591
7201 862
5851 5270
7941 1662
685 1349
7932 7408
3515 1384
7330 8615
5576 1905
1337 1863
9231 7838
459 8563
3416 9183
7334 7723
3887 3483
3325 4766
4447 43
1781 5135
4237 8809
9371 9046
435 6173
1385 2224
5736 5963
3298 1899
9646 2020
6494 9598
6512 9411
3592 7586
7877 6471
2884 1431
9403 3229
160 4694
7844 5124
4279 2986
7108 1281
832 3735
3937 7045
4138 4583
9568 9271
6141 371
7043 4333
4368 3879
9605 4063
2163 6047
9676 5640
251 3753
3405 8087
9126 8107
3862 2234
2979 9496
897 6907
1836 9204
8593 1507
7438 899
213 5296
2591 2637
862 164
5270 9277
1662 7915
1349 692
7408 6318
1384 274
8615 5961
1905 5342
1863 8411
7838 869
8563 96
9183 126
7723 580
3483 4564
4766 235
43 1439
5135 8842
8809 5449
9046 8789
6173 9067
2224 1885
5963 4030
1899 4425
2020 521
9598 5950
9411 2763
7586 3162
6471 5061
1431 5684
3229 7345
4694 1898
5124 3434
2986 6979
1281 8753
3735 2407
7045 910
4583 6379
9271 981
371 5778
4333 8900
3879 6164
4063 6700
6047 8763
5640 3420
3753 2650
8087 6540
8107 5562
2234 6148
9496 2497
6907 5639
9204 5822
1507 4856
899 5191
5296 27
2637 2233
164 6812
9277 7066
7915 8021
692 3931
6318 7295
274 7176
5961 5691
5342 4943
8411 2725
869 3078
96 4365
126 5215
580 6328
4564 6422
235 875
1439 8101
8842 3366
5449 634
8789 4147
9067 6144
1885 2599
4030 727
4425 6919
521 4837
5950 2708
2763 516
3162 6244
5061 6402
5684 306
7345 33
1898 6872
3434 6105
6979 764
8753 3305
2407 270
910 221
6379 7233
981 2496
5778 3801
8900 2651
6164 6570
6700 6777
8763 6014
3420 9505
2650 1588
6540 5860
5562 5306
6148 2
2497 5100
5639 2572
5822 5119
4856 3267
5191 440
27 140
2233 7451
6812 9259
7066 1657
8021 2688
3931 3007
7295 4521
7176 7178
5691 5329
4943 6414
2725 5442
3078 2153
4365 5404
5215 8432
6328 5754
6422 1074
875 1875
8101 3406
3366 4008
634 6457
4147 1503
6144 1255
2599 8060
727 5912
6919 4248
4837 1075
2708 6713
516 847
6244 5105
6402 2897
306 5285
33 523
6872 4915
6105 952
764 8614
3305 7798
270 8192
221 560
7233 9376
2496 5490
3801 9537
2651 2312
6570 5619
6777 7830
6014 8344
9505 3776
1588 5701
5860 5579
5306 887
2 3395
5100 4814
2572 5966
5119 9538
3267 5668
440 1210
140 6137
7451 1601
9259 409
1657 8398
2688 903
3007 3868
4521 9489
7178 295
5329 926
6414 2143
5442 733
2153 9580
5404 4296
8432 713
5754 3496
1074 3751
1875 7312
3406 508
4008 2644
6457 5704
1503 4974
1255 8396
8060 347
5912 3359
4248 2087
1075 5916
6713 961
847 7736
5105 8541
2897 3408
5285 5825
523 3390
4915 1400
952 8003
8614 731
7798 801
8192 7037
560 6187
9376 7698
5490 3285
9537 129
2312 1320
5619 5039
7830 5284
8344 8849
3776 5357
5701 4738
5579 4886
887 3426
3395 3919
4814 9685
5966 4124
9538 1974
5668 8274
1210 2207
6137 1704
1601 991
409 4523
8398 4745
903 1786
3868 2835
9489 6759
295 4552
926 6052
2143 1517
733 2246
9580 3544
4296 2909
713 5918
3496 7797
3751 6207
7312 3545
508 1812
2644 2177
5704 6827
4974 2746
8396 1343
347 7249
3359 6678
2087 553
5916 1033
961 3429
7736 252
8541 4790
3408 8787
5825 1187
3390 5776
1400 8072
8003 7766
731 9626
801 8191
7037 3348
6187 4976
7698 481
3285 8770
129 4220
1320 3038
5039 2952
5284 7289
8849 1953
5357 6199
4738 2540
4886 5855
3426 8373
3919 7042
9685 8850
4124 1673
1974 4591
8274 9636
2207 504
1704 7285
991 4107
4523 1036
4745 4623
1786 8815
2835 9488
6759 301
4552 3785
6052 4131
1517 8153
2246 8484
3544 2828
2909 1568
5918 4362
7797 9297
6207 3860
3545 4983
1812 1259
2177 4081
6827 8057
2746 8116
1343 5480
7249 6563
6678 3233
553 9116
1033 3584
3429 7482
252 5696
4790 6849
8787 8121
1187 8178
5776 551
8072 8589
7766 1447
9626 4956
8191 3886
3348 3132
4976 1804
481 8814
8770 6455
4220 3600
3038 7092
2952 8166
7289 5474
1953 2541
6199 7290
2540 6243
5855 5488
8373 4750
7042 7069
8850 3999
1673 4797
4591 8944
9636 387
504 456
7285 8180
4107 3984
1036 3330
4623 6257
8815 7382
9488 2099
301 2687
3785 6676
4131 8013
8153 2779
8484 3098
2828 8685
1568 2385
4362 4936
9297 8642
3860 3127
4983 5745
1259 6740
4081 8546
8057 3532
8116 2941
5480 2772
6563 8337
3233 8381
9116 8426
3584 6864
7482 3037
5696 3814
6849 427
8121 4537
8178 558
551 4501
8589 7324
1447 468
4956 7680
3886 6133
3132 6200
1804 9408
8814 9052
6455 9222
3600 6364
7092 3872
8166 8029
5474 8265
2541 2298
7290 3899
6243 6624
5488 1302
4750 5968
7069 5649
3999 4446
4797 4450
8944 6484
387 2797
456 1625
8180 4181
3984 1161
3330 6556
6257 2887
7382 8796
2099 1216
2687 7555
6676 4584
8013 2915
2779 1647
3098 2951
8685 4811
2385 3089
4936 8379
8642 4503
3127 4224
5745 5335
6740 8516
8546 2557
3532 7361
2941 6324
2772 9495
8337 8957
8381 3718
8426 8961
6864 6338
3037 3130
3814 8089
427 3379
4537 1921
558 3605
4501 548
7324 4611
468 4410
7680 3076
6133 6877
6200 3521
9408 8158
9052 1600
9222 6046
6364 2456
3872 6472
8029 4646
8265 6012
2298 7493
3899 1020
6624 3689
1302 4041
5968 4197
5649 1436
4446 6834
4450 9252
6484 1194
2797 2924
1625 3580
4181 30
1161 7619
6556 7453
2887 5561
8796 2509
1216 2714
7555 7601
4584 52
2915 7038
1647 8374
2951 9253
4811 6715
3089 7436
8379 598
4503 8750
4224 770
5335 6661
8516 7533
2557 7488
7361 5680
6324 6989
9495 4579
8957 5197
3718 1231
8961 2487
6338 5717
3130 3474
8089 3832
3379 8949
1921 1329
3605 8942
548 6246
4611 7927
4410 8023
3076 8384
6877 2420
3521 4054
8158 5290
1600 4411
6046 230
2456 3209
6472 653
4646 5993
6012 1494
7493 6171
1020 5906
3689 659
4041 2756
4197 745
1436 3263
6834 9373
9252 8343
1194 3010
2924 1488
3580 8442
30 114
7619 5224
7453 4843
5561 8845
2509 2482
2714 8927
7601 3995
52 7101
7038 6515
8374 6917
9253 9042
6715 7916
7436 1148
598 7775
8750 8064
770 4354
6661 5178
7533 5274
7488 5879
5680 1911
6989 5515
4579 8345
5197 3086
1231 4479
2487 1930
5717 4949
3474 7013
3832 5162
8949 5610
1329 3484
8942 3235
6246 9020
7927 162
8023 5674
8384 5670
2420 4364
4054 7073
5290 6086
4411 6345
230 9223
3209 8414
653 355
5993 8183
1494 2191
6171 8271
5906 6485
659 3779
2756 9657
745 8476
3263 9008
9373 864
8343 6357
3010 8175
1488 2462
8442 8657
114 6745
5224 5486
4843 7762
8845 5964
2482 5609
8927 8463
3995 1106
7101 2739
6515 2453
6917 423
9042 1167
7916 93
1148 8779
7775 8026
8064 8565
4354 5185
5178 8326
5274 2279
5879 9450
1911 3170
5515 7008
8345 6899
3086 1994
4479 5121
1930 5826
4949 2172
7013 5761
5162 1907
5610 5001
3484 2459
3235 4942
9020 2554
162 993
5674 8320
5670 9609
4364 3131
7073 9151
6086 6156
6345 7507
9223 1518
8414 1536
355 79
8183 5086
2191 4703
8271 3004
6485 5951
3779 3949
9657 1526
8476 4461
9008 4282
864 2058
6357 2353
8175 3247
2462 3662
8657 8574
6745 5500
5486 7755
7762 6549
5964 6984
5609 3818
8463 4548
1106 8142
2739 7833
2453 7377
423 8189
1167 6020
93 358
8779 4172
8026 6614
8565 9011
5185 8946
8326 3881
2279 3121
9450 2893
3170 6213
7008 7622
6899 7363
1994 9698
5121 4779
5826 3564
2172 6505
5761 7270
1907 1278
5001 5011
2459 4777
4942 6394
2554 7387
993 4970
8320 354
9609 8795
3131 7565
9151 6845
6156 6595
7507 6205
1518 4290
1536 2827
79 8472
5086 4677
4703 518
3004 1476
5951 8256
3949 1394
1526 5099
4461 977
4282 3410
2058 3903
2353 2673
3247 5180
3662 1140
8574 3567
5500 7350
7755 8205
6549 317
6984 6264
3818 281
4548 8351
8142 5473
7833 8983
7377 3295
8189 4839
6020 2340
358 8597
4172 3916
6614 2947
9011 5779
8946 4191
3881 1222
3121 8819
2893 2890
6213 4682
7622 8875
7363 9666
9698 2504
4779 2292
3564 985
6505 5571
7270 1832
1278 7472
5011 3308
4777 8984
6394 9257
7387 858
4970 2362
354 9124
8795 6011
7565 4121
6845 2786
6595 7832
6205 881
4290 7174
2827 5464
8472 2112
4677 8171
518 2047
1476 5187
8256 6997
1394 3730
5099 4037
977 7072
3410 2033
3903 626
2673 5720
5180 6944
1140 1769
3567 4996
7350 2077
8205 1698
317 6241
6264 9382
281 6459
8351 4828
5473 2671
8983 5847
3295 1242
4839 6347
2340 2757
8597 5735
3916 7141
2947 5429
5779 8667
4191 8146
1222 6730
8819 7187
2890 7307
4682 7608
8875 4499
9666 1976
2504 8056
2292 527
985 8740
5571 9694
1832 6175
7472 5606
3308 5573
8984 708
9257 3649
858 1840
2362 9288
9124 2871
6011 1879
4121 6672
2786 8096
7832 4349
881 1470
7174 8010
5464 429
2112 8188
8171 2934
2047 9264
5187 4709
6997 1492
3730 8963
4037 635
7072 5685
2033 1176
626 4764
5720 2291
6944 7511
1769 1405
4996 3669
2077 9346
1698 6577
6241 8385
9382 6514
6459 1946
4828 7241
2671 830
5847 6874
1242 2361
6347 4984
2757 7731
5735 6195
7141 2698
5429 6550
8667 9267
8146 1406
6730 3836
7187 6113
7307 8790
7608 137
4499 7848
1976 2993
8056 8733
527 2546
8740 687
9694 1141
6175 5956
5606 6085
5573 269
708 2460
3649 4925
1840 7164
9288 9056
2871 8305
1879 8651
6672 9099
8096 1692
4349 7710
1470 5547
8010 2868
429 3987
8188 2972
2934 6620
9264 5651
4709 3604
1492 7661
8963 432
635 5946
5685 1056
1176 4291
4764 6160
2291 5871
7511 4078
1405 2395
3669 2621
9346 1806
6577 3032
8385 4628
6514 4907
1946 5506
7241 7139
830 4731
6874 8513
2361 6040
4984 5730
7731 1987
6195 7373
2698 7242
6550 2276
9267 6712
1406 386
3836 5991
6113 8054
8790 1656
137 960
7848 4930
2993 1292
8733 6253
2546 5914
687 941
1141 7115
5956 5458
6085 6270
269 2204
2460 6049
4925 3942
7164 8951
9056 4261
8305 1089
8651 5551
9099 3087
1692 8424
7710 7691
5547 3643
2868 1404
3987 546
2972 6875
6620 3526
5651 395
3604 3339
7661 7896
432 272
5946 6663
1056 4035
4291 2314
6160 7272
5871 6829
4078 4409
2395 8270
2621 8613
1806 6629
3032 2761
4628 3693
4907 1435
5506 6900
7139 2664
4731 2585
8513 7375
6040 4392
5730 5716
1987 4154
7373 1147
7242 2732
2276 4395
6712 5071
386 2166
5991 4204
8054 8483
1656 7288
960 9249
4930 1022
1292 7508
6253 9016
5914 948
941 8816
7115 2342
5458 156
6270 8695
2204 1290
6049 1080
3942 7824
8951 7765
4261 1248
1089 709
5551 5007
3087 1991
8424 8456
7691 9119
3643 7062
1404 4117
546 913
6875 2503
3526 1353
395 4780
3339 6510
7896 1755
272 6287
6663 461
4035 8273
2314 3728
7272 1686
6829 3050
4409 8440
8270 5378
8613 1215
6629 4134
2761 8768
3693 2150
1435 7496
6900 7277
2664 6388
2585 939
7375 1437
4392 3354
5716 2748
4154 9217
1147 1487
2732 1697
4395 2985
5071 1442
2166 469
4204 7856
8483 3139
7288 5750
9249 2259
1022 8035
7508 7110
9016 1029
948 4739
8816 4183
2342 6361
156 9299
8695 1166
1290 1748
1080 8441
7824 2826
7765 4835
1248 298
709 5023
5007 322
1991 547
8456 5425
9119 859
7062 5765
4117 6274
913 7940
2503 3117
1353 3495
4780 2956
6510 1093
1755 4442
6287 7476
461 791
8273 5528
3728 870
1686 3097
3050 6152
8440 3674
5378 4200
1215 2780
4134 5269
8768 9594
2150 2620
7496 2009
7277 1574
6388 5054
939 6632
1437 5760
3354 4484
2748 4969
9217 6090
1487 5566
1697 3387
2985 414
1442 2647
469 1983
7856 4064
3139 3174
5750 6748
2259 2668
8035 7268
7110 5223
1029 4046
4739 2943
4183 8262
6361 7836
9299 1342
1166 3160
1748 8774
8441 8400
2826 3090
4835 8716
298 4832
5023 8625
322 642
547 5487
5425 1107
859 4345
5765 250
6274 3642
7940 538
3117 9292
3495 5053
2956 5413
1093 152
4442 3150
7476 6940
791 1101
5528 6788
870 2715
3097 2569
6152 7667
3674 2023
4200 1902
2780 8223
5269 4819
9594 2867
2620 4178
2009 5046
1574 633
5054 793
6632 4255
5760 4021
4484 7740
4969 7735
6090 237
5566 2274
3387 2096
414 9054
2647 6396
1983 5505
4064 7452
3174 3858
6748 5237
2668 8756
7268 4383
5223 64
4046 3401
2943 7632
8262 6609
7836 4688
1342 1088
3160 5538
8774 4270
8400 2900
3090 798
8716 7206
4832 6260
8625 4598
642 6234
5487 2809
1107 4940
4345 4483
250 1658
3642 5245
538 749
9292 6823
5053 655
5413 1665
152 2070
3150 8079
6940 3144
1101 1042
6788 817
2715 4592
2569 7196
7667 1771
2023 2248
1902 2829
8223 2874
4819 6844
2867 8348
4178 7341
5046 4690
633 3224
793 4057
4255 1331
4021 4667
7740 7758
7735 7310
237 3932
2274 6138
2096 1895
9054 4052
6396 1915
5505 3963
7452 796
3858 2535
5237 9316
8756 6123
4383 2323
64 9390
3401 4467
7632 5667
6609 6450
4688 9461
1088 4044
5538 4558
4270 8730
2900 5017
798 8368
7206 4287
6260 3595
4598 1234
6234 6474
2809 2674
4940 3184
4483 6285
1658 1882
5245 4510
749 8511
6823 275
655 5103
1665 6073
2070 2994
8079 5348
3144 8517
1042 3639
817 9218
4592 5781
7196 7376
1771 1531
2248 4012
2829 8535
2874 4908
6844 8167
8348 1687
7341 9625
4690 7470
3224 2181
4057 1003
1331 8663
4667 1122
7758 8480
7310 7112
3932 1785
6138 3417
1895 957
4052 5337
1915 7171
3963 4569
796 2115
2535 8147
9316 5367
6123 493
2323 179
9390 6679
4467 2311
5667 1712
6450 5774
9461 1205
4044 7305
4558 1675
8730 8530
5017 6597
8368 2468
4287 3983
3595 3000
1234 5510
6474 4219
2674 8461
3184 785
6285 6329
1882 99
4510 1837
8511 3685
275 1064
5103 2999
6073 300
2994 3024
5348 2059
8517 9449
3639 5324
9218 1010
5781 1594
7376 3583
1531 8886
4012 5414
8535 4654
4908 1490
8167 8122
1687 4394
9625 2373
7470 5853
2181 4342
1003 9179
8663 6896
1122 9186
8480 7461
7112 2733
1785 6742
3417 4585
957 6386
5337 3505
7171 6000
4569 3993
2115 9687
8147 5862
5367 4881
493 9415
179 6053
6679 9407
2311 3661
1712 7955
5774 9114
1205 1471
7305 4252
1675 4890
8530 8042
6597 5648
2468 2193
3983 8594
3000 3181
5510 6238
4219 7184
8461 1165
785 5016
6329 5979
99 989
1837 5247
3685 5139
1064 6432
2999 5062
300 1887
3024 7654
2059 9245
9449 6427
5324 3447
1010 2643
1594 9460
3583 8267
8886 4906
5414 2705
4654 4049
1490 7900
8122 5777
4394 7522
2373 1540
5853 2891
4342 4972
9179 2397
6896 4142
9186 9473
7461 6174
2733 1737
6742 6447
4585 9629
6386 7236
3505 7519
6000 5160
3993 1454
9687 5018
5862 408
4881 183
9415 8764
6053 6501
9407 2634
3661 2105
7955 5206
9114 2841
1471 1800
4252 8292
4890 9132
8042 6914
5648 2724
2193 4502
8594 7145
3181 2019
6238 5953
7184 3129
1165 805
5016 2744
5979 3149
989 5666
5247 6359
5139 5120
6432 8569
5062 6880
1887 8514
7654 6075
9245 8418
6427 7861
3447 9261
2643 6770
9460 704
8267 474
4906 1702
2705 3094
4049 4594
7900 8245
5777 6250
7522 165
1540 6590
2891 9013
4972 4639
2397 2277
4142 6879
9473 7160
6174 8458
1737 641
6447 1951
9629 7947
7236 7082
7519 1963
5160 5150
1454 676
5018 2666
408 3249
183 7466
8764 5868
6501 8690
2634 1602
2105 4454
5206 8780
2841 4253
1800 3424
8292 5407
9132 5657
6914 6868
2724 5948
4502 2293
7145 1445
2019 368
5953 2981
3129 4402
805 1374
2744 7088
3149 3641
5666 9232
6359 4749
5120 643
8569 8498
6880 5673
8514 2823
6075 8229
8418 4561
7861 3178
9261 6747
6770 8161
704 3214
474 5719
1702 6441
3094 8481
4594 5535
8245 9332
6250 4405
165 674
6590 3118
9013 7499
4639 2692
2277 4834
6879 4937
7160 2592
8458 3929
641 1376
1951 678
7947 6232
7082 8207
1963 9544
5150 1838
676 2206
2666 3985
3249 23
7466 5151
5868 7322
8690 8453
1602 9057
4454 3585
8780 7917
4253 3294
3424 5390
5407 9336
5657 9015
6868 9146
5948 2602
2293 7340
1445 7703
368 5629
2981 5467
4402 8448
1374 8776
7088 1650
3641 9034
9232 6159
4749 502
643 1233
8498 9291
5673 4999
2823 8226
8229 6018
4561 654
3178 4536
6747 1962
8161 2348
3214 788
5719 4036
6441 6818
8481 7846
5535 201
9332 7280
4405 2524
674 3817
3118 3035
7499 1306
2692 5356
4834 1844
4937 8030
2592 1160
3929 6034
1376 6893
678 3459
6232 3691
8207 2753
9544 5645
1838 629
2206 8643
3985 6782
23 1142
5151 2083
7322 3153
8453 6055
9057 1270
3585 2044
7917 7130
3294 6958
5390 4683
9336 1822
9015 2436
9146 522
2602 7437
7340 8670
7703 3159
5629 9416
5467 8236
8448 7239
8776 4597
1650 2125
9034 4072
6159 2054
502 9138
1233 3653
9291 1850
4999 6662
8226 5823
6018 1124
654 970
4536 3948
1962 7914
2348 6884
788 4980
4036 4919
6818 3933
7846 2914
201 535
7280 8874
2524 231
3817 3122
3035 6030
1306 8577
5356 9051
1844 2631
8030 2161
1160 3157
6034 4754
6893 4629
3459 9201
3691 8389
2753 5371
5645 1672
629 2495
8643 1770
6782 8891
1142 2706
2083 3549
3153 3509
6055 5078
1270 4065
2044 4648
7130 8022
6958 7358
4683 8397
1822 8553
2436 1550
522 5683
7437 9710
8670 9233
3159 6125
9416 7574
8236 9588
7239 2382
4597 5184
2125 3632
4072 2079
2054 9549
9138 5249
3653 7714
1850 2119
6662 5591
5823 2612
1124 2869
970 750
3948 3930
7914 7853
6884 6126
4980 6068
4919 1383
3933 3088
2914 4720
535 54
8874 7352
231 4462
3122 8748
6030 7189
8577 7193
9051 3834
2631 1710
2161 7229
3157 5835
4754 1078
4629 4053
9201 569
8389 4973
5371 2745
1672 5985
2495 7163
1770 4199
8891 8974
2706 873
3549 3322
3509 3251
5078 2638
4065 4093
4648 3510
8022 8876
7358 4817
8397 1143
8553 1670
1550 6398
5683 6063
9710 3911
9233 3244
6125 9058
7574 4642
9588 3212
2382 9296
5184 4494
3632 449
2079 6016
9549 4740
5249 3389
7714 1178
2119 2197
5591 170
2612 195
2869 2711
750 5526
3930 7464
7853 4850
6126 8542
6068 1450
1383 1174
3088 4321
4720 3675
54 1157
7352 1483
4462 8233
8748 7216
7189 7588
7193 7546
3834 2942
1710 6524
7229 228
5835 2494
1078 5434
4053 4506
569 3213
4973 9624
2745 1598
5985 8726
7163 5892
4199 1030
8974 9423
873 4032
3322 6440
3251 7842
2638 1642
4093 9187
3510 5316
8876 223
4817 40
1143 7552
1670 9577
6398 5935
6063 8620
3911 6941
3244 5954
9058 1689
4642 8172
3212 7737
9296 8194
4494 5412
449 1970
6016 2573
4740 8140
3389 4179
1178 9660
2197 124
170 3333
195 8512
2711 7455
5526 5393
7464 7791
4850 8987
8542 7282
1450 6007
1174 7506
4321 5830
3675 3870
1157 4146
1483 8871
8233 5207
7216 8560
7588 266
7546 7024
2942 2015
6524 4073
228 9547
2494 1446
5434 4492
4506 667
3213 7779
9624 8375
1598 2300
8726 5882
5892 1291
1030 4313
9423 6204
4032 6635
6440 5077
7842 4744
1642 3846
9187 8655
5316 2707
223 5152
40 2561
7552 7257
9577 6671
5935 7767
8620 7253
6941 8710
5954 7904
1689 10
8172 1359
7737 5256
8194 6466
5412 691
1970 2925
2573 2587
8140 8404
4179 1472
9660 380
124 2550
3333 5767
8512 110
7455 5439
5393 5321
7791 1527
8987 8904
7282 293
6007 8668
7506 4634
5830 3438
3870 7102
4146 2526
8871 4989
5207 9664
8560 9661
266 3845
7024 6934
2015 4865
4073 3306
9547 9080
1446 1938
4492 1184
667 7652
7779 5875
8375 7653
2300 3837
5882 4593
1291 4898
4313 6543
6204 3961
6635 6110
5077 5613
4744 6544
3846 6695
8655 7840
2707 8220
5152 1643
2561 1024
7257 7081
6671 4820
7767 3512
7253 8979
8710 8433
7904 1482
10 6462
1359 7245
5256 5605
6466 7641
691 3336
2925 2510
2587 3896
8404 1500
1472 1149
380 7063
2550 9556
5767 6796
110 7120
5439 947
5321 7469
1527 8159
8904 2737
293 9468
8668 7997
4634 8134
3438 7301
7102 6908
2526 4040
4989 2065
9664 7598
9661 3110
3845 3256
6934 7591
4865 501
3306 7255
9080 499
1938 3183
1184 1358
7652 8860
5875 7275
7653 7018
3837 5354
4593 8496
4898 6202
6543 4438
3961 644
6110 1123
5613 2782
6544 9651
6695 4208
7840 4056
8220 9431
1643 5519
1024 1346
7081 7631
4820 1942
3512 3036
8979 6219
8433 2110
1482 3425
6462 1389
7245 9619
5605 718
7641 3207
3336 4113
2510 4404
3896 6077
1500 7434
1149 4867
7063 4581
9556 2012
6796 1062
7120 7460
947 7300
7469 1774
8159 6539
2737 1824
9468 5557
7997 4680
8134 2845
7301 1177
6908 8259
4040 2252
2065 3328
7598 4498
3110 9053
3256 1809
7591 8821
501 8214
7255 1731
499 4344
3183 2793
1358 253
8860 1048
7275 8340
7018 7505
5354 2918
8496 257
6202 454
4438 9215
644 7801
1123 1893
2782 1867
9651 5647
4208 7642
4056 2393
9431 5698
5519 679
1346 8390
7631 6842
1942 9337
3036 5694
6219 5861
2110 7412
3425 2304
1389 6351
9619 9092
718 8567
3207 8799
4113 2282
4404 6099
6077 6894
7434 190
4867 1462
4581 7398
2012 1203
1062 1137
7460 1627
7300 6310
1774 8769
6539 2075
1824 7484
5557 8700
4680 5070
2845 2250
1177 5203
8259 9150
2252 8360
3328 1608
4498 6249
9053 6765
1809 9388
8821 1894
8214 7316
1731 8958
4344 3570
2793 7061
253 2221
1048 4435
8340 2101
7505 7954
2918 2770
257 807
454 1720
9215 7599
7801 2970
1893 6959
1867 4469
5647 8626
7642 4504
2393 5782
5698 3756
679 589
8390 9695
6842 319
9337 3827
5694 2320
5861 4470
7412 5079
2304 1028
6351 520
9092 9484
8567 8485
8799 7613
2282 8646
6099 9398
6894 7104
190 3866
1462 7089
7398 1198
1203 2167
1137 2750
1627 9313
6310 1735
8769 1182
2075 7760
7484 7219
8700 8952
5070 7994
2250 7039
5203 4112
9150 8231
8360 6317
1608 8671
6249 9458
6765 1968
9388 5252
1894 6005
7316 6403
8958 4549
3570 486
7061 8285
2221 5263
4435 8990
2101 4728
7954 3910
2770 8791
807 8070
1720 5833
7599 6744
2970 1552
6959 3103
4469 9521
8626 6076
4504 3826
5782 3587
3756 4493
589 8539
9695 2655
319 814
3827 1138
2320 1438
4470 8366
5079 5665
1028 1929
520 1441
9484 6180
8485 1354
7613 2600
8646 2434
9398 3602
7104 9479
3866 384
7089 8482
1198 4250
2167 163
2750 3922
9313 5064
1735 1173
1182 7093
7760 5294
7219 9474
8952 3973
7994 9260
7039 6878
4112 407
8231 8622
6317 8715
8671 6802
9458 7771
1968 9582
5252 8471
6005 757
6403 1272
4549 6294
486 1249
8285 9239
5263 2553
8990 442
4728 9470
3910 1992
8791 7481
8070 5589
5833 8677
6744 789
1552 9149
3103 9293
9521 8055
6076 299
3826 4420
3587 9532
4493 3941
8539 6638
2655 2301
814 2325
1138 2619
1438 4808
8366 4202
5665 4363
1929 7726
1441 6871
6180 2203
1354 949
2600 4884
2434 5805
3602 9551
9479 262
384 9170
8482 2958
4250 845
163 8045
3922 4796
5064 5374
1173 4245
7093 3266
5294 638
9474 6824
3973 7873
9260 4055
6878 8069
407 4661
8622 7149
8715 9500
6802 3363
7771 4160
9582 9606
8471 2776
757 1965
1272 5792
6294 7682
1249 6319
9239 4587
2553 7397
442 8694
9470 9173
1992 2022
7481 8697
5589 5392
8677 8968
789 3542
9149 5546
9293 1127
8055 8921
299 376
4420 3012
9532 1300
3941 9323
6638 1095
2301 2302
2325 5923
2619 6465
4808 5516
4202 8402
4363 9497
7726 1578
6871 8762
2203 7668
949 6645
4884 7688
5805 8195
9551 3347
262 372
9170 2122
2958 3231
845 8722
8045 4408
4796 3668
5374 7770
4245 3083
3266 5971
638 1094
6824 3842
7873 2657
4055 5789
8069 7137
4661 7094
7149 5049
9500 9513
3363 9443
4160 4785
9606 891
2776 5058
1965 677
5792 609
7682 1535
6319 816
4587 1937
7397 5035
8694 6674
9173 1722
2022 4576
8697 5230
5392 8113
8968 2568
3542 2179
5546 5560
1127 2773
8921 8162
376 1244
3012 8603
1300 4360
9323 6804
1095 7332
2302 9667
5923 1308
6465 1058
5516 839
8402 7605
9497 3419
1578 9683
8762 3959
7668 4752
6645 1750
7688 1207
8195 6223
3347 1680
372 5033
2122 6677
3231 3708
8722 8464
4408 1815
3668 1186
7770 451
3083 4768
5971 1528
1094 3297
3842 2594
2657 1305
5789 7119
7137 9128
7094 3407
5049 9156
9513 7950
9443 242
4785 3635
891 1717
5058 8523
677 5900
609 3478
1535 1333
816 4998
1937 5617
5035 291
6674 8687
1722 2908
4576 4888
5230 6980
8113 724
2568 3906
2179 2703
5560 844
2773 7124
8162 6994
1244 1935
8603 5705
4360 6166
6804 586
7332 6124
9667 5630
1308 7325
1058 920
839 4866
7605 4992
3419 6993
9683 8585
3959 5638
4752 389
1750 7079
1207 7743
6223 5513
1680 6375
5033 1831
6677 6691
3708 4361
8464 1409
1815 4921
1186 1380
451 4010
4768 8627
1528 9326
3297 6729
2594 3841
1305 8836
7119 5142
9128 5635
3407 5408
9156 3695
7950 7256
242 2754
3635 2480
1717 4298
8523 1862
5900 1398
3478 8154
1333 1736
4998 9477
5617 8913
291 8123
8687 4967
2908 6230
4888 7198
6980 6343
724 2598
3906 5743
2703 4180
844 4079
7124 9668
6994 7473
1935 7960
5705 2265
6166 3220
586 1444
6124 7732
5630 9139
7325 1508
920 2068
4866 8982
4992 8865
6993 6516
8585 5182
5638 7424
389 6298
7079 8009
7743 5444
5513 664
6375 5873
1831 413
6691 5896
4361 3975
1409 6094
4921 9520
1380 8884
4010 6565
8627 8896
9326 5772
6729 6048
3841 5577
8836 4242
5142 3844
5635 8307
5408 6527
3695 2442
7256 8681
2754 4163
2480 3996
4298 2610
1862 6280
1398 5558
8154 9256
1736 9068
9477 7825
8913 6115
8123 2383
4967 894
6230 890
7198 3758
6343 6990
2598 7468
5743 3838
4180 3092
4079 4331
9668 9184
7473 5021
7960 9565
2265 1990
3220 6308
1444 8783
7732 7190
9139 2832
1508 6838
2068 9089
8982 2159
8865 2287
6516 8210
5182 5503
7424 3704
6298 5111
8009 3192
5444 3318
664 1690
5873 5893
413 7085
5896 3561
3975 916
6094 596
9520 5388
8884 9304
6565 3215
8896 244
5772 2574
6048 388
5577 6892
4242 852
3844 777
8307 9108
6527 723
2442 7542
8681 2258
4163 121
3996 2218
2610 5994
6280 158
5558 7895
9256 6185
9068 8973
7825 1164
6115 7404
2383 761
894 9198
890 5311
3758 9453
6990 3719
7468 954
3838 1543
3092 1777
4331 5302
9184 166
5021 6050
9565 138
1990 3198
6308 8219
8783 3738
7190 3167
2832 5253
6838 6216
9089 953
2159 5693
2287 7783
8210 1338
5503 8067
3704 8452
5111 7655
3192 9656
3318 4725
1690 3219
5893 3296
7085 4177
3561 5678
916 4254
596 2517
5388 650
9304 7906
3215 6784
244 3762
2574 3968
388 593
6892 25
852 8703
777 5891
9108 9472
723 4877
7542 5420
2258 5867
121 8543
2218 4084
5994 7021
158 984
7895 1256
6185 439
8973 8906
1164 2208
7404 2684
761 4516
9198 3019
5311 6792
9453 1546
3719 6657
954 8995
1543 8775
1777 8837
5302 4926
166 3368
6050 6809
138 3765
3198 4532
8219 5478
3738 5919
3167 4767
5253 3043
6216 8313
953 1134
5693 5044
7783 9697
1338 7640
8067 5814
8452 8531
7655 624
9656 2371
4725 4015
3219 8277
3296 2426
4177 2449
5678 5436
4254 3468
2517 328
650 3811
7906 2796
6784 6564
3762 2699
3968 9307
593 5945
25 9375
8703 1066
5891 8880
9472 6142
4877 4430
5420 2903
5867 6974
8543 9287
4084 7659
7021 4497
984 9493
1256 8314
439 3520
8906 4277
2208 2555
2684 307
4516 1810
3019 2856
6792 9085
1546 5014
6657 6391
8995 6916
8775 5266
8837 4317
4926 6954
3368 149
6809 7180
3765 5122
4532 7087
5478 577
5919 6444
4767 7132
3043 4373
8313 2281
1134 7315
5044 3361
9697 2411
7640 8144
5814 7869
8531 871
624 4782
2371 963
4015 8654
8277 7583
2426 6060
2449 2230
5436 4882
3468 2570
328 7764
3811 1117
2796 5096
6564 8155
2699 8038
9307 3720
5945 630
9375 2926
1066 6854
8880 611
6142 8735
4430 3082
2903 3854
6974 2955
9287 8266
7659 5050
4497 49
9493 8691
8314 4155
3520 3331
4277 3100
2555 759
307 1486
1810 5275
2856 681
9085 4863
5014 7553
6391 2646
6916 9658
5266 5055
4317 2844
6954 505
149 5753
7180 1479
5122 2330
7087 1926
577 2467
6444 8257
7132 735
4373 236
2281 693
7315 5898
3361 385
2411 3672
8144 996
7869 5990
871 3935
4782 1478
963 5909
8654 8993
7583 4653
6060 2693
2230 65
4882 8598
2570 3617
7764 751
1117 3445
5096 9536
8155 7616
8038 6858
3720 8572
630 3712
2926 4456
6854 6741
611 3506
8735 1052
3082 5137
3854 6764
2955 4481
8266 1591
5050 1567
49 3923
8691 2408
4155 2603
3331 8362
3100 2615
759 8611
1486 8823
5275 5699
681 6693
4863 7986
7553 9145
2646 1050
9658 7572
5055 4335
2844 178
505 5091
5753 6245
1479 878
2330 8074
1926 4371
2467 5482
8257 4633
735 5785
236 7016
693 6483
5898 2303
385 8798
3672 2042
996 3908
5990 111
3935 3384
1478 6163
5909 6401
8993 2929
4653 1688
2693 6847
65 7490
8598 5338
3617 1373
751 3523
3445 3164
9536 6453
7616 6814
6858 9133
8572 6116
3712 4557
4456 4247
6741 9164
3506 9356
1052 7638
5137 2450
6764 3084
4481 8100
1591 6385
1567 1897
3923 7600
2408 5416
2603 3885
8362 4836
2615 7291
8611 9614
8823 9368
5699 7491
6693 730
7986 2315
9145 8278
1050 2583
7572 7920
4335 2431
178 7150
5091 7154
6245 2243
878 3679
8074 7918
4371 8641
5482 3717
4633 1825
5785 3187
7016 2415
6483 4879
2303 1733
8798 7635
2042 8251
3908 3808
111 2464
3384 6392
6163 5681
6401 6104
2929 4546
1688 7912
6847 6932
7490 973
5338 2767
1373 6010
3523 8954
3164 6587
6453 2305
6814 573
9133 7660
6116 2804
4557 2998
4247 8981
9164 3326
9356 2360
7638 8173
2450 5146
3084 5040
8100 9129
6385 4419
1897 2629
7600 3277
5416 6949
3885 9546
4836 6822
7291 7364
9614 9621
9368 1336
7491 9595
730 8897
2315 8686
8278 4771
2583 7260
7920 8948
2431 7807
7150 4603
7154 9589
2243 6628
3679 6252
7918 7111
8641 1683
3717 5715
1825 239
3187 6704
2415 2735
4879 831
1733 1193
7635 6923
8251 1070
3808 1827
2464 4621
6392 7319
5681 1110
6104 1853
4546 1416
7912 7211
6932 1115
973 204
2767 2910
6010 7881
8954 3372
6587 1015
2305 7520
573 3196
7660 9241
2804 6507
2998 4679
8981 7186
3326 3341
2360 1229
8173 2851
5146 3701
5040 3126
9129 8479
4419 246
2629 3402
3277 4986
6949 377
9546 734
6822 5618
7364 8758
9621 767
1336 3466
9595 6541
8897 5451
8686 488
4771 3950
7260 2799
8948 7385
7807 5036
4603 1754
9589 9509
6628 1118
6252 2857
7111 6670
1683 4535
5715 5802
239 3008
6704 7834
2735 8988
831 997
1193 1498
6923 9078
1070 381
1827 267
4621 602
7319 3108
1110 1497
1853 8457
1416 5226
7211 5076
1115 5780
204 4372
2910 7821
7881 2107
3372 8645
1015 2806
7520 8861
3196 5248
9241 8924
6507 6542
4679 4830
7186 7281
3341 2728
1229 5936
2851 2965
3701 4627
3126 2391
8479 5292
246 3976
3402 9141
4986 4466
377 9702
734 7428
5618 8573
8758 6416
767 6973
3466 5575
6541 61
5451 4968
488 6446
3950 9486
2799 4658
7385 1372
5036 7528
1754 7730
9509 3099
1118 6739
2857 2443
6670 3141
4535 1061
5802 2551
3008 5842
7834 8282
8988 848
997 8501
1498 6848
9078 212
381 8382
267 3702
602 5899
3108 4872
1497 6267
8457 3324
5226 5601
5076 7537
5780 7456
4372 8165
7821 2991
2107 125
8645 7636
2806 6943
8861 6594
5248 5156
8924 7503
6542 2814
4830 2863
7281 1045
2728 5702
5936 15
2965 7935
4627 2152
2391 1453
5292 5747
3976 2215
9141 2894
4466 5565
9702 3726
7428 9196
8573 2722
6416 5970
6973 9209
5575 3575
61 3905
4968 4380
6446 5380
9486 604
4658 7890
1372 97
7528 1630
7730 940
3099 3500
6739 1181
2443 5625
3141 4565
1061 6065
2551 5115
5842 1303
8282 5962
848 7049
8501 4070
6848 9469
212 2057
8382 2783
3702 7423
5899 2332
4872 1227
6267 2154
3324 8182
5601 234
7537 7498
7456 5769
8165 8383
2991 8198
125 6937
7636 1430
6943 934
6594 3049
5156 5462
7503 2055
2814 2335
2863 2921
1045 8455
5702 3380
15 9074
7935 2584
2152 6807
1453 744
5747 4104
2215 6496
2894 6354
5565 3433
3726 4473
9196 8151
2722 3944
5970 1322
9209 8661
3575 6341
3905 422
4380 1114
5380 6853
604 7489
7890 8235
97 8469
1630 3724
940 3202
3500 7381
1181 8237
5625 6891
4565 4941
6065 4896
5115 1035
1303 5405
5962 9574
7049 6503
4070 714
9469 9063
2057 8478
2783 6500
7423 5063
2332 7729
1227 8526
2154 2399
8182 7070
234 3548
7498 345
5769 9026
8383 2317
8198 6547
6937 6487
1430 4283
934 3230
3049 1361
5462 3119
2055 8157
2335 6054
2921 2571
8455 8721
3380 8110
9074 6415
2584 6389
6807 6517
744 4883
4104 8797
