9023
3011 7379
3011 5336
3011 8368
3011 5193
7379 2689
7379 1335
7379 7308
7379 3650
5336 4001
8368 1318
8368 1916
8368 2035
8368 868
5193 728
5193 5164
5193 5131
2689 7868
2689 3320
2689 4047
2689 2703
1335 3715
1335 5854
1335 8497
7308 2375
7308 6689
3650 7492
3650 693
3650 3799
3650 2539
4001 5402
4001 690
4001 400
1318 3107
1916 7743
1916 1044
2035 3511
868 1555
728 4272
728 8530
728 8011
5164 8274
5164 8949
5131 8855
5131 4857
7868 1069
7868 7368
7868 3161
7868 3847
3320 8721
3320 8321
3320 2917
4047 766
4047 347
4047 5844
2703 7997
2703 2656
3715 477
3715 7233
3715 5637
3715 402
5854 5914
8497 3873
8497 4670
8497 1245
2375 8359
2375 7141
6689 5548
6689 1297
6689 5104
7492 3527
7492 3843
693 6076
693 2797
3799 6305
3799 2721
3799 2282
3799 2498
2539 7601
2539 3071
2539 8705
2539 7432
5402 5339
690 2321
690 6050
690 7891
690 3505
400 5632
400 8182
400 2482
3107 3791
3107 545
3107 4078
7743 6778
7743 4434
1044 1084
3511 6491
3511 7175
3511 2513
1555 5638
1555 1126
4272 3514
4272 8695
8530 4331
8530 2982
8530 872
8530 2807
8011 1100
8011 2783
8274 2679
8274 1053
8949 2050
8949 3531
8949 1707
8949 385
8855 1433
8855 191
8855 3886
4857 7486
4857 3404
4857 4446
1069 4603
7368 3786
7368 2645
3161 3734
3161 780
3847 2255
8721 1984
8321 6681
2917 664
2917 4426
2917 5953
2917 8820
766 6876
766 6032
766 1064
766 3186
347 5703
347 4425
5844 273
5844 4567
5844 6207
5844 8892
7997 7157
2656 5633
477 7229
477 7326
7233 8950
7233 5627
7233 2849
5637 6513
5637 2518
402 6603
402 7785
5914 4520
5914 5273
5914 8570
5914 2521
3873 4423
3873 8383
4670 2047
4670 8158
4670 7882
1245 3146
1245 6375
1245 8788
8359 6091
8359 2820
8359 3805
7141 5220
7141 3087
7141 6825
5548 7291
5548 772
5548 5736
1297 7117
1297 5177
1297 3844
5104 1641
5104 7675
5104 2402
5104 1413
3527 7526
3843 6841
6076 4404
6076 3173
6076 8683
6076 3233
2797 8978
2797 5202
6305 7677
6305 5421
6305 1385
6305 8313
2721 985
2721 2603
2721 114
2282 7077
2282 3695
2282 3155
2498 7039
2498 4101
7601 254
7601 5787
3071 7493
8705 992
8705 957
8705 9001
7432 4898
7432 5680
7432 4402
7432 3076
5339 3143
2321 94
2321 3304
2321 5530
2321 7076
6050 4020
6050 6180
6050 1373
6050 8603
7891 651
3505 7727
3505 4958
3505 4237
5632 8731
5632 7702
8182 5822
8182 1866
8182 6156
2482 594
3791 6043
545 3530
545 7098
545 7377
4078 163
4078 7504
4078 3808
6778 4260
6778 7387
4434 945
1084 3901
6491 3194
7175 4065
2513 6087
5638 955
1126 2153
3514 2293
8695 117
8695 2300
4331 8885
4331 8150
2982 762
2982 1997
872 210
2807 1637
1100 5938
2783 8704
2679 2474
1053 6125
2050 1868
3531 7438
1707 1725
385 3382
1433 6917
191 4090
3886 4400
7486 1485
3404 8504
4446 2621
4603 2847
3786 8866
2645 74
3734 7397
780 8644
2255 7013
1984 5932
6681 720
664 6849
4426 5085
5953 6074
8820 5602
6876 2168
6032 4963
1064 278
3186 8859
5703 3689
4425 7671
273 8071
4567 8492
6207 1370
8892 6490
7157 6883
5633 3065
7229 7338
7326 3472
8950 5390
5627 8653
2849 6415
6513 6249
2518 166
6603 3949
7785 8596
4520 4476
5273 1233
8570 7565
2521 6816
4423 2484
8383 5230
2047 2075
8158 5471
7882 6447
3146 3981
6375 7554
8788 8082
6091 7963
2820 6383
3805 124
5220 348
3087 5959
6825 2459
7291 446
772 5014
5736 2032
7117 6629
5177 498
3844 5833
1641 2399
7675 923
2402 4403
1413 5482
7526 1232
6841 3322
4404 8737
3173 7367
8683 7063
3233 6819
8978 1675
5202 4354
7677 126
5421 248
1385 6354
8313 5238
985 4207
2603 1442
114 3588
7077 370
3695 1236
3155 335
7039 4181
4101 2432
254 1323
5787 2866
7493 7172
992 1752
957 6155
9001 5060
4898 4938
5680 6697
4402 3413
3076 225
3143 1812
94 6744
3304 332
5530 1040
7076 168
4020 7816
6180 7199
1373 4969
8603 3283
651 1587
7727 3491
4958 3426
4237 275
8731 511
7702 8376
5822 6612
1866 2738
6156 4561
594 1570
6043 7424
3530 2009
7098 1021
7377 1396
163 1005
7504 3108
3808 2925
4260 4300
7387 7549
945 1426
3901 399
3194 1774
4065 6466
6087 6
955 8472
2153 7403
2293 4282
117 4111
2300 8241
8885 6104
8150 902
762 7059
1997 3447
210 7015
1637 2036
5938 7841
8704 6908
2474 5431
6125 8164
1868 4977
7438 7563
1725 2207
3382 3041
6917 6204
4090 7216
4400 5497
1485 4704
8504 6455
2621 1677
2847 6809
8866 2363
74 2963
7397 2752
8644 8096
7013 6607
5932 7614
720 1032
6849 4104
5085 8198
6074 3007
5602 644
2168 7893
4963 429
278 6299
8859 5574
3689 3371
7671 6004
8071 786
8492 2172
1370 4943
6490 5882
6883 727
3065 7095
7338 4616
3472 2815
5390 5415
8653 8475
6415 4364
6249 7536
166 6128
3949 431
8596 8648
4476 6130
1233 8943
7565 2328
6816 8445
2484 4497
5230 2234
2075 3290
5471 7955
6447 5665
3981 5483
7554 165
8082 3995
7963 2084
6383 7950
124 3968
348 6886
5959 4936
2459 5343
446 676
5014 3942
2032 8286
6629 8230
498 4291
5833 1054
2399 3763
923 3451
4403 8350
5482 2466
1232 7553
3322 8599
8737 3287
7367 3999
7063 5956
6819 6924
1675 444
4354 2185
126 8184
248 5640
6354 6473
5238 888
4207 2046
1442 4345
3588 5353
370 6462
1236 4914
335 4398
4181 3696
2432 6732
1323 2697
2866 2455
7172 3024
1752 6526
6155 549
5060 2492
4938 3702
6697 1020
3413 3664
225 6935
1812 6635
6744 1262
332 3183
1040 2359
168 666
7816 5412
7199 7576
4969 1447
3283 4259
1587 2017
3491 8093
3426 2122
275 3247
511 3135
8376 4596
6612 1632
2738 5619
4561 5185
1570 2546
7424 8079
2009 8167
1021 5893
1396 1701
1005 5546
3108 4964
2925 6051
4300 1075
7549 8674
1426 5816
399 4326
1774 6081
6466 3532
6 3788
8472 1157
7403 5361
4282 5708
4111 6585
8241 3434
6104 974
902 6758
7059 2061
3447 4553
7015 2916
2036 1782
7841 8008
6908 1849
5431 6724
8164 1071
4977 3951
7563 6361
2207 4287
3041 1015
6204 3802
7216 7217
5497 8143
4704 1019
6455 7524
1677 2946
6809 702
2363 609
2963 8806
2752 7600
8096 3436
6607 3936
7614 1799
1032 3835
4104 3587
8198 6688
3007 3266
644 4506
7893 1938
429 6090
6299 2584
5574 1653
3371 5216
6004 2996
786 206
2172 3553
4943 6759
5882 3787
727 2734
7095 4778
4616 3593
2815 7078
5415 5733
8475 2748
4364 4610
7536 3907
6128 1033
431 7455
8648 3368
6130 8220
8943 2692
2328 5626
8445 8844
4497 7186
2234 1404
3290 548
7955 152
5665 7456
5483 7419
165 8366
3995 3772
2084 1473
7950 4059
3968 7696
6886 6672
4936 7037
5343 5195
676 5290
3942 5512
8286 4637
8230 6539
4291 2087
1054 192
3763 5950
3451 341
8350 1883
2466 4926
7553 5451
8599 2985
3287 6326
3999 1315
5956 675
6924 8956
444 5172
2185 5474
8184 8125
5640 2796
6473 5331
888 822
2046 8360
4345 8879
5353 1748
6462 2602
4914 2958
4398 7548
3696 4879
6732 458
2697 8039
2455 2582
3024 590
6526 8058
549 2423
2492 2254
3702 7525
1020 4324
3664 4000
6935 4284
6635 1476
1262 482
3183 1906
2359 7147
666 98
5412 6618
7576 5700
1447 7009
4259 959
2017 864
8093 386
2122 2341
3247 6940
3135 5668
4596 5623
1632 7505
5619 6750
5185 967
2546 6826
8079 6566
8167 8819
5893 6223
1701 2864
5546 1099
4964 8301
6051 7390
1075 4904
8674 7422
5816 6472
4326 2715
6081 4564
3532 8027
3788 4385
1157 1448
5361 7443
5708 1716
6585 3800
3434 8073
974 6317
6758 1289
2061 6942
4553 2718
2916 1826
1782 5485
8008 5653
1849 4289
6724 2608
1071 6801
3951 7166
6361 2563
4287 6852
1015 1897
3802 2992
7217 3338
8143 741
1019 1279
7524 5285
2946 1001
702 5911
609 2347
8806 2643
7600 5719
3436 5438
3936 2097
1799 8344
3835 4312
3587 2477
6688 330
3266 515
4506 6185
1938 7501
6090 3922
2584 3713
1653 6424
5216 7065
2996 783
206 8889
3553 249
6759 38
3787 1487
2734 8707
4778 7094
3593 5839
7078 2835
5733 81
2748 684
4610 5381
3907 7310
1033 5303
7455 7465
3368 963
8220 1610
2692 5755
5626 4562
8844 1309
7186 7376
1404 1872
548 8463
152 1432
7456 8903
7419 4792
8366 3174
3772 7490
1473 2812
4059 6652
7696 6946
6672 8912
7037 7364
5195 6370
5290 1899
5512 6392
4637 7004
6539 4954
2087 3717
192 2716
5950 528
341 2391
1883 8110
4926 1526
5451 6418
2985 2480
6326 5961
1315 5333
675 403
8956 4371
5172 8456
5474 990
8125 3050
2796 6998
5331 2113
822 6017
8360 846
8879 8426
1748 8544
2602 8503
2958 4502
7548 4051
4879 6487
458 107
8039 5744
2582 1246
590 7478
8058 4948
2423 7874
2254 2965
7525 2524
4324 5026
4000 7071
4284 436
1476 3682
482 839
1906 996
7147 8306
98 3323
6618 6731
5700 5094
7009 6192
959 7329
864 6945
386 3260
2341 1824
6940 3613
5668 1937
5623 1592
7505 8312
6750 199
967 805
6826 615
6566 8442
8819 8973
6223 4264
2864 5091
1099 3378
8301 7305
7390 153
4904 8983
7422 5165
6472 8735
2715 6813
4564 2355
8027 7213
4385 8623
1448 1862
7443 1160
1716 5184
3800 2209
8073 1680
6317 7458
1289 7798
6942 8514
2718 5543
1826 4457
5485 3244
5653 6727
4289 2901
2608 7896
6801 3394
7166 4399
2563 1734
6852 6918
1897 5586
2992 4872
3338 7887
741 2549
1279 6663
5285 4182
1001 189
5911 7927
2347 6367
2643 3665
5719 4548
5438 5615
2097 5877
8344 5558
4312 4511
2477 8104
330 2179
515 4303
6185 4955
7501 1769
3922 1097
3713 1668
6424 8837
7065 1688
783 5964
8889 5448
249 8841
38 7731
1487 7334
8707 1213
7094 78
5839 3881
2835 5909
81 8460
684 7339
5381 6985
7310 1371
5303 4265
7465 1006
963 1921
1610 8165
5755 2560
4562 7670
1309 4549
7376 3369
1872 100
8463 337
1432 2780
8903 2060
4792 635
3174 6549
7490 6464
2812 620
6652 5271
6946 5612
8912 6055
7364 5487
6370 2344
1899 6374
6392 2458
7004 5935
4954 2163
3717 16
2716 2487
528 3721
2391 7179
8110 5258
1526 1528
6418 7690
2480 82
5961 4120
5333 2194
403 8960
4371 7273
8456 1270
990 3223
3050 181
6998 6287
2113 5406
6017 1791
846 8111
8426 554
8544 8240
8503 2585
4502 2132
4051 8913
6487 1286
107 3138
5744 7869
1246 2853
7478 5802
4948 4647
7874 3762
2965 4974
2524 454
5026 3484
7071 2261
436 1319
3682 7962
839 8014
996 1864
8306 1706
3323 1052
6731 8443
5094 5491
6192 4475
7329 7189
6945 4095
3260 6789
1824 9008
3613 5229
1937 8708
1592 4281
8312 7575
199 2990
805 5395
615 1908
8442 1340
8973 4062
4264 8496
5091 6926
3378 4534
7305 5479
153 3913
8983 1115
5165 6694
8735 4710
6813 1305
2355 8832
7213 4581
8623 6393
1862 7693
1160 200
5184 1788
2209 5814
1680 8784
7458 4233
7798 889
8514 6177
5543 2520
4457 8421
3244 7159
6727 6391
2901 5178
7896 4097
3394 791
4399 6200
1734 3099
6918 3537
5586 2151
4872 531
7887 1010
2549 4687
6663 5879
4182 1552
189 5688
7927 3373
6367 1948
3665 1252
4548 8670
5615 553
5877 216
5558 8533
4511 3140
8104 7615
2179 1477
4303 6909
4955 5119
1769 1785
1097 2867
1668 7293
8837 161
1688 4255
5964 6597
5448 198
8841 8491
7731 4122
7334 1226
1213 3424
78 2510
3881 5887
5909 7050
8460 2082
7339 930
6985 8030
1371 3313
4265 1508
1006 7903
1921 1222
8165 6144
2560 6800
7670 8948
4549 8727
3369 3646
100 6193
337 7999
2780 7137
2060 3693
635 2038
6549 445
6464 8402
620 2530
5271 3874
5612 4508
6055 8155
5487 8116
2344 3904
6374 6966
2458 338
5935 3000
2163 3305
16 3301
2487 3746
3721 4998
7179 719
5258 5944
1528 8068
7690 4634
82 5609
4120 2555
2194 2663
8960 1212
7273 6132
1270 6062
3223 662
181 5794
6287 4873
5406 5784
1791 2657
8111 4739
554 3312
8240 8154
2585 7247
2132 1510
8913 2277
1286 4261
3138 8914
7869 3014
2853 2690
5802 8479
4647 2841
3762 7173
4974 5158
454 1060
3484 1149
2261 6619
1319 5262
7962 913
8014 2863
1864 8468
1706 604
1052 1470
8443 8227
5491 3464
4475 5191
7189 1585
4095 5707
6789 2625
9008 8337
5229 1692
8708 788
4281 7620
7575 6282
2990 6308
5395 8098
1908 1156
1340 7309
4062 262
8496 1261
6926 3718
4534 5576
5479 5922
3913 297
1115 465
6694 8044
4710 391
1305 6116
8832 8654
4581 7588
6393 953
7693 1304
200 879
1788 5388
5814 4235
8784 7064
4233 6975
889 3575
6177 943
2520 612
8421 6274
7159 2383
6391 2615
5178 5197
4097 2501
791 6310
6200 3249
3099 8791
3537 1598
2151 4760
531 7396
1010 7014
4687 946
5879 1514
1552 2413
5688 6503
3373 6054
1948 7771
1252 1269
8670 285
553 5108
216 8811
8533 8539
3140 5740
7615 5960
1477 3546
6909 7327
5119 7972
1785 4211
2867 4096
7293 7156
161 785
4255 1999
6597 8863
198 6953
8491 2210
4122 7000
1226 7583
3424 7931
2510 8558
5887 8455
7050 3775
2082 1839
930 1367
8030 7801
3313 42
1508 1762
7903 3332
1222 1615
6144 8598
6800 8593
8948 8273
8727 4565
3646 5199
6193 6409
7999 6359
7137 8882
3693 4677
2038 1025
445 2511
8402 8095
2530 2330
3874 8287
4508 5430
8155 8207
8116 3349
3904 2211
6966 6564
338 7694
3000 1941
3305 5622
3301 5986
3746 8640
4998 5223
719 8924
5944 5348
8068 3497
4634 8013
5609 2217
2555 6231
2663 6500
1212 5458
6132 6996
6062 7728
662 7799
5794 366
4873 2629
5784 7082
2657 8218
4739 883
3312 8958
8154 421
7247 1271
1510 4373
2277 6761
4261 4816
8914 372
3014 3661
2690 6642
8479 5418
2841 4777
7173 3374
5158 2967
1060 2781
1149 1177
6619 1051
5262 2471
913 8557
2863 1199
8468 162
604 2443
1470 2416
8227 2049
3464 6184
5191 3131
1585 7042
5707 4230
2625 1992
8337 1930
1692 5115
788 243
7620 5159
6282 7832
6308 7921
8098 4186
1156 2258
7309 6734
262 2497
1261 5829
3718 4862
5576 2270
5922 4294
297 2972
465 8896
8044 8275
391 6318
6116 3989
8654 6372
7588 8032
953 3432
1304 1832
879 523
5388 5087
4235 5635
7064 1381
6975 895
3575 8239
943 4005
612 1461
6274 8089
2383 8621
2615 4696
5197 6655
2501 462
6310 2646
3249 538
8791 3645
1598 1187
4760 7132
7396 847
7014 8414
946 4140
1514 4867
2413 7898
6503 682
6054 9015
7771 857
1269 3256
285 6562
5108 3868
8811 2068
8539 8974
5740 3957
5960 3115
3546 3200
7327 5600
7972 4270
4211 8682
4096 2436
7156 5645
785 5509
1999 3324
8863 8299
6953 2428
2210 5694
7000 5537
7583 5389
7931 4225
8558 1681
8455 7829
3775 8590
1839 3761
1367 1586
7801 4525
42 6706
1762 2579
3332 6048
1615 8237
8598 8022
8593 1431
8273 8524
4565 3570
5199 3600
6409 4899
6359 5946
8882 5012
4677 2090
1025 592
2511 5764
8095 1209
2330 3636
8287 925
5430 3934
8207 2177
3349 2088
2211 135
6564 2086
7694 8347
1941 1110
5622 3541
5986 6257
8640 7796
5223 576
8924 4699
5348 5324
3497 2013
8013 8384
2217 5739
6231 7902
6500 4568
5458 541
6996 6823
7728 1620
7799 4890
366 8142
2629 6334
7082 5577
8218 900
883 5074
8958 2273
421 734
1271 6297
4373 3184
6761 1114
4816 7466
372 8064
3661 3853
6642 5901
5418 3804
4777 863
3374 516
2967 6492
2781 1259
1177 5650
1051 5860
2471 305
8557 7384
1199 3558
162 5468
2443 1322
2416 5628
2049 7752
6184 7069
3131 3152
7042 581
4230 6416
1992 3559
1930 5341
5115 5078
243 653
5159 8851
7832 7993
7921 6016
4186 345
2258 6294
6734 552
2497 4085
5829 5435
4862 2390
2270 8434
4294 8369
2972 39
8896 2241
8275 3848
6318 6399
3989 4313
6372 5017
8032 8267
3432 7538
1832 6553
523 1022
5087 8488
5635 5289
1381 1154
895 1759
8239 1207
4005 2231
1461 7957
8089 343
8621 2851
4696 7154
6655 980
462 738
2646 451
538 3042
3645 7303
1187 3768
7132 4474
847 7990
8414 5200
4140 7121
4867 1875
7898 154
682 1478
9015 8203
857 4685
3256 7813
6562 7992
3868 880
2068 3038
8974 1468
3957 8781
3115 1096
3200 5675
5600 8297
4270 2691
8682 5286
2436 7506
5645 8229
5509 7366
3324 7691
8299 5717
2428 5921
5694 1733
5537 1162
5389 7564
4225 3190
1681 8157
7829 8613
8590 6261
3761 6545
1586 2832
4525 1247
6706 3411
2579 6992
6048 3463
8237 5631
8022 4232
1431 3126
8524 8345
3570 3912
3600 3536
4899 2159
5946 7809
5012 1900
2090 8760
592 8994
5764 2505
1209 8886
3636 4099
925 4613
3934 3801
2177 820
2088 4014
135 7131
2086 6638
8347 2930
1110 1497
3541 5170
6257 6314
7796 8177
576 973
4699 6575
5324 4631
2013 7660
8384 3686
5739 2581
7902 4587
4568 597
541 5237
6823 4765
1620 6784
4890 3670
8142 2027
6334 1130
5577 5786
900 8719
5074 1463
2273 1329
734 7218
6297 8127
3184 2757
1114 1702
7466 1665
8064 3931
3853 388
5901 5095
3804 7716
863 4479
516 2777
6492 7356
1259 3251
5650 430
5860 1765
305 835
7384 7215
3558 7182
5468 7651
1322 8214
5628 6117
7752 3198
7069 792
3152 2025
581 3379
6416 5469
3559 1474
5341 3725
5078 598
653 5396
8851 1700
7993 8062
6016 1676
345 2426
6294 3072
552 1968
4085 8713
5435 2170
2390 6161
8434 4673
8369 7557
39 2856
2241 8163
3848 1320
6399 128
4313 567
5017 3314
8267 1240
7538 5364
6553 4124
1022 3777
8488 5820
5289 3429
1154 4285
1759 5940
1207 6598
2231 7375
7957 7823
343 5013
2851 7606
7154 2959
980 2215
738 5998
451 1753
3042 2893
7303 1509
3768 2472
4474 7491
7990 8531
5200 5775
7121 5857
1875 4661
154 8641
1478 2360
8203 5729
4685 4615
7813 6762
7992 6741
880 3831
3038 1679
1468 4164
8781 8291
1096 89
5675 7431
8297 8021
2691 6330
5286 190
7506 7093
8229 7207
7366 8042
7691 1172
5717 3851
5921 8139
1733 5752
1162 7148
7564 4623
3190 8153
8157 7328
8613 7418
6261 6270
6545 2868
2832 3136
1247 3337
3411 6639
6992 6779
3463 5492
5631 8616
4232 5801
3126 1683
8345 2486
3912 6506
3536 369
2159 5039
7809 4910
1900 1717
8760 6496
8994 5669
2505 4509
8886 3114
4099 5201
4613 3137
3801 7404
820 7679
4014 6988
7131 6014
6638 1630
2930 1008
1497 626
5170 7030
6314 8794
8177 2668
973 8211
6575 8263
4631 7119
7660 2941
3686 2418
2581 5942
4587 3595
597 8314
5237 7871
4765 5401
6784 1648
3670 4877
2027 929
1130 8200
5786 5783
8719 1735
1463 4238
1329 2989
7218 655
8127 4611
2757 3469
1702 6205
1665 8019
3931 4931
388 5503
5095 7363
7716 5408
4479 4815
2777 997
7356 6573
3251 2554
430 3620
1765 818
835 8192
7215 8269
7182 8773
7651 4362
8214 8476
6117 2412
3198 2960
792 4034
2025 4980
3379 8840
5469 260
1474 4197
3725 2795
598 2774
5396 8045
1700 360
8062 2803
1676 5154
2426 5206
3072 4823
1968 5075
8713 6245
2170 4307
6161 8441
4673 4153
7557 1602
2856 3676
8163 3563
1320 7610
128 8040
567 5777
3314 7637
1240 8417
5364 1575
4124 5264
3777 2176
5820 532
3429 571
4285 1341
5940 2131
6598 2201
7375 5931
7823 7845
5013 4067
7606 1016
2959 4077
2215 4286
5998 3485
1753 8126
2893 1128
1509 8302
2472 3976
7491 4277
8531 6979
5775 739
5857 7674
4661 2735
8641 8002
2360 8419
5729 8730
4615 6541
6762 7638
6741 3583
3831 8535
1679 999
4164 4804
8291 4759
89 8061
7431 6333
8021 3641
6330 5788
190 6601
7093 2015
7207 2457
8042 1361
1172 8049
3851 7029
8139 1499
5752 2446
7148 2349
4623 2014
8153 6528
7328 5136
7418 8105
6270 136
2868 4716
3136 8917
3337 4721
6639 5149
6779 2000
5492 7187
8616 6006
5801 7819
1683 3566
2486 4690
6506 933
369 4530
5039 5554
4910 5545
1717 4205
6496 5243
5669 3153
4509 3058
3114 7534
5201 1136
3137 3812
7404 8542
7679 1551
6988 3480
6014 4524
1630 2494
1008 8233
626 4592
7030 7109
8794 4176
2668 746
8211 3626
8263 6671
7119 6459
2941 7812
2418 2473
5942 1796
3595 6212
8314 6755
7871 4409
5401 6338
1648 6035
4877 8173
929 8858
8200 1612
5783 8910
1735 6797
4238 5315
2989 7348
655 1230
4611 2370
3469 1686
6205 1102
8019 6785
4931 8401
5503 6170
7363 2129
5408 3720
4815 7556
997 8714
6573 6851
2554 4458
3620 2664
818 18
8192 1383
8269 2564
8773 2276
4362 4269
8476 716
2412 7314
2960 6149
4034 8056
4980 5480
8840 324
260 866
4197 2219
2795 4378
2774 8206
8045 3028
360 4491
2803 7890
5154 2852
5206 4902
4823 156
5075 2419
6245 2956
4307 8285
8441 8709
4153 3925
1602 2346
3676 7929
3563 8573
7610 2771
8040 5153
5777 5900
7637 3079
8417 6835
1575 7795
5264 2467
2176 789
532 3663
571 2135
1341 8732
2131 5726
2201 8382
5931 6879
7845 763
4067 4203
1016 3524
4077 2535
4286 8772
3485 6959
8126 1854
1128 2316
8302 5375
3976 8636
4277 132
6979 1635
739 7027
7674 2141
2735 5528
8002 1334
8419 1387
8730 8801
6541 1955
7638 4130
3583 4413
8535 5212
999 1547
4804 3077
4759 2572
8061 1942
6333 3057
3641 5472
5788 2312
6601 1028
2015 6516
2457 5895
1361 3654
8049 354
7029 1186
1499 5768
2446 573
2349 5714
2014 3160
6528 6910
5136 2952
8105 167
136 2184
4716 6380
8917 1475
4721 8053
5149 7803
2000 6110
7187 1666
6006 8448
7819 6798
3566 1584
4690 4643
933 3395
4530 6780
5554 6858
5545 3950
4205 3614
5243 221
3153 5572
3058 8247
7534 1182
1136 5979
3812 4392
8542 5097
1551 6919
3480 2974
4524 4569
2494 2158
8233 7884
4592 1882
7109 8349
4176 8060
746 4874
3626 7163
6671 1784
6459 6140
7812 2672
2473 4252
1796 4577
6212 6439
6755 704
4409 1124
6338 96
6035 6025
8173 939
8858 2600
1612 2571
8910 6135
6797 5453
5315 279
7348 8987
1230 4427
2370 4428
1686 2648
1102 238
6785 83
8401 7772
6170 4724
2129 4189
3720 1116
7556 2552
8714 7697
6851 3229
4458 5405
2664 3355
18 2283
1383 3486
2564 1751
2276 6934
4269 7133
716 3832
7314 228
6149 3826
8056 8620
5480 2142
324 6389
866 3206
2219 7104
4378 1416
8206 5335
3028 2257
4491 309
7890 8660
2852 7591
4902 6309
156 8838
2419 4257
2956 7765
8285 2740
8709 7532
3925 9018
2346 4889
7929 7258
8573 8729
2771 6770
5153 7086
5900 1111
3079 362
6835 8244
7795 5267
2467 8869
789 1469
3663 7917
2135 2975
8732 413
5726 6973
8382 6805
6879 4274
763 1965
4203 8916
3524 6485
2535 3366
8772 3608
6959 3924
1854 6680
2316 2720
5375 8069
8636 608
132 1241
1635 2307
7027 137
2141 3262
5528 6329
1334 7345
1387 3758
8801 4686
1955 7661
4130 2422
4413 3025
5212 5776
1547 2387
3077 8193
2572 4956
1942 7928
3057 4397
5472 2251
2312 7242
1028 4028
6516 850
5895 6936
3654 487
354 2450
1186 2266
5768 4040
573 5995
5714 4689
3160 6831
6910 3352
2952 5789
167 2353
2184 4023
6380 915
1475 4357
8053 8835
7803 1456
6110 7783
1666 8746
8448 8809
6798 6173
1584 7441
4643 2630
3395 33
6780 5594
6858 212
3950 4280
3614 679
221 3321
5572 3100
8247 1633
1182 3401
5979 2673
4392 8588
5097 4962
6919 8722
2974 7879
4569 1317
2158 4256
7884 2202
1882 36
8349 1567
8060 7238
4874 4987
7163 4210
1784 5770
6140 3519
2672 8690
4252 5899
4577 3361
6439 8436
704 2233
1124 7160
96 5018
6025 5163
939 7788
2600 2250
2571 950
6135 672
5453 256
279 4100
8987 7067
4427 911
4428 642
2648 8469
238 582
83 4401
7772 4106
4724 4662
4189 4941
1116 2696
2552 7495
7697 1292
3229 5134
5405 7985
3355 479
2283 4790
3486 7867
1751 2792
6934 2262
7133 8577
3832 1664
228 2320
3826 2968
8620 4142
2142 3578
6389 8582
3206 8405
7104 4727
1416 744
5335 2425
2257 2788
309 6594
8660 7994
7591 7402
6309 467
8838 5196
4257 7127
7765 3977
2740 4161
7532 1588
9018 1804
4889 2230
7258 1519
8729 1530
6770 5459
7086 1030
1111 5342
362 499
8244 7268
5267 8076
8869 5189
1469 4932
7917 3955
2975 1821
413 6710
6973 7005
6805 8057
4274 1600
1965 3621
8916 3396
6485 4617
3366 2301
3608 5590
3924 1011
6680 4580
2720 2559
8069 924
608 8199
1241 7428
2307 906
137 8025
3262 686
6329 432
7345 5025
3758 151
4686 1892
7661 3882
2422 8988
3025 4522
5776 797
2387 4018
8193 776
4956 7470
7928 4410
4397 3238
2251 2462
7242 456
4028 4563
850 3684
6936 8699
487 7681
2450 3591
2266 120
4040 7949
5995 4516
4689 4811
6831 3329
3352 1943
5789 3421
2353 3773
4023 6615
915 2128
4357 6018
8835 8678
1456 1747
7783 8521
8746 110
8809 8518
6173 2727
7441 3651
2630 4997
33 732
5594 412
212 3370
4280 6273
679 1684
3321 6709
3100 2325
1633 6300
3401 4483
2673 3205
8588 1277
4962 2308
8722 5425
7879 2023
1317 770
4256 3954
2202 5111
36 2198
1567 656
7238 1276
4987 8009
4210 8392
5770 8364
3519 4719
8690 5778
5899 4061
3361 8664
8436 5562
2233 1302
7160 8963
5018 6894
5163 3567
7788 485
2250 3211
950 3440
672 1898
256 3909
4100 8120
7067 8743
911 2397
642 4489
8469 2633
582 7858
4401 4746
4106 8295
4662 1394
4941 2407
2696 1817
7495 3625
1292 1631
5134 6715
7985 4981
479 2380
4790 6582
7867 6865
2792 2954
2262 8480
8577 922
1664 5101
2320 2922
2968 6343
4142 696
3578 3113
8582 7851
8405 2687
4727 1023
744 1736
2425 7594
2788 5498
6594 3055
7994 6949
7402 3827
467 5709
5196 9002
7127 648
3977 1636
4161 1553
1588 7436
1804 1013
2230 7234
1519 4011
1530 7811
5459 8296
1030 7152
5342 2287
499 7978
7268 4165
8076 6083
5189 2091
4932 4123
3955 6306
1821 5511
6710 3683
7005 4847
8057 2247
1600 3002
3621 4510
3396 6647
4617 3582
2301 86
5590 1031
1011 6938
4580 1729
2559 3009
924 5699
8199 3128
7428 6518
906 7976
8025 7414
686 2429
432 8880
5025 7285
151 4772
1892 4925
3882 1467
8988 7298
4522 2915
797 1150
4018 6363
776 4318
7470 3226
4410 6194
3238 5810
2462 1183
456 4478
4563 466
3684 3488
8699 2081
7681 5982
3591 1953
120 7
7949 6927
4516 3503
4811 2662
3329 4515
1943 7354
3421 936
3773 2804
6615 8208
2128 4126
6018 2883
8678 2002
1747 599
8521 3539
110 8005
8518 7306
2727 1728
3651 6967
4997 4356
732 7941
412 633
3370 4967
6273 1529
1684 2719
6709 3201
2325 1895
6300 8259
4483 5380
3205 8335
1277 3978
2308 2435
5425 8305
2023 8017
770 6341
3954 3151
5111 8572
2198 4960
656 674
1276 1350
8009 6390
8392 71
8364 2171
4719 4053
5778 731
4061 940
8664 4029
5562 3507
1302 7621
8963 5332
6894 5217
3567 7758
485 7038
3211 4812
3440 4332
1898 7246
3909 6421
8120 6533
8743 858
2397 3263
4489 8334
2633 5393
7858 1258
4746 1949
8295 7288
1394 6181
2407 5861
1817 4379
3625 6726
1631 5692
6715 1976
4981 5679
2380 7744
6582 7469
6865 6461
2954 8462
8480 8284
922 3437
5101 2319
2922 7449
6343 587
696 3308
3113 3867
7851 8757
2687 5072
1023 7070
1736 5370
7594 540
5498 7518
3055 5527
6949 1589
3827 2701
5709 8380
9002 1369
648 7966
1636 6591
1553 634
7436 5356
1013 680
7234 1118
4011 7275
7811 8665
8296 1797
7152 7318
2287 4507
7978 8290
4165 8202
6083 4959
2091 3178
4123 3495
6306 7278
5511 3739
3683 227
4847 9010
2247 3316
3002 5667
4510 7852
6647 3862
3582 92
86 6707
1031 4708
6938 7572
1729 4893
3009 106
5699 7454
3128 2595
6518 3117
7976 2933
7414 4723
2429 2478
8880 8185
7285 2109
4772 5711
4925 2994
1467 5308
7298 4451
2915 8762
1150 7751
6363 8600
4318 1727
3226 7092
6194 8967
5810 6821
1183 3828
4478 7188
466 88
3488 781
2081 7046
5982 3134
1953 6665
7 8592
6927 3191
3503 1798
2662 844
4515 250
7354 1994
936 6636
2804 3416
8208 6654
4126 4619
2883 6713
2002 596
599 4556
3539 7085
8005 37
7306 5644
1728 8087
6967 6752
4356 6420
7941 4758
633 5090
4967 539
1529 395
2719 6521
3201 6692
1895 468
8259 639
5380 8183
8335 8420
3978 8966
2435 1829
8305 755
8017 8197
6341 5475
3151 726
8572 8400
4960 3455
674 7604
1350 5564
6390 396
71 577
2171 6162
4053 4288
731 3267
940 5647
4029 4950
3507 8843
7621 5912
5332 4949
5217 7767
7758 2183
7038 5613
4812 7856
4332 7249
7246 6696
6421 1251
6533 1573
858 2871
3263 5779
8334 2566
5393 7330
1258 5493
1949 3039
7288 3776
6181 8686
5861 7417
4379 8554
6726 5856
5692 5690
1976 1410
5679 1768
7744 7047
7469 8394
6461 6815
8462 389
8284 506
3437 313
2319 64
7449 694
587 2506
3308 7706
3867 971
8757 2427
5072 5542
7070 5782
5370 6907
540 603
7518 7747
5527 870
1589 7973
2701 5010
8380 5587
1369 5657
7966 7870
6591 938
634 6590
5356 7382
680 407
1118 3216
7275 6846
8665 3841
1797 129
7318 44
4507 6561
8290 2844
8202 4595
4959 7035
3178 504
3495 4375
7278 4374
3739 7636
227 1275
9010 2133
3316 8830
5667 8658
7852 4082
3862 4135
92 5797
6707 2749
4708 7831
7572 1973
4893 3187
106 2174
7454 5919
2595 6145
3117 8711
2933 2236
4723 5652
2478 1975
8185 2683
2109 2677
5711 2590
2994 856
5308 3764
4451 6593
8762 8834
7751 8411
8600 5414
1727 7635
7092 6958
8967 6019
6821 1219
3828 637
7188 2745
88 409
781 4152
7046 8134
3134 8667
6665 3059
8592 8007
3191 1174
1798 442
844 1175
250 5923
1994 2365
6636 1601
3416 4195
6654 8787
4619 6558
6713 3012
596 4134
4556 7613
7085 7740
37 1039
5644 2948
8087 6982
6752 6040
6420 5831
4758 7800
5090 2381
539 3162
395 7925
6521 195
6692 2924
468 7717
639 5727
8183 7872
8420 1138
8966 828
1829 2212
755 5349
8197 4308
5475 1227
726 1217
8400 5122
3455 171
7604 5277
5564 5384
396 7322
577 6044
6162 2447
4288 4263
3267 2526
5647 1300
4950 2475
8843 1272
5912 194
4949 6795
7767 288
2183 3740
5613 7649
7856 1662
7249 3710
6696 671
1251 1166
1573 8928
2871 2612
5779 4108
2566 3221
7330 6837
5493 8571
3039 1363
3776 2456
8686 1489
7417 8243
8554 3638
5856 4856
5690 897
1410 2115
1768 4754
7047 7352
8394 3572
6815 8133
389 7734
506 7395
313 4933
64 7487
694 2678
2506 6381
7706 7471
971 1536
2427 2005
5542 6163
5782 5920
6907 4913
603 1533
7747 5445
870 3840
7973 6711
5010 1685
5587 5377
5657 641
7870 3930
938 2570
6590 3158
7382 4550
407 3547
3216 1098
6846 2503
3841 3023
129 3923
44 6806
6561 6073
2844 593
4595 6253
7035 3796
504 8839
4375 6206
4374 859
7636 1344
1275 7003
2133 2120
8830 5655
8658 1754
4082 2712
4135 8865
5797 6524
2749 998
7831 3784
1973 2644
3187 4917
2174 5907
5919 2374
6145 837
8711 7835
2236 2248
5652 5001
1975 5832
2683 8720
2677 5300
2590 1708
856 6281
3764 5047
6593 884
8834 7342
8411 1608
5414 7587
7635 6045
6958 5821
6019 5963
1219 3388
637 4320
2745 1787
409 2980
4152 535
8134 2895
8667 6403
3059 7786
8007 2885
1174 2108
442 1563
1175 6280
5923 2493
2365 5898
1601 1910
4195 2232
8787 4782
6558 838
3012 2824
4134 234
7613 1349
7740 3754
1039 1201
2948 1285
6982 6589
6040 4973
5831 1858
7800 6414
2381 1085
3162 7561
7925 7260
195 2988
2924 1278
7717 5461
5727 5362
7872 7319
1138 52
828 1037
2212 1181
5349 8123
4308 6165
1227 1924
1217 2556
5122 7624
171 987
5277 2333
5384 7828
7322 6400
6044 3798
2447 1978
4263 3351
2526 6481
1300 3207
2475 6792
1272 3861
194 7271
6795 8138
288 2149
3740 6746
7649 1691
1662 2488
3710 12
671 4837
1166 193
8928 4752
2612 3806
4108 1513
3221 2607
6837 1311
8571 8580
1363 8050
2456 1067
1489 4477
8243 8808
3638 2936
4856 1038
897 1623
2115 1502
4754 6738
7352 904
3572 1014
8133 1901
7734 8437
7395 7763
4933 5769
7487 1581
2678 3627
6381 4607
7471 2134
1536 5174
2005 3204
6163 1104
5920 7074
4913 1880
1533 2437
5445 4751
3840 3723
6711 6290
1685 20
5377 1351
641 4456
3930 7574
2570 150
3158 123
4550 1176
3547 7836
1098 3479
2503 1512
3023 7787
3923 6480
6806 2490
6073 5073
593 6319
6253 8033
3796 5695
8839 1390
6206 5848
859 6670
1344 2077
7003 4329
2120 5596
5655 1479
1754 2264
2712 3533
8865 7500
6524 3407
998 1580
3784 2052
2644 6978
4917 5403
5907 5980
2374 6228
837 600
7835 3969
2248 6190
5001 7337
5832 397
8720 1741
5300 1837
1708 70
6281 5501
5047 697
884 6279
7342 8926
1608 2676
7587 480
6045 1081
5821 3035
5963 1368
3388 472
4320 8543
1787 4441
2980 8575
535 6993
2895 4513
6403 217
7786 4514
2885 6252
2108 5411
1563 2306
6280 5224
2493 3420
5898 834
1910 6682
2232 3284
4782 8223
838 5970
2824 1569
234 6007
1349 2906
3754 4251
1201 2660
1285 5975
6589 494
4973 5240
1858 4309
6414 5208
1085 3454
7561 220
7260 3245
2988 4851
1278 6622
5461 7818
5362 3102
7319 1776
52 5249
1037 4937
1181 6122
8123 6442
6165 995
1924 6339
2556 6296
7624 6777
987 4296
2333 8094
7828 8589
6400 7350
3798 7325
1978 2461
3351 3528
6481 8546
3207 1151
6792 417
3861 2421
7271 2889
8138 7822
2149 2092
6746 7967
1691 4907
2488 401
12 4560
4837 2711
193 2785
4752 4853
3806 4717
1513 3261
2607 3656
1311 3657
8580 1543
8050 7365
1067 1353
4477 35
8808 93
2936 1890
1038 5058
1623 2008
1502 8506
6738 3504
904 2469
1014 627
1901 415
8437 6667
7763 5571
5769 3814
1581 7145
3627 542
4607 1964
2134 6075
5174 982
3204 5698
1104 6943
7074 3220
1880 5443
2437 4655
4751 2642
3723 991
6290 7855
20 311
1351 8338
4456 5817
7574 3516
150 2445
123 5686
1176 6059
7836 2945
3479 3836
1512 2999
7787 5299
6480 2213
2490 6100
5073 8342
6319 5266
8033 7476
5695 1398
1390 6475
5848 8632
6670 1119
2077 3643
4329 2143
5596 1731
1479 2500
2264 8372
3533 4003
7500 8510
3407 1672
1580 6659
2052 3789
6978 8103
5403 424
5980 3561
6228 1811
600 3375
3969 5706
6190 3895
7337 3255
397 6818
1741 419
1837 8995
70 8675
5501 5573
697 9007
6279 3837
8926 6331
2676 3005
480 1017
1081 3889
3035 3147
1368 8137
472 3278
8543 5624
4441 4700
8575 632
6993 8935
4513 5836
217 8930
4514 8186
6252 5449
5411 5379
2306 8371
5224 3047
3420 2070
834 3037
6682 2169
3284 489
8223 2401
5970 6316
1569 3422
6007 5819
2906 5570
4251 2297
2660 1225
5975 333
494 8953
5240 7889
4309 5312
5208 112
3454 8887
220 8754
3245 5035
4851 6520
6622 2816
7818 5328
3102 3412
1776 6089
5249 4740
4937 4769
6122 6874
6442 7797
995 1542
6339 4552
6296 375
6777 4342
4296 591
8094 6720
8589 5747
7350 1089
7325 8023
2461 3596
3528 8823
8546 5062
1151 4868
417 76
2421 2010
2889 8365
7822 801
2092 5732
7967 1392
4907 1191
401 5807
4560 2817
2711 5870
2785 8458
4853 4054
4717 5287
3261 5048
3656 6880
3657 8833
1543 8346
7365 6324
1353 8884
35 4787
93 4826
1890 7686
5058 3482
2008 2224
8506 5352
3504 4622
2469 2760
627 5147
415 6095
6667 5386
5571 3810
3814 1326
7145 4795
542 1135
1964 1173
6075 6716
982 8403
5698 3708
6943 3729
3220 7655
5443 6515
4655 993
2642 7550
991 4697
7855 1819
311 6645
8338 6020
5817 6102
3516 259
2445 6691
5686 7566
6059 1616
2945 3036
3836 8161
2999 6024
5299 1131
2213 8092
6100 2682
8342 8292
5266 2083
7476 2040
1398 4588
6475 5221
8632 3446
1119 8265
3643 6198
2143 5363
1731 5989
2500 2054
8372 7804
4003 1566
8510 1726
1672 5083
6659 7412
3789 7122
8103 806
424 3606
3561 580
1811 2724
3375 7805
5706 6234
3895 453
3255 5133
6818 3150
419 4179
8995 747
8675 4968
5573 1652
9007 6511
3837 6579
6331 2732
3005 6648
1017 2098
3889 5765
3147 589
8137 8750
3278 7964
5624 966
4700 5874
632 4250
8935 3443
5836 4146
8930 5376
8186 8829
5449 127
5379 657
8371 336
3047 8936
2070 7643
3037 2680
2169 3586
489 4551
2401 8712
6316 3389
3422 1917
5819 5855
5570 8694
2297 6428
1225 5007
333 4033
8953 5745
7889 1945
5312 2911
112 6736
8887 8427
8754 5871
5035 8234
6520 6923
2816 7248
5328 3598
3412 392
6089 2292
4740 1378
4769 8693
6874 7472
7797 423
1542 949
4552 1780
375 6005
4342 6666
591 1795
6720 735
5747 7631
1089 6502
8023 6845
3596 1564
8823 3863
5062 7461
4868 5407
76 1627
2010 1148
8365 2055
801 748
5732 5142
1392 1267
1191 5089
5807 6365
2817 5359
5870 4633
8458 1066
4054 4204
5287 6822
5048 2536
6880 3673
8833 5096
8346 8355
6324 229
8884 2538
4787 6410
4826 7336
7686 1607
3482 1395
2224 4229
5352 1773
4622 6542
2760 5345
5147 2739
6095 7254
5386 5000
3810 8289
1326 8516
4795 7452
1135 2193
1173 7714
6716 8895
8403 6621
3708 4742
3729 5354
7655 5896
6515 5757
993 2776
7550 6060
4697 7494
1819 1041
6645 796
6020 3769
6102 8984
259 6348
6691 2130
7566 6624
1616 8766
3036 8899
8161 4209
6024 6620
1131 4886
8092 7919
2682 6440
8292 6264
2083 8502
2040 7592
4588 8294
5221 4493
3446 7578
8265 7488
6198 917
5363 7662
5989 4212
2054 842
7804 2361
1566 7570
1726 1436
5083 7416
7412 1459
7122 476
806 4216
3606 383
580 8232
2724 687
7805 2953
6234 1443
453 983
5133 1859
3150 3556
4179 2507
747 7136
4968 7755
1652 4196
6511 712
6579 6567
2732 1235
6648 1000
2098 8219
5765 4882
589 1520
8750 6494
7964 7909
966 5890
5874 6154
4250 8425
3443 3864
4146 2265
5376 3875
8829 4747
127 2096
657 5659
336 1781
8936 8985
7643 3970
2680 3297
3586 1749
4551 2923
8712 2272
3389 3722
1917 6153
5855 4074
8694 8975
6428 7219
5007 3631
4033 6425
5745 890
1945 7821
2911 1651
6736 7192
8427 4089
5871 3264
8234 5259
6923 3711
7248 1242
3598 4443
392 6276
2292 7388
1378 381
8693 832
7472 2758
423 7713
949 5011
1780 8645
6005 8763
6666 952
1795 3728
735 3360
7631 1452
6502 8018
6845 6460
1564 5367
3863 6182
7461 3046
5407 652
1627 7143
1148 5203
2055 4353
748 6229
5142 5283
1267 8390
5089 1805
6365 8563
5359 3292
4633 1198
1066 2039
4204 5634
6822 1695
2536 8245
3673 4073
5096 5020
8355 2705
229 5100
2538 4865
6410 1365
7336 6454
1607 8669
1395 4268
4229 4206
1773 5391
6542 8610
5345 5143
2739 861
7254 4315
5000 157
8289 7161
8516 7320
7452 8188
2193 1264
7714 5838
8895 4842
6621 318
4742 65
5354 3937
5896 5533
5757 3444
2776 4472
6060 3667
7494 5858
1041 7837
796 7666
3769 5236
8984 5766
6348 4185
2130 8059
6624 5610
8766 5580
8899 2722
4209 4116
6620 2345
4886 3242
7919 5068
6440 2626
6264 1737
8502 320
7592 261
8294 1306
4493 1036
7578 5629
7488 4504
917 4366
7662 2942
4212 1161
842 5423
2361 3089
7570 1203
1436 205
7416 3767
1459 579
476 3688
4216 4692
383 5762
8232 4501
687 2337
2953 6115
1443 4201
983 4076
1859 1678
3556 5661
2507 5702
7136 1134
7755 4173
4196 7914
712 7863
6567 4667
1235 2750
1000 7647
8219 329
4882 8205
1520 5575
6494 2043
7909 4437
5890 1783
6154 7430
8425 7865
3864 8001
2265 7582
3875 5015
4747 2986
2096 4347
5659 3584
1781 4234
8985 5734
3970 5676
3297 8691
1749 2698
2923 4732
2272 4780
3722 3327
6153 1605
4074 3952
8975 5811
7219 287
3631 910
6425 3842
890 2928
7821 5772
1651 4266
7192 7722
4089 6788
3264 5313
5259 7153
3711 6098
1242 5529
4443 6378
6276 6587
7388 7541
381 6099
832 9021
2758 6842
7713 7317
5011 3017
8645 5162
8763 7296
952 3916
3728 7180
3360 533
1452 2894
8018 4805
6460 2823
5367 4737
6182 3602
3046 2396
652 1372
7143 2961
5203 2235
4353 8526
6229 6550
5283 4639
8390 1184
1805 8144
8563 1094
3292 6373
1198 1144
2039 4688
5634 6133
1695 8585
8245 1583
4073 1058
5020 3122
2705 8509
5100 3354
4865 4630
1365 2223
6454 3794
8669 8447
4268 3709
4206 3515
5391 5683
8610 6605
5143 7859
861 1379
4315 5718
157 6658
7161 7392
7320 6027
8188 3213
1264 6649
5838 6186
4842 4283
318 2222
65 565
3937 681
5533 4755
3444 8043
4472 2934
3667 7498
5858 8140
7837 5470
7666 2818
5236 1210
5766 586
4185 8279
8059 2101
5610 8771
5580 4517
2722 2939
4116 1571
2345 303
3242 3846
5068 7181
2626 4016
1737 7178
320 1982
261 8512
1306 9012
1036 2362
5629 7080
4504 8333
4366 8393
2942 6547
1161 7598
5423 7531
3089 7555
1203 173
205 7586
3767 5756
579 8689
3688 4083
4692 3859
5762 6875
4501 8489
2337 5378
6115 8909
4201 4370
4076 4533
1678 6717
5661 2240
5702 6107
1134 207
4173 2828
7914 4957
7863 8070
4667 1153
2750 6745
7647 2717
329 452
8205 7687
5575 3288
2043 2634
4437 5109
1783 5663
7430 3649
7865 4840
8001 1243
7582 1674
5015 2504
2986 505
4347 1987
3584 8758
4234 6995
5734 877
5676 743
8691 8749
2698 6912
4732 2787
4780 2896
3327 624
1605 4202
3952 6366
5811 2778
287 6728
910 7998
3842 1471
2928 1507
5772 522
4266 1767
7722 6248
6788 4768
5313 3733
7153 1206
6098 7866
5529 1947
6378 160
6587 289
7541 48
6099 2071
9021 1139
6842 3790
7317 8825
3017 7474
5162 6417
7296 469
3916 6254
7180 6201
533 3295
2894 2295
4805 8097
2823 1758
4737 1877
3602 7777
2396 4678
1372 8309
2961 605
2235 8666
8526 3987
6550 4554
4639 670
1184 1043
8144 8702
1094 4358
6373 2073
1144 5552
4688 2420
6133 4834
8585 8300
1583 274
1058 3965
3122 5738
8509 1354
3354 1983
4630 3
2223 745
3794 695
8447 928
3709 4891
3515 4605
5683 4545
6605 5849
7859 2900
1379 1388
5718 6220
6658 2558
7392 3538
6027 6955
3213 6712
6649 2935
6186 7626
4283 6167
2222 2577
565 13
681 6086
4755 3652
8043 6295
2934 2398
7498 8324
8140 2378
5470 9005
2818 361
1210 46
586 5785
8279 3940
2101 186
8771 2326
4517 3168
2939 2479
1571 8780
303 1055
3846 5360
7181 5750
4016 3119
7178 5463
1982 27
8512 6463
9012 4396
2362 4440
7080 448
8333 8944
8393 2736
6547 853
7598 5022
7531 4683
7555 2950
173 5311
7586 1428
5756 8136
8689 2725
4083 7281
3859 7875
6875 1018
8489 4735
5378 3577
8909 2723
4370 3157
4533 8818
6717 2439
2240 4849
6107 8945
207 3899
2828 241
4957 6342
8070 2622
1153 3869
6745 7283
2717 3397
452 4158
7687 6781
3288 3829
2634 2978
5109 5372
5663 7196
3649 4200
4840 307
1243 1092
1674 7140
2504 3231
505 659
1987 2058
8758 4636
6995 6255
877 2919
743 4800
8749 235
6912 1611
2787 4919
2896 6568
624 2269
4202 886
6366 3006
2778 8810
6728 7385
7998 5578
1471 8272
1507 2938
522 1061
1767 5489
6248 8723
4768 3428
3733 6371
1206 7839
7866 5481
1947 8282
160 8814
289 60
48 4741
2071 2632
1139 3779
3790 2496
8825 7113
7474 4141
6417 646
469 7634
6254 5314
6201 6385
3295 390
2295 6862
8097 6482
1758 7757
1877 8663
7777 80
4678 5320
8309 6641
605 2104
8666 740
3987 874
4554 1802
670 6495
1043 7684
8702 6757
4358 7294
2073 6625
5552 3599
2420 8874
4834 583
8300 6352
274 907
3965 7164
5738 4600
1354 5126
1983 1439
3 2074
745 8931
695 4407
928 6142
4891 6288
4605 1337
4545 1506
5849 2343
2900 5670
1388 5465
6220 8063
2558 8162
3538 6608
6955 1522
6712 2580
2935 8919
7626 5028
6167 5138
2577 1876
13 2826
6086 8638
3652 7982
6295 5536
2398 119
8324 3105
2378 5478
9005 6468
361 6602
46 927
5785 6478
3940 7735
186 6657
2326 7266
3168 5891
2479 73
8780 1185
1055 3703
5360 4388
5750 8450
3119 5666
5463 8264
27 7552
6463 5913
4396 5593
4440 2623
448 3548
8944 8478
2736 4311
853 5952
5022 2837
4683 4597
2950 1838
5311 8827
1428 7323
8136 2652
2725 1424
7281 7876
7875 4571
1018 6986
4735 3506
3577 6344
2723 6944
3157 2587
8818 1218
2439 3811
4849 4978
8945 1822
3899 5121
241 8604
6342 7730
2622 3906
3869 3880
7283 1593
3397 6869
4158 4743
6781 1112
3829 264
2978 115
5372 5231
7196 380
4200 7659
307 1807
1092 6606
7140 2874
3231 3825
659 2464
2058 2976
4636 7150
6255 8444
2919 5076
4800 6531
235 3612
1611 1437
4919 3302
6568 4624
2269 4419
886 3890
3006 4452
8810 8213
7385 4887
5578 4094
8272 8961
2938 5654
1061 2899
5489 3445
8723 501
3428 1384
6371 6551
7839 8846
5481 2323
8282 4784
8814 3474
60 2119
4741 790
2632 2515
3779 1325
2496 8925
7113 5866
4141 2045
646 6196
7634 7048
5314 8340
6385 730
390 4247
6862 1606
6482 1578
7757 3985
8663 7425
80 4791
5320 2836
6641 2395
2104 3616
740 4798
874 7629
1802 4820
6495 2218
7684 6686
6757 7393
7294 5279
6625 4975
3599 3818
8874 3096
583 5160
6352 4749
907 6505
7164 7933
4600 8325
5126 8753
1439 6930
2074 3903
8931 6774
4407 2544
6142 5549
6288 7277
1337 8493
1506 4498
2343 7060
5670 1101
5465 1535
8063 6708
8162 500
6608 6742
1522 1250
2580 8724
8919 7517
5028 3124
5138 617
1876 3094
2826 6782
8638 4906
7982 315
5536 7193
119 5452
3105 3611
5478 8527
6468 2802
6602 1505
927 2358
6478 7006
7735 8318
6657 677
7266 4420
5891 69
73 5031
1185 8551
3703 5532
4388 8252
8450 6796
5666 7848
8264 4684
7552 8361
5913 6292
5593 4087
2623 4796
3548 5019
8478 3590
4311 8281
5952 1327
2837 508
4597 4875
1838 7530
8827 8920
7323 312
2652 8451
1424 488
7876 23
4571 6637
6986 3418
3506 6948
6344 8101
6944 251
2587 5951
1218 471
3811 3347
4978 4858
1822 6929
5121 715
8604 1163
7730 2850
3906 422
3880 1293
1593 130
6869 8453
4743 3502
1112 5036
264 2093
115 1714
5231 1143
380 3423
7659 8594
1807 3707
6606 5880
2874 5672
3825 7380
2464 7838
2976 3181
7150 7750
8444 7023
5076 8901
6531 932
3612 1062
1437 2508
3302 5281
4624 8222
4419 4429
3890 57
4452 4570
8213 5791
4887 3692
4094 4069
8961 4339
5654 6860
2899 7542
3445 3634
501 4578
1384 2628
6551 6675
8846 6669
2323 6997
4784 8971
3474 4945
2119 6451
790 7255
2515 2214
1325 3795
8925 7943
5866 3127
2045 1650
6196 8775
7048 6830
8340 7370
730 7347
4247 5219
1606 4121
1578 1855
3985 7710
7425 2239
4791 1936
2836 5827
2395 4198
3616 4414
4798 8395
7629 6015
4820 5636
2218 4421
6686 5830
7393 5905
5279 4911
4975 5135
3818 2811
3096 7450
5160 22
4749 7523
6505 351
7933 5823
8325 353
8753 1550
6930 4992
3903 2854
6774 8221
2544 3918
5549 1228
7277 5958
8493 5840
4498 1971
7060 1145
1101 8547
1535 8764
6708 3365
500 2137
6742 224
1250 4432
8724 4336
7517 7201
3124 2003
617 6543
3094 7568
6782 5873
4906 258
315 5055
7193 4628
5452 3217
3611 8998
8527 8225
2802 8112
1505 7340
2358 7017
7006 8446
8318 2754
677 2216
4420 3525
69 7151
5031 894
8551 625
5532 1348
8252 8672
6796 2495
7848 8845
4684 5639
8361 7825
6292 6357
4087 8307
4796 8519
5019 2838
3590 7208
8281 1152
1327 1034
508 2775
4875 4239
7530 1852
8920 7463
312 7567
8451 4138
488 3992
23 8774
6637 4707
3418 2203
6948 1303
8101 8159
251 6328
5951 1718
471 5261
3347 2763
4858 3450
6929 6214
715 654
1163 8798
2850 5404
422 3415
1293 3069
130 5037
8453 8579
3502 8643
5036 5930
2093 4558
1714 1313
1143 5678
3423 2596
8594 8861
3707 79
5880 7200
5672 3601
7380 4843
7838 3512
3181 3004
7750 7427
7023 1
8901 2843
932 5990
1062 6272
2508 3522
5281 178
8222 5106
4429 7036
57 2599
4570 4036
5791 4694
3692 6578
4069 3180
4339 4391
6860 7672
7542 8181
3634 742
4578 6419
2628 8591
6675 3235
6669 8733
6997 4214
8971 7373
4945 4150
6451 1537
7255 7351
2214 5234
3795 6058
7943 8938
3127 4468
1650 6560
8775 6814
6830 7183
7370 3675
7347 2424
5219 3116
4121 7118
1855 8398
7710 3872
2239 4521
1936 5454
5827 6376
4198 6291
4414 8898
8395 7597
6015 3095
5636 5444
4421 8210
5830 926
5905 246
4911 3544
5135 4771
2811 2855
7450 2303
22 1231
7523 72
351 6773
5823 1265
353 7749
1550 6453
4992 6756
2854 8352
8221 3900
3918 4032
1228 7905
5958 1642
5840 5658
1971 5067
1145 8736
8547 134
8764 2386
3365 15
2137 6664
224 1408
4432 4469
4336 7256
7201 5656
2003 2318
6543 1256
7568 4518
5873 4589
258 1881
5055 7656
4628 869
3217 6867
8998 4499
8225 427
8112 5945
7340 3865
7017 6766
8446 1460
2754 6630
2216 6775
3525 244
7151 1954
894 8607
625 1867
1348 8534
8672 3574
2495 8169
8845 6382
5639 8550
7825 7877
6357 7584
8307 5876
8519 849
2838 4035
7208 2747
1152 4775
1034 8955
2775 5123
4239 3248
1852 5024
7463 8500
7567 2870
4138 7413
3992 8439
8774 4846
4707 5968
2203 1966
1303 6394
8159 8561
6328 8541
1718 4455
5261 954
2763 4701
3450 6384
6214 3026
654 2111
8798 4439
5404 7497
3415 1922
3069 4876
5037 7205
8579 3589
8643 3179
5930 3783
4558 7360
1313 2813
5678 3066
2596 8786
8861 5818
79 5582
7200 6674
3601 7126
4843 4903
3512 2384
3004 204
7427 6972
1 3268
2843 8118
5990 1498
6272 75
3522 3054
178 3141
5106 2160
7036 7025
2599 164
4036 4167
4694 5029
6578 5902
3180 7010
4391 8362
7672 5813
8181 2714
742 433
6419 1625
8591 3145
3235 8684
8733 31
4214 685
7373 5188
4150 6974
1537 3393
7351 7894
5234 4895
6058 1307
8938 6984
4468 6493
6560 159
6814 7165
7183 5618
3675 760
2424 4007
3116 2357
7118 771
8398 4405
3872 2296
4521 3750
5454 4676
6376 3892
6291 4942
8898 4155
7597 8555
3095 881
5444 7482
8210 7942
926 4367
246 5198
3544 6703
4771 4666
2855 892
2303 2485
1231 4946
72 3208
6773 1192
1265 2121
7749 7806
6453 7996
6756 7939
8352 4184
3900 4672
4032 3876
7905 6283
1642 3246
5658 5781
5067 934
8736 6991
134 4360
2386 1604
15 3467
6664 7333
1408 8904
4469 95
7256 2103
5656 2147
2318 3461
1256 3554
4518 349
4589 6678
1881 6136
7656 2249
869 7311
6867 4236
4499 334
427 7878
5945 4523
3865 8467
6766 4537
1460 4310
6630 5704
6775 2274
244 2993
1954 6569
8607 5141
1867 2845
8534 6172
3574 7359
8169 1168
6382 6041
8550 6488
7877 3891
7584 6486
5876 3944
849 2877
4035 5957
2747 1856
4775 3694
8955 8399
5123 188
3248 4844
5024 6224
8500 4046
2870 306
7413 4629
8439 7849
4846 920
5968 8795
1966 2964
6394 4093
8561 6259
8541 1703
4455 7513
954 4529
4701 3067
6384 8871
3026 2669
2111 4442
4439 3406
7497 3448
1922 8216
4876 7854
7205 1063
3589 6633
3179 8132
3783 4449
7360 3774
2813 6427
3066 6498
8786 2840
5818 2285
5582 7057
6674 3286
7126 493
4903 5583
2384 7540
204 4720
6972 8332
3268 4166
8118 5053
1498 8449
75 2860
3054 8578
3141 6030
2160 4486
7025 3898
164 3399
4167 1579
5029 1912
5902 7135
7010 8673
8362 1488
5813 912
2714 6776
433 6119
1625 1629
3145 692
8684 3581
31 7529
685 919
5188 6872
6974 4512
3393 2613
7894 4591
4895 6653
1307 308
6984 6406
6493 286
159 4500
7165 8769
5618 2998
760 8538
4007 7299
2357 5233
771 4726
4405 5400
2296 6802
3750 7864
4676 4864
3892 921
4942 6931
4155 5175
8555 6443
881 700
7482 6262
7942 8316
4367 8341
5198 8156
6703 3203
4666 6285
892 66
2485 5603
4946 474
3208 7371
1192 9009
2121 826
7806 6269
7996 5006
7939 3964
4184 2440
4672 1444
3876 2368
6283 3897
3246 5374
5781 1280
934 8485
6991 7720
4360 5450
1604 6939
3467 7910
7333 5977
8904 5432
95 272
2103 1391
2147 1374
3461 3328
3554 2116
349 1661
6678 4117
6136 3317
2249 296
7311 8507
4236 7022
334 1851
7878 2278
4523 1669
8467 7599
4537 768
4310 7230
5704 2848
2274 4344
2993 6538
6569 3941
5141 219
2845 5897
6172 7374
7359 7061
1168 6242
6041 4322
6488 8782
3891 125
6486 7995
3944 2228
2877 5936
5957 5929
1856 2651
3694 3871
8399 882
188 6751
4844 6699
6224 683
4046 131
306 6864
4629 7759
7849 1554
920 7789
8795 5385
2964 3306
4093 1800
6259 7537
1703 2245
7513 4892
4529 669
3067 7658
8871 1981
2669 1375
4442 5344
3406 5684
3448 3655
8216 3893
7854 8968
1063 1360
6633 1682
8132 7937
4449 1525
3774 7802
6427 8351
6498 8804
2840 2731
2285 6530
7057 3090
3286 8486
493 3736
5583 5741
7540 7190
4720 2649
8332 4733
4166 1237
5053 6431
8449 6321
2860 1720
8578 8431
6030 6896
4486 2902
3898 6660
3399 4485
1579 3704
1912 8637
7135 3449
8673 1621
1488 1288
912 1730
6776 4352
6119 5246
1629 1565
692 2798
3581 2268
7529 2196
919 871
6872 3280
4512 1195
2613 714
4591 2528
6653 4484
308 3188
6406 1274
286 7844
4500 4822
8769 1846
2998 1415
8538 5016
7299 782
5233 2887
4726 984
5400 5504
6802 7315
7864 4836
4864 2289
921 2597
6931 8180
5175 7689
6443 4435
700 3170
6262 3493
8316 7081
8341 3073
8156 7715
3203 7533
6285 7169
66 3513
5603 3883
474 6395
7371 668
9009 3609
826 4060
6269 6435
5006 5544
3964 4652
2440 1561
1444 6595
2368 3056
3897 4199
5374 8481
1280 5293
8485 6489
7720 5988
5450 5317
6939 6517
7910 2298
5977 512
5432 7369
272 5660
1391 6068
1374 1214
3328 8850
2116 2686
1661 5798
4117 7041
3317 7302
296 3372
8507 7916
7022 815
1851 3402
2278 8075
1669 5434
7599 1493
768 4585
7230 622
2848 7847
4344 5555
6538 6134
3941 5093
219 8387
5897 1048
7374 4334
7061 6951
6242 6411
4322 6235
8782 2392
125 2806
7995 1833
2228 2022
5936 1609
5929 2400
2651 8676
3871 116
882 6188
6751 8319
6699 2175
683 960
131 5270
6864 4819
7759 3063
1554 968
7789 2302
5385 8513
3306 4137
1800 7297
7537 2252
2245 7707
4892 754
669 19
7658 1254
1981 6230
1375 5924
5344 6627
5684 7259
3655 5176
3893 1815
8968 2565
1360 6346
1682 2575
7937 7683
1525 6131
7802 45
8351 2655
8804 1109
2731 3084
6530 7581
3090 1087
8486 4989
3736 8568
5741 406
7190 1095
2649 2944
4733 4885
1237 5280
6431 8595
6321 4916
1720 1779
8431 6901
6896 4258
2902 6351
6660 4466
4485 6302
3704 6267
8637 2377
3449 3607
1621 1409
1288 2567
1730 4794
4352 7935
5246 724
1565 4966
2798 182
2268 4145
2196 6536
871 1268
3280 6626
1195 824
714 1538
2528 6873
4484 7510
3188 3894
1274 4109
7844 7559
4822 5643
1846 8370
1415 7087
5016 964
782 7585
2887 6449
984 5808
5504 4786
7315 5044
4836 2821
2289 3294
2597 3400
8180 1125
7689 2805
4435 2962
3170 5156
3493 2910
7081 3032
3073 5917
7715 5561
7533 6450
7169 4575
3513 4030
3883 8902
6395 2034
668 8072
3609 4368
4060 7886
6435 2205
5544 355
4652 777
1561 4213
6595 5869
3056 7944
4199 3691
8481 2684
5293 4715
6489 5409
5988 367
5317 951
6517 6661
2298 7535
512 1364
7369 4900
5660 8010
6068 1557
1214 948
8850 8381
2686 2943
5798 7738
7041 2199
7302 8881
3372 7514
7916 239
815 8327
3402 707
8075 7272
5434 8187
1493 6438
4585 5642
622 5987
7847 3307
5555 1933
6134 5334
5093 5171
8387 8416
1048 4323
4334 5298
6951 1902
6411 2314
6235 3029
2392 5070
2806 1121
1833 6079
2022 8235
1609 8625
2400 8952
8676 7162
116 2825
6188 1750
8319 3319
2175 6465
960 8619
5270 7708
4819 2550
3063 6765
968 1002
2302 1988
8513 5625
4137 5795
7297 4098
2252 2411
7707 1760
754 6640
19 7389
1254 3120
6230 4445
5924 2827
6627 5608
7259 7040
5176 6377
1815 6850
2565 1056
6346 2927
2575 6082
7683 2598
6131 1088
45 1147
2655 6963
1109 8679
3084 4026
7581 4817
1087 3315
4989 3275
8568 8548
406 2688
1095 3618
2944 4335
4885 8498
5280 6002
8595 6469
4916 8688
1779 3353
6901 1042
4258 5771
6351 878
4466 2186
6302 266
6267 6546
2377 2225
3607 2388
1409 7646
2567 8601
4794 3163
7935 3921
724 2601
4966 6507
182 3031
4145 231
6536 1560
1268 1248
6626 7562
824 4447
1538 4162
6873 7358
7510 631
3894 4080
4109 7926
7559 7699
5643 6693
8370 909
7087 4651
964 4833
7585 3884
6449 4824
5808 4193
4786 6358
5044 5916
2821 4698
3294 6168
3400 4983
1125 688
2805 3509
2962 5826
5156 5210
2910 6501
3032 1825
5917 4845
5561 8647
6450 4314
4575 7766
4030 5746
8902 3771
2034 8996
8072 7608
4368 5269
7886 4139
2205 2491
355 7203
777 439
4213 7235
5869 8108
7944 8803
3691 41
2684 450
4715 2460
5409 6844
367 7307
951 7915
6661 2376
7535 5790
1364 1663
4900 757
8010 5046
1557 3982
948 8564
8381 2878
2943 718
7738 5531
2199 5369
8881 2465
7514 823
239 6061
8327 5630
707 4217
7272 737
8187 8536
6438 6952
5642 3946
5987 4738
3307 3856
1933 2707
5334 5145
5171 25
8416 7827
4323 4390
5298 6241
1902 764
2314 3517
3029 2123
5070 1345
1121 8358
6079 8228
8235 3466
8625 5965
8952 1446
7162 7383
2825 2908
1750 1884
3319 3300
6465 4870
8619 3966
7708 1167
2550 7940
6765 7222
1002 4081
1988 5063
5625 4888
5795 4728
4098 7447
2411 8981
1760 1328
6640 6903
7389 5373
3120 1076
4445 4982
2827 3473
5608 5157
7040 8785
6377 8311
6850 8276
1056 6052
2927 6563
6082 1816
2598 496
1088 8121
1147 6889
6963 6337
8679 7522
4026 314
4817 5760
3315 2547
3275 7462
8548 6112
2688 6679
3618 6596
4335 6522
8498 4951
6002 6556
6469 7362
8688 3018
3353 8618
1042 4241
5771 8035
878 5526
2186 8330
266 2089
6546 8799
2225 5424
2388 2514
7646 4745
8601 101
3163 8776
3921 438
2601 7768
6507 2354
3031 2051
231 34
1560 2441
1248 6312
7562 560
4447 588
4162 4762
7358 4718
631 62
4080 2327
7926 2056
7699 4767
6693 473
909 3171
4651 5218
4833 975
3884 495
4824 8605
4193 3334
6358 6557
5916 8986
4698 3384
6168 3983
4983 3330
688 5081
3509 4559
5826 1911
5210 1657
6501 7695
1825 4480
4845 4695
8647 7033
4314 7197
7766 1382
5746 4612
3771 87
8996 8805
7608 4346
5269 6441
4139 4924
2491 277
7203 5864
439 8471
7235 3225
8108 7408
8803 4761
41 3706
450 3298
2460 7445
6844 6211
7307 1932
7915 7704
2376 1483
5790 3483
1663 4002
757 170
5046 6646
3982 5730
8564 1077
2878 6617
718 7400
5531 8129
5369 2331
2465 2685
823 2238
6061 3726
5630 543
4217 3778
737 944
8536 3564
6952 2562
3946 1244
4738 787
3856 7167
2707 606
5145 8692
25 7276
7827 7429
4390 3068
6241 8224
764 5852
3517 2753
2123 3199
1345 8525
8358 4381
8228 2195
3466 3870
5965 3521
1446 7062
7383 2094
2908 6047
1884 4940
3300 2589
4870 7049
3966 8941
1167 3045
7940 2382
7222 8517
4081 5442
5063 935
4888 4045
4728 3662
7447 5597
8981 1638
1328 6483
6903 7194
5373 7669
1076 2062
4982 568
3473 302
5157 7212
8785 4422
8311 7712
8276 3021
6052 7723
6563 814
1816 830
496 4618
8121 255
6889 7547
6337 4411
7522 4302
314 896
5760 1640
2547 8317
7462 4608
6112 607
6679 30
6596 3542
6522 5884
4951 5906
6556 3858
7362 2534
3018 4642
8618 8277
4241 5997
8035 7960
5526 2561
8330 5215
2089 8628
8799 3815
5424 6540
2514 619
4745 1980
101 6078
8776 8739
438 1532
7768 4657
2354 8849
2051 2030
34 4319
2441 7158
6312 2891
560 1558
588 8107
4762 5092
4718 5806
62 5139
2327 8947
2056 618
4767 5563
473 1301
3171 2700
5218 7467
975 61
495 8875
8605 1029
3334 4248
6557 1080
8986 3565
3384 2573
3983 4682
3330 8651
5081 2305
4559 4058
1911 5687
1657 6964
7695 4625
4480 464
4695 3833
7033 3902
7197 7824
1382 8831
4612 5796
87 6197
8805 5585
4346 6870
6441 175
4924 3496
277 6905
5864 5310
8471 8817
3225 3671
7408 7269
4761 8726
3706 2640
3298 1012
7445 2624
6211 5129
1932 6077
7704 4056
1483 5245
3483 7602
4002 8326
170 7409
6646 7018
5730 8697
1077 6094
6617 84
7400 7386
8129 873
2331 5604
2685 862
2238 1239
3726 2904
543 4004
3778 5114
944 4654
3564 7264
2562 6685
1244 3939
787 8597
7167 527
606 5295
8692 6158
7276 2568
7429 7991
3068 1079
8224 6106
5852 4317
2753 1803
3199 6968
8525 7908
4381 7224
2195 5550
3870 7346
3521 2920
7062 408
2094 4223
6047 1721
4940 3738
2589 8581
7049 2574
8941 1501
3045 8677
2382 3838
8517 4825
5442 3813
935 7304
4045 5179
3662 1045
5597 6854
1638 1869
6483 4965
7194 7560
7669 4526
2062 5743
568 8802
302 3331
7212 5049
4422 4705
7712 4586
3021 322
7723 3252
814 253
830 7881
4618 1888
255 1358
7547 5981
4411 3993
4302 3604
896 5850
1640 8217
8317 328
4608 5825
607 2243
30 7736
3542 8717
5884 3735
5906 6881
3858 2742
2534 1778
4642 2453
8277 6244
5997 2751
7960 7593
2561 5038
5215 7527
8628 7873
3815 1343
6540 3309
619 4814
1980 7107
6078 2371
8739 3751
1532 4495
4657 6444
8849 773
2030 3624
4319 4461
7158 2726
2891 623
1558 8826
8107 4393
5092 2024
5806 3218
5139 111
8947 1865
618 4349
5563 5517
1301 4365
2700 3569
7467 6651
61 6743
8875 2468
1029 1834
4248 5569
1080 558
3565 2483
2573 6690
4682 2545
8651 6769
2305 1521
4058 1667
5687 575
6964 7019
4625 7719
464 8706
3833 4408
3902 2463
7824 1059
8831 6839
5796 898
6197 3793
5585 2414
6870 7053
175 478
3496 7129
6905 969
5310 2616
8817 5326
3671 7808
7269 1407
8726 7295
2640 5611
1012 3529
2624 7103
5129 665
6077 8148
4056 8828
5245 7282
7602 1958
8326 1639
7409 1959
7018 1904
8697 2403
6094 6969
84 404
7386 1889
873 1291
5604 5027
862 5985
1239 5392
2904 1696
4004 4430
5114 7028
4654 6808
7264 4626
6685 7252
3939 546
8597 8257
527 8168
5295 8406
6158 6722
2568 5263
7991 5518
1079 1435
6106 8946
4317 2181
1803 2118
6968 5872
7908 4147
7224 8375
5550 5715
7346 1090
2920 2772
408 4638
4223 301
1721 6584
3738 5976
8581 7265
2574 5244
1501 1594
8677 2430
3838 2755
4825 8725
3813 5735
7304 6599
5179 4544
1045 4915
6854 8566
1869 640
4965 8662
7560 7906
4526 7862
5743 8790
8802 144
3331 4031
5049 1861
4705 1885
4586 2042
322 5941
3252 2271
253 6085
7881 8249
1888 4316
1358 5102
5981 569
3993 1492
3604 6748
5850 8461
8217 1996
328 2759
5825 8990
2243 8459
7736 1024
8717 2449
3735 4418
6881 3962
2742 8942
1778 1346
2453 7335
6244 8283
2751 8569
7593 5365
5038 6063
7527 5051
7873 8379
1343 804
3309 6405
4814 3633
7107 3239
2371 6827
3751 3943
4495 5420
6444 90
773 4295
3624 8482
4461 2699
2726 6470
623 1494
8826 8055
4393 8293
2024 1654
3218 4729
111 7485
1865 5146
4349 1915
5517 1618
4365 7900
3569 5696
6651 8078
6743 3597
2468 812
1834 629
5569 497
558 9022
2483 1035
6690 3227
2545 1129
6769 2063
1521 3342
1667 5915
575 2882
7019 2410
7719 1827
8706 1389
4408 6937
2463 393
1059 99
6839 7459
898 3834
3793 3849
2414 4810
7053 4156
478 5130
7129 7833
969 7790
2616 1909
5326 6298
7808 1503
1407 4646
7295 2313
5611 6398
3529 9019
7103 113
665 6268
8148 187
8828 2244
7282 6432
1958 645
1639 5972
1959 2639
1904 3148
2403 267
6969 752
404 5649
1889 7603
1291 4781
5027 5118
5985 8170
5392 2079
1696 3197
4430 5579
7028 492
6808 3405
4626 3381
7252 4222
546 5144
8257 2756
8168 3839
8406 9023
6722 6013
5263 8606
5518 3753
1435 6003
8946 3960
2181 1401
2118 7410
5872 2773
4147 5505
8375 3070
5715 3759
1090 6807
2772 4024
4638 1828
301 7918
6584 6676
5976 5812
7265 7846
5244 630
1594 5204
2430 2542
2755 2335
8725 339
5735 201
6599 3610
4544 3526
4915 8797
8566 3770
640 4105
8662 4881
7906 3172
7862 8842
8790 3362
144 6092
4031 4149
1861 2260
1885 1500
2042 5815
5941 5433
2271 1123
6085 5192
8249 5999
4316 3339
5102 5032
569 8867
1492 1527
6748 8848
8461 484
1996 4934
2759 1355
8990 2764
8459 5753
1024 4417
2449 8939
4418 5278
3962 1140
8942 2858
1346 2011
7335 1658
8283 2329
8569 9011
5365 4985
6063 4827
5051 4894
8379 4841
804 8246
6405 6787
3633 8701
3239 147
6827 845
3943 2114
5420 4859
90 8113
4295 7499
8482 1298
2699 5486
6470 2102
1494 6719
8055 434
8293 4325
1654 2126
4729 3427
7485 8891
5146 1756
1915 6159
1618 5228
7900 811
5696 2666
8078 3013
3597 1073
812 2810
629 7448
497 2737
9022 1451
1035 6471
3227 7726
1129 703
2063 1847
3342 8084
5915 2769
2882 3435
2410 778
1827 3240
1389 1556
6937 6913
393 97
99 2670
7459 2018
3834 1845
3849 2364
4810 6397
4156 3785
5130 8000
7833 4972
7790 1905
1909 6683
6298 2286
1503 6981
4646 1482
2313 7590
6398 4091
9019 736
113 733
6268 6994
187 4602
2244 2188
6432 4909
645 4952
5972 2393
2639 331
3148 6111
267 1577
752 1836
5649 8278
7603 5107
4781 2762
5118 3973
8170 7073
2079 4292
3197 4532
5579 3757
492 855
3405 1818
3381 56
4222 5522
5144 8190
2756 8258
3839 4869
9023 1359
6013 291
8606 6301
3753 8890
6003 6863
3960 7830
1401 4187
7410 7932
2773 6859
5505 4066
3070 3285
3759 149
6807 4301
4024 1430
1828 7045
7918 371
6676 7139
5812 3749
7846 2880
630 1540
5204 6786
2542 5064
2335 3742
339 7292
201 8894
3610 4057
3526 8047
8797 4072
3770 1568
4105 942
4881 2157
3172 2872
8842 2339
3362 8052
6092 6422
4149 5496
2260 1281
1500 2166
5815 4579
5433 1628
1123 4163
5192 8423
5999 8631
3339 1873
5032 7415
8867 2033
1527 2489
8848 2006
484 7211
4934 1393
1355 5843
2764 1399
5753 7225
4417 4660
8939 293
5278 3019
1140 4253
2858 8932
2011 8908
1658 7512
2329 7945
9011 4084
4985 4113
4827 8893
4894 5071
4841 8308
8246 8336
6787 8083
8701 7195
147 247
845 843
2114 5235
4859 2095
8113 3091
7499 2187
1298 3603
5486 3357
2102 3383
6719 4680
434 8115
4325 7457
2126 6322
3427 1914
8891 6793
1756 8779
6159 8751
5228 2800
811 8037
2666 8367
3013 1655
1073 509
2810 1376
7448 3819
2737 6258
1451 6046
6471 8646
7726 4380
703 3653
1847 1117
8084 8991
2769 2001
3435 5969
778 405
3240 5422
1556 2594
6913 3022
97 8397
2670 7083
2018 2861
1845 2839
2364 7313
6397 8792
3785 140
8000 2681
4972 4215
1905 5222
6683 5045
2286 1591
6981 1541
1482 2814
7590 4327
4091 6702
736 5325
733 4930
6994 1440
4602 5128
2188 2659
4909 6764
4952 8024
2393 705
331 7632
6111 6179
1577 1127
1836 914
8278 8012
5107 803
2762 2618
3973 6572
7073 1989
4292 1255
4532 5319
3757 3409
855 7128
1818 5751
56 2767
5522 6209
8190 3919
8258 1205
4869 1046
1359 2903
291 6855
6301 7032
8890 1220
6863 4220
7830 3212
4187 6544
7932 3727
6859 8343
4066 1786
3285 3690
149 2242
4301 8923
1430 1622
7045 1338
371 976
7139 4144
3749 8141
2880 526
1540 8565
6786 6012
5064 4991
3742 4006
7292 1122
8894 6124
4057 7236
8047 1757
4072 2921
1568 7056
942 3961
2157 5591
2872 4671
2339 2576
8052 7316
6422 4971
5496 5399
1281 179
2166 6320
4579 1935
1628 5598
4163 1893
8423 1687
8631 394
1873 3253
7415 4905
2033 7002
2489 1425
2006 3622
7211 1929
1393 7097
5843 7355
1399 3142
7225 8559
4660 6529
293 2940
3019 4922
4253 7001
8932 7975
8908 55
7512 3033
7945 5525
4084 1614
4113 5241
8893 6355
5071 5226
8308 667
8336 6042
8083 9014
7195 5682
247 2557
843 59
5235 3755
2095 4041
3091 1406
2187 7961
3603 5728
3357 6304
3383 6240
4680 5992
8115 3468
7457 7936
6322 7079
1914 3441
6793 7111
8779 3816
8751 4068
2800 185
8037 3274
8367 3189
1655 1961
509 7245
1376 5398
3819 4650
6258 525
6046 8146
8646 1464
4380 8868
3653 4860
1117 8080
8991 6592
2001 7980
5969 5620
405 8298
5422 555
2594 4993
3022 1284
8397 5274
7083 252
2861 3318
2839 3112
7313 3888
8792 8088
140 3230
2681 6433
4215 5994
5222 5886
5045 449
1591 3659
1541 7843
2814 5477
4327 4470
6702 4008
5325 1814
4930 6151
1440 2110
5128 4050
2659 4052
6764 4848
8024 5800
705 6129
7632 8906
6179 977
1127 1287
914 1969
8012 6213
803 8873
2618 2342
6572 6448
1989 5265
1255 2206
5319 3499
3409 3911
7128 3419
5751 7210
2767 3803
6209 7102
3919 3540
1205 8432
1046 4813
2903 7737
6855 7515
7032 7938
1220 7853
4220 1260
3212 2636
6544 7096
3727 6148
8343 4748
1786 2340
3690 3766
2242 658
8923 5805
1622 1673
1338 5674
976 6222
4144 7055
8141 4064
526 7729
8565 2317
6012 1860
4991 6508
4006 4994
1122 2173
6124 2502
7236 1027
1757 4063
2921 5507
7056 5534
3961 8189
5591 7664
4671 8026
2576 5851
7316 7394
4971 3807
5399 49
179 6928
6320 5079
1935 4424
5598 7423
1893 3617
1687 5763
394 6960
3253 6067
4905 4599
7002 1772
1425 8348
3622 2476
1929 4632
7097 1273
7355 2267
3142 5040
8559 1496
6529 3635
2940 798
4922 6749
7001 197
7975 7496
55 7519
3033 378
5525 2914
1614 4828
5241 6203
6355 3905
5226 854
667 6887
6042 4275
9014 2635
5682 4620
2557 8260
59 2586
3755 5242
4041 118
1406 5288
7961 833
5728 1266
6304 2728
6240 5646
5992 4171
3468 1007
7936 6001
7079 6413
3441 3336
7111 6885
3816 1422
4068 440
185 3356
3274 1486
3189 6747
1961 1495
7245 5828
5398 7051
4650 8036
525 7120
8146 6232
1464 3088
8868 5773
4860 8251
8080 3823
6592 6897
7980 4961
5620 3259
8298 1879
555 5883
4993 3630
1284 7204
5274 5607
252 4177
3318 6101
3112 5978
3888 3458
8088 5296
3230 4669
6433 6509
5994 184
5886 2028
449 8171
3659 2704
7843 6534
5477 3877
4470 441
4008 3111
1814 4644
6151 9017
2110 7577
4050 1539
4052 779
4848 6628
5800 7480
6129 3228
8906 769
977 3103
1287 7654
1969 7668
6213 6237
8873 6327
2342 6730
6448 5323
5265 5190
2206 282
3499 295
3911 8700
3419 4306
7210 8323
3803 4254
7102 7511
3540 6164
8432 67
4813 4118
7737 17
7515 7479
7938 502
7853 6687
1260 6848
2636 4855
7096 1699
6148 1450
4748 7198
2340 1801
3766 4774
658 4039
5805 1709
1673 5589
5674 5413
6222 6070
7055 6856
4064 414
7729 6861
2317 4221
1860 1310
6508 8081
4994 8388
2173 8752
2502 7100
1027 7951
4063 4160
5507 5862
5534 1113
8189 4785
7664 5086
8026 3431
5851 5966
7394 8130
3807 7115
49 2949
6928 6519
5079 8608
4424 213
7423 7381
3617 8657
5763 5346
6960 4010
6067 3236
4599 3938
1772 1990
8348 50
2476 2348
4632 2637
1273 8474
2267 1516
5040 2650
1496 7764
3635 7653
798 5581
6749 7007
197 4703
7496 8756
7519 3920
378 6056
2914 3974
4828 602
6203 7745
3905 3780
854 443
6887 5105
4275 1196
2635 628
4620 8124
8260 1200
2586 265
5242 1524
118 570
5288 3878
833 1455
1266 534
2728 3271
5646 6514
4171 3175
1007 6922
6001 6799
6413 8992
3336 138
6885 3697
1422 8331
440 5567
3356 5297
1486 4328
6747 7700
1495 8100
5828 1660
7051 3040
8036 3081
7120 222
6232 5754
3088 7168
5773 2531
8251 8634
3823 3990
6897 3928
4961 2026
3259 7331
1879 63
5883 7539
3630 2288
7204 292
5607 8687
4177 1939
6101 8864
5978 4852
3458 1857
5296 8937
4669 8212
6509 4244
184 7880
2028 5939
8171 4433
2704 2067
6534 5340
3877 7741
441 148
3111 3730
4644 4908
9017 3003
7577 2100
1539 3130
779 3896
6628 6286
7480 2765
3228 7778
769 537
3103 346
7654 761
7668 9004
6237 3679
6327 1977
6730 6263
5323 7372
5190 8652
282 2366
295 2540
8700 988
4306 6388
8323 8031
4254 4918
7511 223
6164 5350
67 611
4118 3845
17 3523
7479 767
502 908
6687 7883
6848 4621
4855 6898
1699 8959
1450 8166
7198 5845
1801 1646
4774 585
4039 6616
1709 5725
5589 2125
5413 3156
6070 8353
6856 8473
414 566
6861 1414
4221 327
1310 3277
8081 1103
8388 2299
8752 3049
7100 3490
7951 8888
4160 2352
5862 6857
1113 1357
4785 2512
5086 1003
3431 6474
5966 2069
8130 1074
7115 5863
2949 7343
6519 6535
8608 211
213 6537
7381 8528
8657 8178
5346 3453
4010 6176
3236 6523
3938 2729
1990 460
50 3093
2348 2533
2637 3615
8474 507
1516 4175
2650 2148
7764 5059
7653 214
5581 5338
7007 876
4703 1420
8756 7721
3920 3732
6056 2929
3974 1995
602 1180
7745 6895
3780 7251
443 5371
5105 4861
1196 2702
628 5
8124 7820
1200 1142
265 4482
1524 3129
570 1841
3878 1823
1455 1732
534 5116
3271 5347
6514 8813
3175 6293
6922 6723
6799 8979
8992 5514
138 1647
3697 2448
8331 363
5567 3456
5297 8315
4328 2066
7700 875
8100 6053
1660 691
3040 905
3081 3857
222 2931
5754 5211
7168 4555
2531 5662
8634 7775
3990 6336
3928 1951
2026 6178
7331 4970
63 885
7539 4714
2288 6714
292 2372
8687 956
1939 6914
8864 750
4852 4648
1857 1356
8937 4496
8212 7810
4244 595
7880 6037
5939 5799
4433 8452
2067 2373
5340 7793
7741 2932
148 4049
3730 3202
4908 3276
3003 5804
2100 7814
3130 5316
3896 7112
6286 7227
2765 2304
7778 5712
537 4128
346 4174
761 8266
9004 155
3679 1572
1977 8065
6263 4601
7372 3410
8652 3743
2366 1411
2540 5918
988 6604
6388 6803
8031 2834
4918 2389
223 1950
5350 7011
611 7290
3845 4984
3523 8477
767 8522
908 1457
7883 9000
4621 8770
6898 709
8959 1377
8166 7361
5845 8560
1646 8270
585 7904
6616 8545
5725 5671
2125 6233
3156 5824
8353 1724
8473 6191
566 2310
1414 6971
327 5397
3277 7344
1103 1065
2299 2227
3049 5250
3490 8196
8888 3333
2352 1878
6857 2379
1357 299
2512 4614
1003 4338
6474 1863
2069 6950
1074 3052
5863 7888
7343 3945
6535 8738
211 6049
6537 795
8528 7971
8178 1656
3453 2831
6176 4986
6523 8174
2729 53
460 7468
3093 2190
2533 4249
3615 3215
507 2145
4175 2779
2148 8099
5059 5213
214 2165
5338 2617
876 4129
1420 5595
7721 7401
3732 8927
2929 5330
1995 4042
1180 1026
6895 6583
7251 4706
5371 4299
4861 829
2702 5152
5 377
7820 3417
1142 7685
4482 5456
3129 1705
1841 7284
1823 3016
1732 2770
5116 180
5347 6725
8813 8085
6293 8718
6723 5488
8979 5181
5514 8328
1647 5318
2448 1086
363 374
3456 4341
8315 8807
2066 7739
875 463
6053 650
691 4022
905 6445
3857 6221
2931 5180
5211 6407
4555 4361
5662 203
7775 722
6336 1511
1951 1386
6178 7770
4970 6871
885 7263
4714 7016
6714 2072
2372 4582
956 3979
6914 7857
750 7444
4648 7072
1356 5284
4496 8176
7810 3222
595 6695
6037 2226
5799 2127
8452 6838
2373 5113
7793 3647
2932 5837
4049 7405
3202 2029
3276 6947
5804 5098
7814 2156
5316 3731
7112 102
7227 3705
2304 3078
5712 2991
4128 7969
4174 775
8266 352
155 1047
1572 4395
8065 2786
4601 3165
3410 7607
3743 459
1411 2161
5918 8626
6604 5209
6803 8649
2834 8490
2389 8501
1950 8310
7011 8747
7290 5693
4984 4883
8477 8385
8522 7644
1457 2794
9000 4803
8770 4649
709 3281
1377 7913
7361 3358
8560 3487
8270 2016
7904 6718
8545 4783
5671 5446
6233 5523
5824 257
1724 1704
6191 6138
2310 281
6971 2674
5397 3510
7344 7312
1065 4896
2227 8466
5250 3994
8196 3457
3333 4
1878 1194
2379 105
299 5301
4614 8877
4338 6335
1863 5002
6950 562
3052 774
7888 7509
3945 1178
8738 242
6049 4540
795 7257
7971 8656
1656 4557
2831 1449
4986 3550
8174 1347
53 2048
7468 4659
2190 7066
4249 4779
3215 4226
2145 6121
2779 4180
8099 8671
5213 1986
2165 3296
2617 6436
4129 8304
5595 1931
7401 6510
8927 5697
5330 8077
4042 3699
1026 5520
6583 1312
4706 1835
4299 7130
829 1850
5152 6698
377 1490
3417 8408
7685 6028
5456 1559
1705 169
7284 1120
3016 7616
2770 7088
180 1548
6725 5225
8085 4573
8718 5004
5488 2140
5181 6069
8328 584
5318 1380
1086 2937
374 3098
4341 8734
8807 2105
7739 7753
463 1697
650 9006
4022 6345
6445 3824
6221 91
5180 6980
6407 3797
4361 710
203 5417
722 4377
1511 4835
1386 418
7770 6632
6871 8006
7263 2431
7016 1789
2072 4572
4582 848
3979 8429
7857 2
7444 6836
7072 6315
5284 8483
8176 809
3222 2041
6695 8339
2226 893
2127 2799
6838 1738
5113 7407
3647 3996
5837 3980
7405 3860
2029 3377
6947 7885
5098 4406
2156 5110
3731 2112
102 1472
3705 3685
3078 6899
2991 3557
7969 7108
775 8768
352 5681
1047 1887
4395 8147
2786 4594
3165 7149
7607 4641
459 4136
2161 8261
8626 6088
5209 521
8649 5186
8490 3640
8501 8004
8310 8433
8747 461
5693 1576
4883 4463
8385 729
7644 5427
2794 3219
4803 3644
4649 6733
3281 4818
7913 6256
3358 810
3487 8740
2016 2898
6718 3224
4783 4386
5446 2516
5523 4343
257 2078
1704 7612
6138 1712
281 6704
2674 8029
3510 6127
7312 1249
4896 520
8466 4492
3994 5080
3457 4021
4 1920
1194 1545
105 8767
5301 486
8877 1794
6335 1923
5002 4070
562 544
774 2138
7509 3700
1178 4460
242 3385
4540 6150
7257 7748
8656 2548
4557 6251
1449 5008
3550 2905
1347 4584
2048 3310
4659 7446
7066 5641
4779 6866
4226 5447
6121 860
4180 3605
8671 3237
1986 3083
3296 8800
6436 808
8304 3167
1931 8661
6510 3658
5697 3123
8077 3623
3699 5689
5520 1792
1312 1171
1835 5881
7130 3293
1850 3250
6698 5954
1490 5867
8408 8922
6028 5117
1559 7725
169 304
1120 5272
7616 6739
7088 1777
1548 6527
5225 416
4573 4304
5004 1405
2140 5723
6069 8172
584 2743
1380 2741
2937 1928
3098 8934
8734 3027
2105 3908
7753 3460
1697 8389
9006 2593
6345 3425
3824 2829
91 5971
6980 3963
3797 4976
710 8090
5417 6753
4377 2434
4835 3756
418 5291
6632 379
8006 4086
2431 6071
1789 3433
4572 8051
848 6990
8429 918
2 7781
6836 1438
6315 6705
8483 176
809 7984
2041 1417
8339 4372
893 3562
2799 5276
1738 4273
7407 8970
3996 5120
3980 4227
3860 319
3377 1466
7885 1282
4406 701
5110 3034
2112 1190
1472 2627
3685 2569
6899 4756
3557 6735
7108 6356
8768 7020
5681 3666
1887 6277
8147 2997
4594 6369
7149 5484
4641 7625
4136 4025
8261 979
6088 3359
521 3830
5186 6804
3640 8438
8004 4668
8433 420
461 4953
1576 2865
4463 4467
729 4801
5427 47
3219 3887
3644 6084
6733 4107
4818 8587
6256 8117
810 6828
8740 3956
2898 6989
3224 7507
4386 807
2516 621
4343 7185
2078 6360
7612 6226
1712 5082
6704 7024
8029 636
6127 6123
1249 2631
520 6650
4492 8495
5080 2178
4021 4604
1920 7528
1545 1238
8767 4656
486 6504
1794 8915
1923 6238
4070 6729
544 1082
2138 1913
3700 2182
4460 1403
3385 5440
6150 4494
7748 5847
2548 344
6251 133
5008 7084
2905 6353
4584 3104
3310 8612
7446 3192
5641 437
6866 2200
5447 3392
860 961
3605 6412
3237 8122
3083 3555
8800 2020
808 947
3167 8755
8661 6754
3658 8505
3123 6532
3623 2578
5689 3182
1792 3001
1171 8715
5881 1078
3293 8254
3250 6970
5954 6171
5867 1790
8922 5252
5117 8532
7725 2164
304 6401
5272 145
6739 6174
1777 271
6527 3086
416 3866
4304 2553
1405 6210
5723 3674
8172 6656
2743 8470
2741 5927
1928 3997
8934 8633
3027 1465
3908 143
3460 673
8389 4871
2593 1333
3425 1546
2829 5868
5971 7228
3963 1874
4976 2907
8090 8562
6753 5112
2434 8357
3756 836
5291 6976
379 5720
4086 6555
6071 2065
3433 3986
8051 5256
6990 3144
918 5894
7781 7782
1438 1870
6705 1141
176 6080
7984 4921
1417 3097
4372 7911
3562 6278
5276 4574
4273 4431
8970 1484
5120 3760
4227 196
319 4730
1466 981
1282 8231
701 7680
3034 8872
1190 6147
2627 6275
2569 7209
4756 5878
6735 4194
6356 4183
7020 6379
3666 6499
6277 122
2997 7520
6369 4168
5484 4055
7625 6311
4025 4901
979 1690
3359 5568
3830 7703
6804 7021
8438 8553
4668 5137
420 1619
4953 1907
2865 4944
4467 6113
4801 8977
47 5691
3887 8191
6084 1766
4107 9
8587 536
8117 2897
6828 4038
3956 1960
6989 2822
7507 827
807 6260
621 2367
7185 4793
6360 1761
6226 7899
5082 2609
7024 5030
636 8149
6123 5151
2631 2588
6650 5559
8495 1927
2178 4088
4604 2744
7528 6925
1238 8256
4656 2693
6504 3387
8915 8074
6238 6218
6729 6911
1082 3668
1913 3030
2182 3299
1403 1481
5440 6183
4494 233
5847 2150
344 4806
133 6143
7084 2766
6353 1263
3104 5759
8612 4009
3192 5460
437 4681
2200 725
3392 5227
961 6477
6412 3408
8122 1763
3555 8114
2020 6574
947 2926
8755 1919
6754 3854
8505 937
6532 276
2578 6623
3182 8728
3001 6890
8715 8209
1078 4351
8254 3494
6970 7144
6171 2918
1790 8576
5252 4736
8532 7761
2164 5009
6401 5973
145 8242
6174 6983
271 610
3086 8048
3866 986
2553 7110
6210 4797
3674 7287
6656 1331
8470 121
5927 6878
3997 6323
8633 6034
1465 8716
143 5305
673 7571
4871 1775
1333 6103
1546 2019
5868 2658
7228 1294
1874 4438
2907 2394
8562 6673
5112 1366
8357 4133
836 1649
6976 2551
5720 7623
6555 2405
2065 1820
3986 5355
5256 3341
3144 77
5894 11
7782 4048
1870 6402
1141 965
6080 8102
4921 3159
3097 3101
7911 1952
6278 5962
4574 7426
4431 5664
1484 3585
3760 5835
196 5540
4730 6457
981 7756
8231 2004
7680 3121
8872 5490
6147 8897
6275 1093
7209 7807
5878 2350
4194 5565
4183 8407
6379 2332
6499 8972
122 4766
7520 7052
4168 10
4055 8969
6311 3933
4901 1903
1690 2007
5568 5436
7703 1671
7021 4340
8553 5099
5137 1713
1619 321
1907 5506
4944 2873
6113 7202
8977 2208
5691 1332
8191 3714
1766 4488
9 2592
536 2275
2897 6429
4038 8396
1960 517
2822 1645
827 208
6260 7516
2367 5251
4793 2527
1761 7718
7899 4389
2609 7440
5030 8745
8149 4448
5151 8698
2588 916
5559 721
1927 457
4088 1562
2744 6820
6925 7776
8256 7434
2693 7484
3387 8900
8074 290
6218 7746
6911 8378
3668 2044
3030 7924
3299 8413
1481 5513
6183 3932
233 6580
2150 5066
4806 557
6143 3935
2766 4242
1263 7399
5759 6096
4009 4394
5460 1462
4681 6916
725 6215
5227 174
6477 4369
3408 7762
1763 4190
8114 5275
6574 5710
2926 7792
1919 6108
3854 6791
937 8748
276 1283
6623 2220
8728 21
6890 5721
8209 5888
4351 8499
3494 8940
7144 6643
2918 6771
8576 3282
4736 2053
7761 2671
5009 5767
5973 8741
8242 6783
6983 972
610 5651
8048 8511
986 1596
7110 8630
4797 5500
7287 3716
1331 5304
121 4192
6878 6166
6323 4337
6034 8759
8716 2667
5305 298
7571 4531
1775 7676
6103 8046
2019 2819
2658 4854
1294 4788
4438 1771
2394 2021
6673 5207
1366 547
4133 753
1649 6817
2551 6613
7623 3470
2405 29
1820 8415
5355 6313
3341 5502
77 840
11 8215
4048 3439
6402 4658
965 1290
8102 7860
3159 4015
3101 5606
1952 6423
5962 350
7426 3177
5664 2647
3585 6195
5835 614
5540 1295
6457 6987
7756 1793
2004 3929
3121 3430
5490 5455
8897 5473
1093 574
7807 6467
2350 4112
5565 2761
8407 8993
2332 1722
8972 8816
4766 711
7052 5616
10 7579
8969 14
3933 6066
1903 5560
2007 4127
5436 326
1671 4297
4340 6023
5099 1454
1713 4770
321 8329
5506 2913
2873 3543
7202 1434
2208 2191
1332 8487
3714 2610
4488 2442
2592 6611
2275 5892
6429 5056
8396 6404
517 7391
1645 1159
208 7667
7516 613
5251 1223
2527 3364
7718 2876
4389 8650
7440 5033
8745 7341
4448 6810
8698 3010
916 2229
721 51
457 1229
1562 5584
6820 1808
7776 1221
7434 3269
7484 490
8900 1595
290 3438
7746 5182
8378 8685
2044 2784
7924 970
8413 4278
5513 1842
3932 8020
6580 8391
5066 8624
557 6933
3935 1993
4242 6347
7399 373
6096 2733
4394 481
1462 3628
6916 8179
6215 8109
174 3185
4369 1634
7762 800
4190 4267
5275 376
5710 411
7792 7332
6108 5701
6791 6631
8748 1711
1283 6031
2220 7378
21 7779
5721 7628
5888 713
8499 2620
8940 455
6643 7262
6771 6484
3282 6868
2053 4154
2671 564
5767 2869
8741 5194
6783 5749
972 7605
5651 2154
8511 7907
1596 5722
8630 8921
5500 7146
3716 4305
5304 7733
4192 4363
6166 5809
4337 2290
8759 4725
2667 3927
298 6576
4531 5065
7676 6833
8046 7054
2819 183
4854 109
4788 3234
1771 5903
2021 3462
5207 1105
547 7826
753 3680
6817 3325
6613 7639
3470 8976
29 7988
8415 2162
6313 1009
5502 3958
840 2970
8215 5034
3439 8852
4658 7558
1290 7174
7860 2237
4015 1257
5606 7502
6423 6303
350 5419
3177 5132
2647 2155
6195 6284
614 1170
1295 2284
6987 2973
1793 2862
3929 1603
3430 7489
5455 7075
5473 7934
574 3311
6467 6152
4112 8404
2761 8262
8993 756
1722 4653
8816 3821
711 5125
5616 6843
7579 5599
14 3109
6066 6216
5560 428
4127 5140
326 8356
4297 1133
6023 1517
1454 1165
4770 3048
8329 7609
2913 8980
3543 1742
1434 7031
2191 342
8487 7780
2610 4279
2442 7692
6611 1412
5892 8761
5056 8537
6404 5908
7391 3348
1159 6114
7667 6552
613 2351
1223 7773
3364 43
2876 2791
8650 4103
5033 8529
7341 4219
6810 1324
3010 7435
2229 5239
51 2415
1229 5462
5584 8374
1808 426
1221 5842
3269 5167
490 7897
1595 7791
3438 5416
5182 8003
8685 8659
2784 5748
970 3475
4278 7279
1842 6525
8020 5077
8391 4102
8624 7220
6933 1626
1993 7901
6347 7987
373 3752
2733 6434
481 3534
3628 4664
8179 1429
8109 5005
3185 7711
1634 1050
800 717
4267 2139
376 7850
411 5947
7332 6892
5701 5306
6631 6289
1711 2957
6031 7640
7378 7673
7779 7244
7628 1643
713 4527
2620 6701
455 6812
7262 7058
6484 7439
6868 4012
4154 5148
564 3258
2869 6760
5194 8422
5749 2259
7605 40
2154 8160
7907 6026
5722 4415
8921 2124
7146 7678
4305 5214
7733 6790
4363 8862
5809 3492
2290 5705
4725 1504
3927 6610
6576 3498
5065 3110
6833 2263
7054 2499
183 8418
109 1970
3234 4829
5903 8836
3462 7243
1105 551
7826 7261
3680 1108
3325 8226
7639 3560
8976 5257
7988 3452
2162 8409
1009 7861
3958 4519
2970 7709
5034 6021
8852 9013
7558 8238
7174 1764
2237 447
1257 3074
7502 3551
6303 1886
5419 7663
5132 8457
2155 7698
6284 2966
1170 8523
2284 3972
2973 1871
2862 4350
1603 2604
7489 8635
7075 2076
7934 510
3311 2152
6152 3139
8404 5937
8262 6700
756 2279
4653 7473
3821 2730
5125 5925
6843 1453
5599 3518
3109 5041
6216 5322
428 1208
5140 5566
8356 3520
1133 6915
1517 1402
1165 7645
3048 1693
7609 8609
8980 7754
1742 236
7031 1806
342 1991
7780 6906
4279 1342
7692 7206
1412 5516
8761 891
8537 1830
5908 2144
3348 475
6114 2830
6552 4383
2351 3344
7773 6956
43 2955
2791 4159
4103 5865
8529 2801
4219 8856
1324 2369
7435 3270
5239 5885
2415 5774
5462 8584
8374 7101
426 4143
5842 3044
5167 1216
7897 7026
7791 6954
5416 6340
8003 7239
8659 7241
5748 7977
3475 1740
7279 4125
6525 8280
5077 4191
4102 3712
7220 8668
1626 3852
7901 1934
7987 3092
3752 7270
6434 3232
3534 4110
4664 6772
1429 2309
5005 8629
7711 8540
1050 3132
717 2983
2139 4947
7850 1659
5947 7920
6892 368
5306 6036
6289 5494
2957 3571
7640 7965
7673 3809
7244 6668
1643 2291
4527 4547
6701 4384
6812 215
7058 1544
7439 6307
4012 3991
5148 7657
3258 6853
6760 1321
8422 4731
2259 2583
40 6600
8160 3209
6026 2080
4415 4151
2124 4839
7678 5499
5214 5673
6790 3508
8862 8822
3492 7769
5705 1224
1504 3984
6610 5933
3498 1189
3110 5294
2263 3254
2499 513
8418 7008
1970 7300
4829 4539
8836 4935
7243 1698
551 572
7261 8320
1108 5991
8226 5621
3560 5974
5257 2417
3452 1308
8409 4583
7861 5248
4519 7596
7709 1362
6021 8911
9013 2221
8238 3975
1764 817
447 5357
3074 6038
3551 8907
1886 32
7663 7349
8457 8106
7698 3642
2966 4744
8523 514
3972 3195
1871 2057
4350 6120
2604 7948
8635 6512
2076 2543
510 7191
2152 8410
3139 4208
5937 4566
6700 3573
2279 2591
7473 6243
2730 3648
5925 765
1453 6740
3518 6877
5041 425
5322 7155
1208 4866
5566 1925
3520 8602
6915 6794
1402 7595
7645 4734
1693 6452
8609 6479
7754 5910
236 2605
1806 3149
1991 2408
6906 1400
1342 5057
7206 7611
5516 3169
891 3043
1830 2709
2144 1998
475 7923
2830 8642
4383 1974
3344 5904
6956 5758
2955 7286
4159 7411
5865 3478
2801 2324
8856 7483
2369 8250
3270 1215
5885 6271
5774 6577
8584 7321
7101 4635
4143 7240
3044 6571
1216 6105
7026 7232
6954 3386
6340 1710
7239 7840
7241 5205
7977 5327
1740 4528
4125 6137
8280 8622
4191 8373
3712 3744
8668 698
3852 4321
1934 7956
3092 7099
7270 3568
3232 2454
4110 3335
6772 4412
2309 1445
8629 3061
8540 7357
3132 2281
2983 7481
4947 5846
1659 5161
7920 6832
368 8248
6036 7091
5494 2180
3571 5780
7965 8777
3809 1423
6668 8435
2291 5061
4547 2146
4384 4119
215 3340
1544 3118
6307 4037
3991 7630
7657 7732
6853 7250
1321 4606
4731 708
2583 4071
6600 284
3209 3998
2080 6362
4151 177
4839 3459
5499 4462
5673 3822
3508 1590
8822 8876
7769 3594
1224 4542
3984 6169
5933 6202
1189 2336
5294 4178
3254 7701
513 226
7008 5731
7300 7184
4539 1957
4935 6965
1698 5302
572 8515
8320 5255
5991 5426
5621 2951
5974 1070
2417 7947
1308 6458
4583 3064
5248 5948
7596 1946
1362 6157
8911 7760
2221 2884
3975 4382
817 7652
5357 6847
6038 1211
8907 4115
32 6065
7349 4675
8106 8615
3642 232
4744 7034
514 2846
3195 6072
2057 3403
6120 3579
7948 8195
6512 237
2543 7442
7191 8152
8410 1617
4208 2875
4566 5943
3573 4290
2591 1944
6243 4763
3648 5515
765 3629
6740 7641
6877 3085
425 7705
7155 2912
4866 7508
1925 723
8602 6239
6794 8860
7595 8066
4734 8765
6452 1972
6479 24
5910 1197
2605 5464
3149 6941
2408 3176
1400 7398
5057 8639
7611 8271
3169 3291
3043 1419
2709 663
1998 5232
7923 7986
8642 8962
1974 4712
5904 2981
5758 1624
7286 3747
7411 1926
3478 2253
2324 3350
7483 901
8250 3678
1215 3592
6271 5557
6577 4832
7321 263
4635 9003
7240 6634
6571 8128
6105 8744
7232 5993
3386 794
1710 4789
7840 4821
5205 3008
5327 3677
4528 3345
6137 6904
8622 2653
8373 5524
3744 8255
698 2322
4321 518
7956 3660
7099 4481
3568 2059
2454 2107
3335 3376
4412 616
1445 3501
3061 578
7357 6900
2281 6225
7481 6349
5846 5309
5161 6554
6832 5875
8248 4243
7091 1107
2180 4863
5780 6008
8777 3687
1423 4075
8435 6581
5061 7953
2146 8951
4119 7421
3340 3719
3118 8015
4037 3741
7630 6118
7732 6029
7250 6430
4606 8303
708 5428
4071 6767
284 2117
3998 4450
6362 1169
177 4387
3459 270
4462 5021
3822 8933
1590 4920
8876 8464
3594 2444
4542 3193
6169 6932
6202 5429
2336 4019
4178 3343
7701 899
226 3346
5731 7619
7184 7952
1957 5934
6965 4927
5302 8783
8515 6834
5255 5547
5426 7633
2951 2790
1070 7177
7947 2204
6458 8424
3064 5761
5948 8119
1946 7090
6157 4490
7760 8520
2884 1132
4382 5617
7652 2606
6847 1743
1211 5539
4115 8982
6065 7068
4675 6768
8615 3380
232 2406
7034 4131
2846 4627
6072 4645
3403 1985
3579 5268
8195 325
237 5793
7442 8617
8152 1491
1617 3967
2875 5984
5943 4990
4290 7970
1944 4293
4763 3476
5515 6146
3629 6763
7641 3241
3085 5351
7705 6109
2912 3915
7508 1418
723 4750
6239 8583
8860 8815
8066 4535
8765 6570
1972 3080
24 8016
1197 7688
5464 4416
6941 7794
3176 6250
7398 6829
8639 7420
8271 7650
3291 4148
1419 5166
663 7437
5232 4773
7986 4298
8962 8964
4712 6189
2981 7983
1624 4245
3747 1770
1926 2280
2253 6199
3350 2665
901 2517
3678 3020
3592 3477
5557 5588
4832 1848
263 1091
9003 5841
6634 2334
8128 1179
8744 1891
5993 2890
794 6737
4789 5467
4821 202
3008 5803
3677 7114
3345 4709
6904 7214
2653 7464
5524 4808
8255 7580
2322 4702
518 8038
3660 2971
4481 4043
2059 3015
2107 6368
3376 4691
616 3289
3501 357
578 2675
6900 2470
6225 3363
6349 1518
5309 5889
6554 1072
5875 1296
4243 7171
1107 310
4863 7089
6008 4355
3687 3465
4075 5508
6581 4679
7953 3765
8951 2638
7421 7958
3719 6893
8015 8796
3741 5457
6118 1534
6029 3471
6430 7930
8303 4459
5428 4376
6767 7968
2117 6408
4450 3060
1169 5551
4387 2523
270 7834
5021 141
8933 8574
4920 7521
8464 5382
2444 58
3193 3637
6932 142
5429 6662
4019 2064
3343 524
899 340
3346 2789
7619 1894
7952 3272
5934 7503
4927 8965
8783 867
6834 8567
5547 26
7633 2522
2790 6437
7177 4262
2204 8857
8424 751
5761 4359
8119 3724
7090 1458
4490 8412
8520 3106
1132 5387
5617 4912
2606 2481
1743 6977
5539 2537
8982 3850
7068 5439
6768 7170
3380 3926
2406 6609
4131 6456
4627 8918
4645 8870
1985 802
5268 283
325 7142
5793 387
8617 6644
1491 3879
3967 6548
5984 5949
4990 280
7970 8586
4293 4776
3476 7176
6146 5124
6763 660
3241 2661
5351 3265
6109 8253
3915 8430
1418 7453
4750 931
8583 1670
8815 7406
4535 2695
6570 8204
3080 4224
8016 1253
7688 793
4416 6824
7794 2525
6250 1831
6829 4713
7420 7353
7650 3748
4148 5247
5166 218
7437 706
4773 550
4298 7544
8964 5394
6189 2409
7983 8614
4245 7543
1770 3535
2280 6332
6199 8710
2665 4330
2517 6022
3020 530
3477 5084
5588 8552
1848 7324
1091 7477
5841 8354
2334 1967
1179 2857
1891 2167
2890 1582
6737 4546
5467 316
202 4850
5803 2294
7114 1106
4709 5321
7214 8954
7464 6139
4808 6093
7580 7267
4702 6961
8038 398
2971 3125
4043 4979
3015 358
6368 2189
4691 5556
3289 5541
357 4471
2675 1979
2470 7460
3363 4928
1518 384
5889 6033
1072 5713
1296 3701
7171 2246
310 4838
7089 1146
4355 6426
3465 958
5508 3792
4679 323
3765 410
2638 561
7958 8703
6893 6364
8796 865
5457 3051
1534 8929
3471 6009
7930 5553
4459 8067
4376 3196
7968 2977
6408 5441
3060 3959
5551 2979
2523 8957
7834 8508
141 4757
8574 3820
7521 2338
5382 1523
58 382
3637 638
142 240
6662 54
2064 7451
524 3580
340 8812
2789 1531
1894 3062
3272 1574
7503 6217
8965 146
867 3133
8567 2385
26 4988
2522 8151
6437 4880
4262 4218
8857 3917
751 6565
4359 8824
3724 8905
1458 5069
8412 4170
3106 2809
5387 7912
4912 3988
2481 5716
6977 5792
2537 4333
3850 356
5439 1896
7170 3971
3926 519
6609 6888
6456 819
8918 6999
8870 491
802 4693
283 2519
7142 5614
387 8789
6644 5859
3879 3552
6548 5538
5949 5052
280 4169
8586 3782
4776 4453
7176 2768
5124 3326
660 3053
2661 2256
3265 4044
8253 4505
8430 5476
7453 4454
931 3075
1670 4157
7406 3481
2695 6208
8204 2106
4224 6446
1253 7946
793 3545
6824 7842
2525 470
1831 7138
4713 4231
7353 758
3748 1188
5247 5928
218 816
706 4665
550 209
7544 1956
5394 7642
2409 2710
8614 8681
7543 4079
3535 1057
6332 5996
8710 1068
4330 6721
6022 903
530 269
5084 5510
8552 3082
7324 7301
7477 2541
8354 8847
1967 4753
2857 5307
2167 5967
1582 6057
4546 7433
316 2833
4850 2037
2294 6840
1106 1810
5321 7231
8954 3390
6139 4013
6093 6884
7267 4464
6961 5150
398 5043
3125 7724
4979 1853
358 4271
2189 8556
5556 6882
5541 4802
4471 6266
1979 4465
7460 3910
4928 2438
384 5358
6033 2433
5713 5466
3701 749
2246 2808
4838 3914
1146 317
6426 647
958 5173
3792 6387
323 8853
410 1316
561 4593
8703 4939
6364 4246
865 2611
3051 6350
8929 8549
6009 5088
5553 1746
8067 3414
3196 559
2977 2888
5441 7648
3959 7475
2979 8236
8957 108
8508 821
4757 8
3820 4663
2338 8428
1523 7226
382 2012
638 813
240 5366
54 1158
7451 3243
3580 799
8812 1193
1531 3672
3062 4172
1574 5521
6217 300
146 8086
3133 1644
2385 3367
4988 230
8151 1441
4880 3855
4218 851
3917 7784
6565 6614
8824 1083
8905 6175
5069 5519
4170 4444
2809 7043
7912 529
3988 4240
5716 7545
5792 158
4333 2859
356 4473
1896 1427
3971 1962
519 5410
6888 2315
819 3257
6999 6219
491 5742
4693 962
2519 1613
5614 8742
8789 556
5859 7289
3552 1339
5538 3576
5052 1739
4169 7123
3782 649
4453 6811
2768 8778
3326 5592
3053 1843
2256 4878
4044 1715
4505 7959
5476 7774
4454 4609
3075 9016
4157 6396
3481 784
6208 2356
2106 6236
6446 2782
7946 28
3545 7569
7842 8454
470 5169
7138 7551
4231 8201
758 3489
1188 2694
5928 5050
816 978
4665 8268
209 4132
1956 1599
7642 85
2710 4999
8681 2192
4079 4807
1057 3737
5996 7106
1068 4996
6721 2793
903 3166
269 5368
5510 7116
3082 6921
7301 2619
2541 3619
8847 7981
4753 6187
5307 4809
5967 1744
6057 6476
7433 4995
2833 4027
2037 6227
6840 7105
1810 3948
7231 7618
3390 7546
4013 2099
6884 8034
4464 5254
5150 5023
5043 4923
7724 5955
1853 1689
4271 5168
8556 103
6882 841
4802 5187
6266 3817
4465 7617
3910 4114
2438 3885
5358 1809
2433 5685
5466 5054
749 1940
2808 6684
3914 8883
317 4348
647 2404
5173 2085
6387 7237
8853 3273
1316 6962
4593 5601
4939 3549
4246 5495
2611 1421
6350 3279
8549 359
5088 6011
1746 9020
3414 7573
559 699
2888 245
7648 8878
7475 68
8236 8386
108 4598
821 7280
8 8288
4663 4897
8428 7044
7226 5042
2012 1515
813 2197
5366 7742
1158 1164
3243 5383
799 2614
1193 8821
3672 6000
4172 8041
5521 2532
300 6010
8086 8999
1644 5329
3367 4764
230 5853
1441 8484
3855 5737
851 601
7784 3698
6614 4538
1083 8363
6175 2706
5519 2136
4444 2886
7043 7682
529 1336
4240 3681
7545 8627
158 2708
2859 643
4473 5337
1427 7125
1962 1234
5410 2984
2315 3214
3257 2641
6219 8465
5742 5183
962 5724
1613 4711
8742 4674
556 6141
7289 3391
1339 6586
3576 5648
1739 1352
7123 6247
649 7622
6811 6902
8778 8680
5592 7665
1843 2842
4878 3947
1715 8655
7959 8793
7774 6920
4609 1745
9016 6891
6396 4722
784 3398
2356 8131
6236 3639
2782 8175
28 8377
7569 1963
8454 8997
5169 3953
7551 2746
8201 5535
3489 503
2694 2909
5050 6497
978 4576
8268 3442
4132 7124
1599 1840
85 852
4999 3154
2192 8145
4807 1480
3737 8028
7106 1694
4996 172
2793 7012
3166 563
5368 1202
7116 5292
6921 1813
2619 7979
3619 2509
7981 2879
6187 3500
4809 2713
1744 7627
6476 6064
4995 3303
4027 7589
6227 5983
7105 6677
3948 1204
7618 4017
7546 6160
2099 268
8034 7922
5254 7221
5023 3669
4923 7989
5955 1397
1689 2947
5168 5605
103 365
841 8194
5187 5253
3817 1597
7617 7274
4114 8135
3885 825
1809 4536
5685 6265
5054 4228
1940 661
6684 2529
8883 4831
4348 5834
2404 4543
2085 7895
7237 4276
3273 2451
6962 689
5601 2031
3549 8854
5495 7817
1421 3164
3279 1755
359 6126
6011 2969
9020 5282
7573 4929
699 5437
245 4487
8878 6957
68 483
8386 2987
4598 6559
7280 364
8288 6588
4897 989
7044 7253
5042 3632
1515 5926
2197 5260
7742 104
1164 1719
5383 3781
2614 5677
8821 6039
6000 4884
8041 8696
2532 1723
6010 8091
8999 8440
5329 294
4764 5103
5853 4541
8484 7892
5737 887
601 831
3698 3210
4538 1137
8363 1299
2706 4830
2136 8322
2886 8611
7682 2654
1336 1049
3681 6246
8627 1549
2708 6386
643 2311
5337 1004
7125 8054
1234 994
2984 1330
3214 1155
2641 435
8465 6097
5183 2892
5724 4092
4711 7974
4674 7223
6141 1844
3391 4436
6586 4640
5648 7954
1352 4188
6247 759
7622 1918
6902 4799
8680 3745
7665 2881
2842 2995
3947 4590
8655 941
8793 5003
6920 2452
1745 8989
6891 139
4722 7815
3398 5155
8131 8494
3639 1314
8175 678
8377 6325
1963 4503
8997 5127
3953 7134
