18 550
Normal 0 4 17 42 11 15 18 2 19 20 5 6 46 28 3 36 2 8
Abnormal 93 59 74 76 62 63 66 67 66 76 87 86 81 74 93 100 55 63
Normal 37 19 44 3 30 22 35 11 18 15 39 26 11 13 23 20 49 46
Abnormal 78 64 68 58 76 100 88 92 54 87 96 59 57 72 60 91 68 71
Abnormal 52 51 64 85 56 78 72 75 92 61 62 60 79 71 93 91 98 86
Normal 24 43 4 4 19 17 48 26 6 4 32 37 5 23 33 16 21 18
Abnormal 98 86 69 64 94 100 63 73 81 70 78 67 96 62 97 64 85 93
Normal 9 46 26 45 19 33 26 35 35 8 44 5 14 48 6 7 34 38
Abnormal 67 83 91 84 83 81 80 90 73 66 97 75 88 84 54 61 90 63
Abnormal 57 68 64 58 64 55 75 84 97 97 93 69 80 83 98 83 91 89
Normal 41 31 37 14 31 40 11 34 31 9 5 24 46 40 26 7 46 28
Abnormal 87 82 55 70 54 76 83 59 79 57 73 64 51 52 70 71 64 60
Normal 46 15 1 13 18 40 28 27 17 21 26 15 4 31 45 16 3 29
Abnormal 100 66 69 57 58 76 82 92 76 95 79 65 55 99 90 87 52 86
Abnormal 91 74 55 66 84 82 56 81 70 84 97 57 57 59 53 74 65 94
Normal 18 42 31 47 46 26 16 23 48 7 21 46 34 5 39 40 46 4
Normal 14 40 16 40 11 44 23 2 38 4 13 17 14 43 0 46 30 5
Normal 10 22 24 9 23 25 8 34 32 6 29 32 9 17 38 12 46 22
Abnormal 72 85 86 70 85 55 86 60 77 94 65 84 89 84 59 99 53 96
Abnormal 86 99 95 90 80 86 79 67 94 68 85 68 79 58 80 90 54 60
Normal 43 23 3 22 28 21 13 12 12 42 19 5 15 13 18 38 3 44
Normal 49 42 20 10 45 42 31 25 34 16 18 32 33 22 20 14 30 48
Abnormal 92 64 77 59 89 71 83 53 65 81 64 86 85 85 99 81 64 76
Abnormal 81 62 80 55 67 64 88 92 54 53 63 71 57 74 65 57 61 61
Abnormal 63 54 64 81 67 78 60 66 71 98 100 81 60 85 94 53 61 70
Normal 3 17 49 17 2 0 8 16 48 20 23 41 49 35 11 41 5 49
Normal 35 16 23 34 11 45 40 47 32 12 16 18 6 3 8 45 15 22
Abnormal 66 95 94 68 65 85 62 84 97 66 93 58 73 58 80 97 63 77
Abnormal 75 76 59 70 100 81 59 68 94 51 54 60 91 90 71 65 72 58
Abnormal 56 71 74 93 94 72 77 75 74 58 72 65 56 53 65 92 88 56
Normal 10 15 14 13 39 31 35 20 31 32 47 12 31 0 33 46 30 0
Abnormal 75 78 91 53 95 99 87 58 98 65 81 80 70 59 80 58 60 83
Abnormal 73 57 67 69 73 88 77 91 91 52 77 95 73 100 71 75 99 72
Abnormal 67 75 69 67 81 99 65 51 77 55 98 73 85 61 60 57 86 51
Normal 6 8 32 37 14 7 34 9 17 10 45 45 8 20 44 9 42 1
Normal 35 32 36 30 8 41 14 45 46 26 13 4 2 8 27 27 25 35
Abnormal 81 56 60 67 85 86 62 90 60 94 63 90 55 61 90 70 99 66
Normal 36 15 44 20 1 49 29 11 36 27 28 14 11 5 42 43 1 29
Abnormal 69 75 81 91 64 97 94 53 64 63 70 63 100 83 67 61 54 84
Abnormal 55 93 66 54 90 65 84 58 98 86 52 57 79 73 78 99 72 53
Abnormal 90 73 82 79 96 61 81 81 89 60 84 96 53 77 94 85 83 51
Normal 6 0 7 10 9 27 28 23 38 23 5 31 26 10 26 2 15 34
Abnormal 63 77 69 99 79 57 59 81 62 62 65 92 64 69 80 73 73 74
Abnormal 61 62 88 64 67 97 52 89 78 84 91 59 55 100 66 63 57 100
Normal 31 32 39 30 20 1 16 17 7 22 2 24 11 23 36 27 22 49
Normal 9 48 35 29 16 40 37 27 49 45 25 44 41 39 6 26 13 4
Abnormal 92 54 93 79 75 56 74 61 54 80 66 83 95 70 87 86 78 95
Normal 34 24 10 28 23 14 49 3 7 36 25 14 38 32 44 23 29 6
Normal 37 23 41 16 21 33 25 30 15 21 17 18 47 35 46 2 44 26
Abnormal 86 67 81 58 78 89 62 59 91 94 69 90 72 97 80 81 63 93
Abnormal 70 62 64 58 61 100 66 78 92 69 75 77 77 83 58 51 78 64
Normal 41 47 33 49 31 9 45 34 9 28 28 46 26 41 3 4 49 15
Normal 47 14 13 22 39 29 2 5 11 18 37 13 19 23 36 26 27 40
Normal 23 8 46 20 46 44 2 25 40 45 46 16 43 14 28 46 13 41
Normal 31 46 39 38 24 14 49 17 48 16 9 3 18 29 10 30 1 43
Abnormal 58 56 77 57 82 93 58 59 99 89 93 61 100 57 94 77 87 68
Abnormal 70 96 92 61 57 84 60 66 94 95 51 60 96 81 66 66 84 63
Normal 0 15 15 32 28 22 30 48 47 38 8 16 24 7 5 18 30 46
Normal 9 38 21 40 31 7 13 30 45 17 27 18 16 20 47 48 49 3
Abnormal 60 65 58 80 59 83 77 85 73 55 80 100 77 51 80 72 63 69
Normal 11 32 46 47 46 8 2 0 6 2 40 46 24 29 43 6 4 28
Abnormal 13 92 71 62 89 55 86 81 51 67 96 84 90 80 62 95 93 90
Normal 34 31 31 45 5 43 47 11 1 44 25 19 26 47 2 29 29 2
Abnormal 52 80 71 97 94 72 57 86 93 69 90 78 79 93 63 51 93 75
Abnormal 57 73 66 89 89 81 93 86 91 78 87 71 57 90 69 51 91 61
Abnormal 91 60 59 63 94 86 70 84 52 88 97 79 83 78 100 91 90 93
Normal 48 3 27 45 44 0 8 41 40 16 27 5 23 9 23 38 22 16
Abnormal 92 59 73 74 70 51 68 96 79 72 63 78 69 83 90 68 82 58
Normal 36 17 43 25 31 22 4 26 21 22 21 22 48 0 39 27 15 10
Abnormal 76 72 89 63 53 61 74 81 57 98 90 65 55 59 95 71 69 99
Normal 21 15 5 32 28 8 45 41 25 18 18 32 36 32 38 7 4 36
Abnormal 54 64 86 58 77 56 59 77 62 93 58 70 98 56 68 91 66 67
Normal 33 47 4 32 46 16 22 25 49 8 39 26 26 26 42 7 47 11
Abnormal 57 93 95 89 62 70 52 96 70 57 92 99 60 69 94 68 72 92
Normal 17 27 49 15 31 19 19 45 15 6 6 2 23 44 27 3 23 25
Normal 37 18 40 43 19 22 5 44 35 30 12 34 16 31 18 39 22 16
Abnormal 67 96 62 51 51 86 69 57 61 62 56 64 53 59 94 60 89 51
Abnormal 61 91 80 55 88 61 57 81 80 95 76 51 53 66 68 67 53 53
Abnormal 62 91 67 63 70 52 64 81 87 76 70 75 82 68 82 72 54 100
Normal 48 14 11 22 10 23 6 17 42 16 36 43 32 2 34 38 13 4
Abnormal 70 93 70 92 53 57 86 61 91 72 61 89 82 56 78 88 58 81
Abnormal 60 92 90 83 97 60 79 96 83 92 94 66 51 73 83 51 91 85
Normal 13 15 3 4 39 4 1 17 46 15 21 41 17 32 8 38 41 5
Normal 2 8 44 19 0 42 24 43 9 21 5 23 31 7 36 21 44 25
Abnormal 66 58 66 77 79 51 78 57 55 86 74 72 77 88 81 53 95 90
Normal 22 30 27 6 3 35 4 41 18 26 17 0 31 38 43 8 0 42
Abnormal 100 34 60 71 68 74 55 77 66 63 81 54 66 68 73 68 66 83
Abnormal 94 81 87 95 64 53 77 69 83 52 76 68 71 94 51 92 92 92
Normal 42 6 9 3 31 1 44 32 26 29 4 45 13 15 17 49 38 10
Normal 36 20 14 11 47 13 10 42 26 13 8 49 5 15 47 40 26 23
Abnormal 100 68 79 81 51 64 84 81 70 84 98 60 65 54 57 93 95 60
Normal 3 10 23 38 16 23 40 10 28 9 18 12 13 12 43 5 13 38
Normal 14 36 1 26 10 44 1 15 44 36 39 14 21 37 25 12 32 44
Normal 5 35 23 7 1 36 18 42 36 36 20 48 6 10 10 32 47 13
Normal 40 19 47 19 8 6 35 13 38 8 14 31 21 12 2 31 18 3
Abnormal 86 98 68 100 79 71 53 73 100 83 73 91 86 63 91 83 54 84
Abnormal 76 60 87 76 70 75 90 51 88 59 93 94 51 82 53 74 97 61
Normal 48 24 8 13 10 13 31 3 32 17 0 16 28 30 8 42 17 18
Normal 23 2 40 30 18 47 48 49 8 2 13 29 46 6 31 31 18 40
Normal 39 7 14 41 38 22 49 40 47 3 26 4 18 16 1 24 19 38
Normal 33 19 35 26 34 33 48 43 44 15 16 8 2 30 17 45 33 25
Abnormal 94 68 93 77 90 94 73 69 63 80 86 86 88 100 66 90 73 53
Normal 47 20 17 34 45 13 38 12 32 46 30 25 17 27 1 35 42 43
Normal 21 8 26 47 39 7 37 29 44 3 30 20 28 22 34 35 7 9
Abnormal 86 60 79 54 97 72 55 86 53 75 55 63 62 91 51 62 66 76
Abnormal 82 64 68 67 77 65 54 79 84 86 52 65 88 53 56 94 58 76
Normal 8 12 45 16 45 4 20 27 7 35 5 27 6 47 3 19 37 13
Abnormal 67 57 68 69 84 99 84 90 55 67 78 64 81 100 70 51 76 66
Abnormal 67 95 96 86 84 84 72 92 91 80 94 73 62 88 55 73 65 63
Abnormal 93 64 64 82 52 82 87 81 68 70 86 93 75 90 99 83 82 97
Normal 29 23 18 40 7 27 47 5 15 43 17 35 30 24 11 1 31 44
Normal 12 3 34 12 10 35 8 13 26 26 26 44 41 7 29 14 10 12
Abnormal 52 74 58 75 95 72 89 86 93 87 55 95 95 74 93 58 70 54
Abnormal 80 79 61 78 66 85 66 67 98 54 98 58 81 98 60 56 79 59
Abnormal 78 76 83 98 95 100 99 57 100 68 65 52 53 59 69 66 83 77
Abnormal 61 94 75 77 79 57 80 59 84 86 94 85 58 71 86 73 63 72
Abnormal 56 98 64 89 63 82 95 60 94 97 58 54 82 92 100 92 98 55
Normal 10 35 8 17 20 1 16 7 14 47 22 2 24 21 49 34 3 13
Normal 22 1 28 33 26 12 19 21 14 10 12 11 46 48 12 9 40 32
Abnormal 59 52 70 68 88 65 75 51 91 65 100 64 82 78 68 68 96 83
Normal 2 2 36 25 23 14 30 35 33 22 15 18 35 34 6 21 33 35
Normal 12 25 24 39 45 20 22 34 36 19 22 16 37 1 2 16 35 9
Normal 41 14 0 22 4 20 25 24 36 4 18 9 38 21 22 47 44 28
Normal 6 16 9 0 26 27 28 45 3 30 46 6 78 35 46 23 1 16
Abnormal 91 57 88 81 64 88 70 97 74 52 51 90 79 73 55 63 79 79
Abnormal 77 73 92 90 65 75 84 73 70 92 56 98 54 83 63 90 70 85
Abnormal 78 90 60 86 91 100 98 89 55 54 54 77 92 73 60 53 59 79
Normal 24 5 5 5 32 15 49 7 42 41 29 36 24 42 13 7 8 15
Abnormal 90 71 90 71 52 54 71 59 59 87 100 87 71 82 81 81 80 92
Abnormal 71 92 81 67 85 51 64 96 58 76 80 82 82 51 61 73 89 89
Normal 45 45 15 11 47 47 14 2 27 43 10 9 12 8 20 24 44 23
Normal 1 45 10 12 24 19 49 46 45 38 33 36 19 25 14 36 2 23
Normal 18 35 31 4 43 4 14 18 39 25 13 13 24 10 19 23 28 49
Normal 36 44 11 38 23 31 13 32 16 15 42 17 39 0 12 0 3 21
Normal 38 38 33 4 20 19 8 28 17 32 39 22 1 27 23 6 1 2
Abnormal 60 63 61 79 54 70 71 89 65 97 55 70 73 100 88 58 78 60
Abnormal 100 100 94 61 58 94 75 60 69 70 64 67 97 79 99 78 78 90
Abnormal 81 62 59 63 56 84 89 98 64 97 68 86 63 63 100 94 84 68
Abnormal 56 93 80 84 83 89 86 99 85 96 81 58 79 78 63 70 71 58
Normal 43 29 21 23 28 48 26 5 30 23 37 10 24 47 40 48 37 30
Normal 9 4 49 3 43 45 3 0 30 26 18 48 12 36 7 36 30 37
Normal 39 34 36 34 14 38 44 29 13 15 47 6 12 42 11 12 40 16
Abnormal 56 100 51 63 96 83 56 69 56 74 79 90 73 61 66 85 79 74
Abnormal 51 53 72 72 64 84 66 68 73 65 60 51 53 53 76 64 60 97
Abnormal 78 91 94 63 83 66 88 58 99 84 61 73 78 91 69 92 84 64
Abnormal 63 62 77 90 83 52 79 75 67 64 83 96 52 76 51 69 52 78
Normal 9 8 9 15 15 6 36 38 28 12 46 18 33 36 1 19 18 25
Abnormal 70 58 87 100 80 70 72 67 67 99 58 91 63 72 52 71 63 80
Normal 36 22 5 40 36 14 10 26 21 31 21 13 33 10 18 45 43 15
Abnormal 51 75 71 79 94 56 86 52 95 71 87 78 61 61 72 63 85 91
Normal 20 4 37 20 23 29 36 7 25 9 1 14 38 38 10 24 17 17
Normal 19 29 43 39 28 47 33 43 25 11 16 25 7 14 8 15 13 22
Abnormal 78 75 66 67 59 99 78 56 64 58 95 70 77 60 87 81 96 81
Normal 47 28 23 9 47 29 1 25 29 19 5 14 7 11 16 3 7 40
Normal 38 39 22 38 40 48 20 13 13 22 47 37 16 13 18 33 45 38
Normal 34 33 45 45 39 14 38 31 27 22 23 43 5 1 49 30 44 24
Normal 15 43 33 17 3 16 5 24 30 5 0 37 13 47 36 2 5 11
Normal 43 45 44 49 4 49 11 33 47 33 3 46 26 19 10 4 7 7
Abnormal 92 63 85 90 83 65 92 83 67 78 57 85 95 62 69 85 84 89
Normal 34 32 32 21 6 23 27 0 9 10 10 28 38 41 43 45 16 1
Abnormal 73 66 74 80 94 86 72 55 98 56 78 59 51 70 60 93 77 72
Normal 38 10 30 41 34 30 22 19 32 42 31 14 36 17 45 9 3 42
Normal 14 46 15 32 17 45 29 31 44 19 10 32 44 49 15 29 20 2
Normal 11 13 17 49 7 7 40 38 41 43 27 13 18 28 0 17 36 12
Abnormal 68 83 81 78 79 68 97 100 65 79 54 67 61 51 83 51 63 74
Abnormal 74 86 99 65 53 62 91 65 51 83 77 51 69 63 93 54 93 57
Normal 17 41 25 32 47 27 37 39 15 20 29 49 35 3 13 6 12 26
Normal 40 7 45 16 10 19 47 5 36 39 47 29 5 32 37 38 28 23
Normal 45 22 35 19 29 49 37 11 23 37 17 27 37 38 23 30 16 13
Normal 11 18 43 35 39 12 13 5 39 37 19 31 19 2 11 12 6 34
Abnormal 80 81 68 89 96 84 80 76 59 83 51 56 70 53 68 97 59 89
Normal 49 10 13 36 34 46 26 13 25 13 33 22 26 49 40 49 46 41
Abnormal 80 74 75 81 87 71 68 95 97 98 64 100 73 69 67 62 60 71
Abnormal 74 81 90 70 61 75 52 62 94 88 79 63 57 61 98 63 93 84
Normal 16 46 38 7 28 43 11 17 27 36 0 4 10 40 17 23 40 11
Normal 25 44 44 23 30 47 35 28 9 43 6 13 47 46 41 23 15 23
Abnormal 85 91 73 84 66 83 55 76 92 67 61 91 99 81 90 78 61 73
Normal 26 30 42 22 18 17 26 32 9 7 37 15 31 49 2 34 2 4
Abnormal 68 63 52 85 64 73 84 72 90 95 51 53 62 65 54 81 72 58
Normal 31 20 25 5 5 44 22 29 24 0 43 8 16 26 2 6 28 36
Abnormal 52 81 53 83 73 93 62 90 83 90 59 84 93 81 76 79 59 82
Abnormal 51 68 86 99 96 75 53 80 78 97 96 80 68 73 95 91 87 57
Abnormal 56 59 55 86 98 73 62 56 79 85 52 74 93 87 86 94 56 94
Normal 38 48 48 10 49 43 44 27 43 33 44 15 39 8 42 20 32 18
Abnormal 89 93 87 74 79 77 79 100 81 73 91 62 52 77 66 70 61 54
Normal 17 46 11 24 8 30 48 23 44 23 30 44 49 38 17 33 36 43
Normal 39 19 14 43 38 37 10 29 8 27 2 30 18 7 5 5 43 24
Abnormal 98 99 72 74 62 64 98 60 84 97 81 85 75 90 85 66 68 85
Normal 34 48 20 31 2 34 31 25 4 24 9 17 9 11 34 20 49 10
Abnormal 83 67 88 82 67 53 53 54 54 68 92 80 64 75 78 88 78 80
Normal 44 33 18 43 22 15 21 41 30 48 27 24 25 21 13 33 15 21
Normal 19 7 13 5 12 23 46 29 1 43 30 46 0 11 11 1 39 46
Normal 17 40 45 1 26 35 24 47 49 15 8 31 28 15 45 8 43 48
Abnormal 59 84 72 91 97 81 70 71 80 68 100 61 71 51 51 80 74 78
Normal 32 21 42 27 0 1 24 21 12 19 40 46 38 47 42 6 20 8
Normal 41 49 34 49 29 9 19 2 7 48 17 18 9 29 15 21 8 41
Normal 35 0 36 23 45 27 24 12 33 42 4 31 31 16 23 10 14 27
Normal 42 24 15 40 28 44 11 26 35 8 27 5 20 24 30 7 33 47
Abnormal 62 80 91 74 67 55 96 52 92 55 73 88 53 76 90 91 71 63
Normal 3 47 29 15 19 4 3 42 11 14 23 27 2 32 32 12 44 10
Abnormal 88 95 92 84 66 98 88 75 53 57 57 100 76 93 86 88 54 91
Abnormal 93 67 77 78 69 58 52 85 89 81 70 78 74 99 98 54 68 75
Abnormal 88 65 66 85 82 98 79 69 79 69 51 81 58 76 53 53 62 66
Abnormal 71 95 66 87 55 61 90 81 72 85 61 61 92 57 93 51 67 68
Normal 39 6 45 22 36 41 30 29 19 6 15 29 18 13 1 17 2 33
Normal 7 39 9 6 38 36 18 14 4 44 47 25 32 0 19 29 25 7
Normal 46 7 34 14 1 12 10 16 6 35 46 47 1 37 40 20 1 10
Abnormal 60 69 94 75 100 56 99 70 82 93 88 87 66 54 64 54 92 78
Normal 18 22 6 27 1 47 14 38 16 30 35 31 3 47 49 28 20 11
Normal 25 27 38 31 16 34 1 22 25 0 48 41 7 29 29 26 12 41
Abnormal 88 68 65 75 53 80 71 85 64 53 68 98 56 64 70 91 57 83
Normal 11 10 32 32 46 25 27 46 18 25 31 25 7 20 41 20 40 41
Abnormal 75 93 68 51 72 96 86 99 69 86 95 95 73 87 95 69 71 70
Abnormal 51 60 98 88 68 66 95 70 80 60 92 100 79 62 68 74 57 55
Abnormal 97 96 67 83 79 57 85 70 61 96 85 99 95 66 96 96 74 97
Normal 26 35 18 16 45 2 40 6 34 33 38 100 0 47 49 33 30 10
Abnormal 94 83 90 64 78 53 69 99 90 64 58 92 85 91 60 96 70 100
Abnormal 88 80 63 64 99 83 53 91 98 87 78 68 69 100 90 60 67 100
Normal 32 22 39 47 36 47 40 20 36 47 42 20 36 47 25 43 18 17
Normal 3 40 10 34 3 10 44 32 33 32 25 46 42 23 16 31 12 22
Normal 28 16 2 44 46 42 45 2 17 39 7 33 6 11 34 44 37 17
Normal 35 18 31 3 48 33 30 29 7 23 9 39 1 20 3 16 49 45
Abnormal 98 51 61 64 66 88 95 73 85 53 79 75 57 56 73 64 68 55
Normal 48 29 46 23 25 35 25 43 39 39 27 14 39 10 31 49 14 49
Abnormal 77 54 67 83 97 74 71 59 96 61 83 86 69 52 79 86 81 51
Normal 16 6 45 12 9 3 17 21 32 18 5 47 8 36 43 42 34 21
Abnormal 76 95 96 91 59 57 55 84 76 83 57 86 88 87 67 80 95 78
Normal 25 3 16 28 3 37 45 1 44 39 3 0 17 29 31 44 37 20
Normal 20 28 8 44 15 33 14 39 13 14 30 1 12 19 34 25 7 12
Normal 45 37 41 37 3 14 36 29 9 23 5 32 43 0 8 40 46 8
Abnormal 52 61 100 99 98 51 75 100 74 90 59 52 92 100 67 98 75 51
Abnormal 81 72 83 78 98 86 83 97 85 90 96 57 98 73 84 71 76 61
Abnormal 88 73 91 76 79 95 66 64 76 96 69 83 62 59 97 93 90 75
Abnormal 93 79 87 61 84 68 96 62 88 63 83 60 67 52 70 60 73 61
Abnormal 72 93 67 87 89 74 85 58 93 62 94 90 85 100 56 98 84 55
Abnormal 72 52 90 51 83 94 61 77 54 84 84 95 60 87 65 97 73 85
Normal 4 49 26 18 45 49 16 5 48 40 16 0 9 44 6 21 9 22
Abnormal 91 54 63 99 71 84 92 84 63 64 71 68 98 98 88 60 64 67
Abnormal 97 95 80 54 80 64 59 71 74 93 82 88 71 60 62 93 91 74
Abnormal 98 79 52 55 88 82 66 94 54 82 65 73 58 87 99 57 97 69
Abnormal 94 55 82 54 51 71 84 62 57 100 85 59 82 68 98 73 76 97
Normal 46 44 12 8 20 35 3 11 27 30 49 7 28 9 25 3 7 3
Abnormal 98 75 55 99 89 67 56 97 63 96 95 11 62 55 77 99 77 53
Normal 27 42 11 10 8 8 15 26 19 13 38 49 48 41 47 3 32 32
Normal 32 13 42 8 21 28 29 17 39 44 22 32 12 17 14 16 14 46
Normal 34 15 36 18 47 3 25 8 8 34 20 44 4 4 3 49 29 14
Normal 9 7 16 44 49 5 7 39 10 6 14 45 5 49 25 18 20 2
Abnormal 93 64 60 64 73 67 56 1 89 56 97 99 97 53 62 51 74 81
Normal 44 40 33 33 10 41 27 13 21 12 46 12 35 8 22 1 4 22
Abnormal 89 87 66 67 91 53 82 83 76 93 93 71 62 65 68 67 96 90
Abnormal 91 76 87 62 51 90 61 78 77 89 67 90 99 97 76 65 57 69
Abnormal 75 90 54 54 65 68 57 81 57 84 61 61 51 100 63 81 66 94
Normal 29 6 17 21 1 42 42 1 38 43 49 20 10 16 30 26 44 38
Normal 32 14 34 25 34 7 9 10 5 12 8 6 36 39 31 11 21 1
Normal 45 3 40 47 17 39 26 15 31 42 39 33 32 35 35 34 39 43
Normal 9 24 20 49 9 10 44 22 11 27 49 2 32 27 44 43 16 16
Normal 38 6 20 31 10 10 22 36 15 3 29 49 24 17 19 10 15 48
Normal 28 10 20 30 10 31 23 33 22 4 7 34 16 33 39 17 8 20
Normal 3 45 27 24 19 11 8 16 48 42 25 36 3 46 4 11 46 21
Abnormal 53 97 75 88 82 98 91 71 71 72 61 64 98 98 100 95 97 97
Normal 43 44 4 22 35 0 29 14 29 30 30 22 42 16 27 8 18 10
Normal 37 21 29 5 10 38 25 7 31 30 24 21 7 15 40 36 46 38
Normal 22 10 48 23 1 13 24 20 29 4 39 23 5 36 46 42 16 32
Abnormal 75 70 77 72 75 91 67 68 61 93 96 51 81 58 52 64 98 63
Normal 40 7 23 34 28 32 2 25 28 39 40 1 24 27 35 6 45 2
Abnormal 81 55 96 65 66 51 83 73 90 92 87 63 82 90 52 97 85 76
Normal 36 31 14 44 47 18 31 23 18 21 31 24 3 15 39 16 28 33
Abnormal 67 94 65 94 79 97 86 72 52 73 56 84 73 56 60 74 67 71
Normal 3 29 41 40 13 35 43 30 3 19 14 20 24 31 8 46 49 40
Normal 37 7 3 44 18 44 4 34 1 43 47 17 1 10 22 44 35 42
Normal 24 13 1 31 13 12 16 0 28 33 19 44 30 28 34 17 8 18
Abnormal 83 75 55 82 54 63 97 72 73 86 88 65 97 51 86 52 67 91
Normal 22 16 33 42 2 44 44 14 24 9 13 36 33 34 0 26 10 12
Abnormal 71 63 75 91 100 74 84 99 77 92 60 79 88 72 68 70 93 93
Abnormal 56 89 85 55 85 95 86 74 66 90 69 99 71 96 74 60 72 96
Normal 18 16 31 38 34 0 22 9 15 39 36 25 29 38 29 30 14 49
Abnormal 52 98 100 99 76 89 99 83 52 62 63 95 87 73 65 79 68 98
Abnormal 93 78 96 66 90 66 56 77 98 87 59 74 85 53 75 59 52 66
Abnormal 67 76 99 78 81 96 75 77 62 90 58 86 90 95 79 76 86 57
Normal 17 47 1 14 11 13 30 32 24 38 17 26 30 47 6 39 32 20
Abnormal 69 79 80 97 80 96 97 84 59 52 51 94 80 69 85 65 66 90
Abnormal 91 51 84 93 80 91 86 51 80 98 52 64 65 75 52 92 66 69
Abnormal 65 88 77 70 93 77 80 85 99 93 82 65 77 60 84 61 84 92
Abnormal 58 52 55 91 65 97 59 99 76 85 85 63 76 88 82 83 91 54
Abnormal 65 90 81 65 70 75 55 77 94 53 79 91 92 66 97 75 59 24
Normal 27 7 35 10 10 21 42 10 33 39 1 36 24 22 0 6 47 14
Normal 23 41 23 38 35 5 48 11 30 1 20 0 13 32 19 20 33 8
Abnormal 72 52 88 90 60 79 71 66 88 64 97 98 78 56 64 55 65 67
Normal 22 3 23 8 10 34 8 48 29 2 23 3 12 1 9 2 31 44
Normal 2 29 33 44 41 38 4 26 17 21 30 6 27 43 28 3 14 40
Normal 30 17 15 20 46 36 37 24 23 41 35 45 21 1 9 38 24 45
Abnormal 89 65 52 54 61 75 60 53 68 67 94 77 92 54 88 57 91 84
Normal 27 5 4 12 43 4 24 29 9 37 1 35 21 14 0 11 17 24
Normal 12 14 40 35 22 47 37 4 23 11 2 32 48 45 34 45 47 10
Normal 45 33 44 37 42 23 32 32 48 21 25 29 43 27 26 15 8 44
Normal 35 31 26 5 47 39 21 27 11 9 11 37 43 8 28 10 18 15
Abnormal 89 96 89 53 88 80 99 77 71 69 64 51 88 65 74 85 67 77
Normal 35 8 49 35 44 30 29 11 0 45 3 47 49 36 29 37 2 1
Normal 16 18 15 6 47 39 23 23 32 18 34 17 29 17 33 4 26 1
Abnormal 83 65 57 92 85 56 82 87 76 58 99 89 97 51 98 97 57 70
Normal 40 30 27 29 27 42 27 10 48 0 24 17 25 17 20 36 22 7
Abnormal 63 70 92 71 69 77 57 68 99 80 95 55 84 99 76 80 92 82
Normal 47 17 31 12 16 48 6 48 4 13 8 39 34 33 11 8 36 37
Normal 26 21 20 42 19 27 47 8 15 13 26 12 15 31 36 18 12 39
Abnormal 53 84 81 70 57 60 69 61 76 92 97 79 86 59 51 87 64 90
Normal 36 1 1 33 20 15 23 22 12 13 2 42 24 41 11 45 32 2
Normal 33 39 12 11 32 21 48 47 31 1 13 27 40 49 24 11 7 4
Abnormal 98 69 62 60 53 62 98 81 91 92 61 74 63 96 91 73 87 83
Normal 32 36 7 40 9 48 22 17 14 17 18 19 11 1 36 23 3 17
Abnormal 62 72 99 97 86 82 52 74 94 69 98 90 60 60 58 87 83 73
Normal 12 35 14 30 14 29 20 15 9 37 29 23 29 42 10 19 1 46
Normal 16 4 27 21 19 24 16 28 39 33 18 19 6 29 34 8 3 11
Normal 11 24 6 31 38 28 9 7 40 28 49 49 5 28 48 27 31 7
Normal 48 21 12 38 20 49 0 44 18 7 48 21 36 38 11 9 0 6
Abnormal 63 77 89 62 87 78 64 69 87 94 52 69 79 72 59 68 17 81
Normal 26 32 3 25 49 16 38 15 6 44 16 37 39 23 46 14 39 21
Abnormal 13 71 60 93 53 52 93 68 87 83 83 52 70 89 93 87 56 75
Normal 17 26 17 42 4 14 8 37 12 49 2 27 42 48 38 49 42 41
Normal 6 42 11 30 40 33 44 9 2 49 19 35 28 40 45 39 4 4
Abnormal 54 56 72 91 74 65 51 65 61 73 55 80 72 86 88 85 74 81
Abnormal 55 53 78 85 59 97 95 100 78 53 58 95 89 52 63 83 99 74
Normal 22 7 0 12 37 44 36 7 27 9 32 3 18 45 2 34 21 23
Abnormal 90 79 71 81 62 64 89 99 78 79 58 90 66 92 77 51 89 73
Abnormal 98 58 95 79 56 83 82 73 64 57 74 67 82 72 93 61 66 64
Normal 14 8 43 7 25 20 45 26 3 5 21 36 19 22 12 49 26 6
Abnormal 53 52 81 75 87 99 63 67 100 92 54 88 69 63 100 70 94 71
Abnormal 52 70 97 62 97 74 60 87 92 89 94 73 89 51 59 71 98 90
Normal 15 9 0 13 22 21 25 19 14 30 3 7 0 13 35 18 37 42
Abnormal 56 59 78 69 59 62 55 69 53 54 66 56 80 80 98 52 73 71
Abnormal 85 83 74 61 62 100 62 73 97 96 65 92 59 89 82 82 77 66
Normal 18 45 24 25 32 10 27 23 18 9 25 33 36 15 40 42 7 43
Normal 30 12 17 4 18 16 25 35 33 43 3 45 41 45 36 2 21 35
Normal 3 11 11 33 34 3 21 3 46 11 8 47 10 1 27 10 8 18
Abnormal 88 70 59 74 71 70 89 74 100 90 78 88 74 52 58 63 80 75
Normal 13 7 40 40 28 2 3 27 5 30 22 7 7 7 38 10 8 45
Normal 32 38 25 35 0 31 46 25 21 46 5 24 13 28 7 40 9 35
Abnormal 62 73 85 64 78 89 82 74 61 82 63 76 70 56 88 52 95 100
Normal 15 43 28 1 41 38 35 38 16 8 26 26 18 37 27 0 5 10
Abnormal 84 60 77 60 58 63 90 90 73 52 77 87 71 70 59 100 86 99
Abnormal 72 79 95 67 65 96 77 57 86 100 59 57 95 93 57 64 70 92
Abnormal 99 74 63 83 72 64 78 100 72 64 84 100 63 93 89 93 83 60
Abnormal 55 55 92 58 68 85 82 68 54 96 97 83 75 74 78 60 81 93
Abnormal 64 69 77 65 63 67 84 87 82 62 95 99 94 99 77 65 63 99
Abnormal 76 67 72 71 81 65 52 78 86 51 65 96 53 87 93 65 100 69
Normal 30 32 30 31 20 8 31 44 41 23 17 7 13 2 5 7 29 10
Normal 1 37 43 42 40 27 30 49 20 25 12 49 24 28 48 36 22 30
Abnormal 70 97 52 87 89 80 94 61 63 70 85 94 70 55 53 83 78 53
Abnormal 100 98 70 82 66 64 94 65 58 66 83 89 68 69 72 72 100 68
Normal 32 42 36 1 25 47 23 44 33 2 49 33 36 38 26 33 36 10
Normal 12 43 12 29 49 31 46 26 21 29 0 25 26 40 6 13 0 23
Normal 20 2 13 44 47 31 33 43 32 4 36 27 24 25 4 28 5 1
Normal 18 28 16 15 21 23 5 23 18 13 6 42 35 3 27 43 23 26
Abnormal 99 73 77 74 70 57 79 82 89 87 66 53 64 100 68 88 77 65
Normal 8 36 43 10 39 38 13 36 25 8 21 46 29 15 12 10 4 3
Normal 39 3 5 10 37 27 38 22 2 4 44 21 22 14 8 19 38 42
Normal 39 26 35 37 42 47 34 8 39 26 27 16 38 18 27 46 18 3
Normal 19 42 3 19 17 10 21 36 28 36 38 33 45 45 9 15 12 15
Abnormal 54 62 65 92 57 91 55 64 83 57 92 88 71 62 100 67 99 70
Normal 3 2 24 27 6 40 13 47 9 31 23 37 35 7 40 3 30 14
Normal 42 11 24 18 24 28 27 3 22 3 47 11 48 25 18 15 38 4
Abnormal 73 73 91 72 62 65 71 87 99 54 66 54 99 98 78 70 67 65
Normal 25 14 43 5 45 41 8 31 21 5 1 2 35 49 14 15 27 18
Normal 0 49 19 1 14 43 29 9 46 41 28 34 11 10 3 45 28 25
Abnormal 67 83 73 79 97 98 68 71 52 85 78 90 59 67 63 79 79 92
Normal 47 7 49 25 40 29 37 27 6 0 48 14 47 30 16 18 26 47
Abnormal 89 74 99 64 91 69 64 95 53 53 71 72 98 51 52 72 80 62
Abnormal 58 86 57 73 95 59 58 93 83 78 86 59 83 89 54 64 54 74
Normal 7 16 19 3 35 38 29 16 21 36 23 49 30 28 13 23 36 34
Normal 3 39 2 6 1 18 23 12 13 36 20 24 34 37 30 25 28 38
Abnormal 88 91 89 56 66 79 71 85 54 69 90 82 90 85 89 84 91 67
Normal 41 47 9 28 23 21 40 33 23 15 31 1 42 1 46 47 46 0
Normal 15 25 49 18 24 16 39 3 5 0 7 41 38 30 22 48 35 7
Normal 18 31 47 42 1 22 16 29 49 43 16 0 5 28 24 33 45 30
Abnormal 78 73 60 92 59 81 82 95 78 66 52 78 81 54 85 56 95 65
Abnormal 75 92 72 94 62 85 73 51 86 98 53 55 55 94 62 79 94 75
Abnormal 88 62 92 59 74 75 63 92 95 77 67 62 72 74 87 69 66 83
Abnormal 98 51 52 92 88 70 80 86 71 62 88 79 78 56 62 52 66 66
Normal 12 15 35 47 13 7 18 48 14 31 27 32 15 21 46 41 19 22
Normal 17 42 16 37 0 46 26 29 36 11 43 17 33 0 24 28 29 27
Abnormal 65 61 89 64 53 80 99 55 90 84 73 62 55 64 72 91 68 96
Abnormal 64 60 59 93 59 58 100 64 67 73 73 93 84 58 75 86 51 93
Normal 36 23 19 23 18 23 22 23 17 39 16 4 2 5 49 40 33 5
Normal 25 2 19 7 45 2 1 46 49 47 25 48 20 16 15 47 49 16
Abnormal 70 60 90 78 71 70 87 55 95 56 99 54 57 95 64 66 92 92
Abnormal 77 77 87 83 60 53 85 94 87 61 63 77 54 88 94 69 52 80
Abnormal 89 85 78 68 98 73 91 84 63 51 83 88 54 64 87 76 97 52
Normal 32 29 5 14 26 35 0 36 29 5 15 44 4 16 18 42 42 44
Abnormal 87 100 80 100 84 57 78 96 76 69 58 95 82 89 96 96 96 86
Abnormal 59 67 92 58 80 92 57 95 70 54 57 93 62 62 68 92 77 66
Normal 30 0 27 46 36 7 14 37 6 16 32 42 46 47 46 31 27 10
Abnormal 83 59 93 98 72 87 84 60 98 92 87 69 62 74 89 81 77 80
Abnormal 73 52 68 83 98 75 74 62 71 99 87 84 88 69 87 60 89 92
Abnormal 75 52 76 87 51 87 51 94 57 97 81 83 67 72 96 71 88 55
Abnormal 72 95 74 58 89 75 60 52 89 66 76 98 66 75 55 65 69 87
Abnormal 60 60 96 77 83 52 60 59 67 77 99 77 84 66 61 81 62 80
Normal 0 25 3 48 23 22 18 7 38 8 46 33 37 43 19 14 43 28
Abnormal 96 76 98 80 70 98 84 99 91 61 94 91 66 92 57 76 72 75
Abnormal 54 99 87 78 79 67 83 100 55 90 66 73 67 54 68 69 90 96
Normal 7 49 2 13 48 42 38 21 31 48 34 18 16 22 30 12 9 33
Normal 4 18 41 4 27 27 5 39 37 24 48 21 47 47 14 16 18 10
Normal 39 27 21 48 34 47 5 8 11 39 32 44 40 12 48 41 40 39
Abnormal 93 77 64 76 74 91 63 82 68 88 54 61 91 65 87 66 99 80
Normal 14 24 11 33 16 43 24 1 11 43 13 26 47 5 3 5 12 33
Normal 37 9 40 7 42 1 48 18 48 1 20 42 30 29 1 20 34 16
Abnormal 66 64 75 54 83 59 72 58 70 83 88 87 98 67 96 64 68 70
Normal 36 18 27 2 24 43 5 20 46 19 12 46 39 49 45 15 8 25
Normal 2 15 24 30 30 25 3 17 12 39 12 3 31 19 9 10 12 31
Abnormal 94 51 69 90 59 91 51 67 56 55 65 95 57 94 87 80 92 70
Abnormal 51 63 71 91 100 56 60 87 71 65 59 90 64 58 75 60 82 68
Normal 39 47 35 31 23 25 11 22 13 8 27 15 15 1 33 13 42 20
Normal 40 49 34 4 34 10 39 48 24 1 13 36 31 10 42 27 30 8
Abnormal 80 78 59 82 90 74 71 66 64 89 91 88 91 99 72 53 76 63
Abnormal 75 97 67 52 91 95 55 65 82 89 96 77 66 61 99 52 56 92
Normal 34 7 43 9 45 48 33 22 10 16 14 3 49 32 1 12 32 39
Normal 32 21 47 7 15 39 18 18 34 47 4 35 6 32 36 3 15 37
Normal 20 19 32 25 42 37 41 15 31 9 44 2 29 7 30 38 0 44
Normal 49 20 26 37 26 46 24 43 8 13 11 10 34 13 46 42 43 25
Normal 7 9 0 14 22 35 21 16 5 14 37 15 43 19 2 42 21 43
Abnormal 74 69 100 66 61 78 79 70 79 94 86 84 60 73 93 85 55 68
Abnormal 52 55 58 97 68 92 56 77 59 55 85 98 99 80 65 55 77 60
Normal 43 27 14 23 13 41 20 26 35 18 12 35 28 1 40 35 28 40
Normal 33 27 33 21 12 36 13 47 15 26 39 12 44 32 13 42 44 20
Normal 44 17 0 32 0 35 14 43 27 1 34 29 15 28 2 3 34 20
Normal 28 39 22 41 9 39 43 13 3 46 24 35 40 45 35 38 20 41
Abnormal 74 80 63 84 93 82 80 73 64 88 75 80 78 52 69 94 87 81
Normal 25 5 22 15 49 5 31 44 5 9 34 6 10 35 8 14 37 47
Normal 23 7 14 45 33 41 32 6 6 0 11 36 46 45 47 9 29 32
Abnormal 64 96 66 75 92 77 92 69 100 87 94 90 53 100 69 87 56 62
Abnormal 76 81 100 72 76 75 86 79 82 100 63 56 52 76 54 70 55 63
Normal 47 40 16 9 3 36 43 17 23 24 36 3 38 46 23 25 20 37
Normal 26 20 3 18 25 39 27 24 41 5 0 28 5 24 1 15 11 21
Abnormal 81 99 64 75 52 58 58 74 93 84 55 77 94 83 59 100 76 78
Normal 47 31 36 36 31 4 46 16 6 36 43 8 34 9 14 10 26 6
Normal 27 22 25 24 1 4 5 41 16 32 49 4 26 9 15 42 29 6
Normal 2 33 33 45 44 3 38 40 10 21 34 26 35 26 31 0 11 47
Normal 18 22 28 44 27 34 45 18 13 23 37 37 17 11 4 9 48 32
Abnormal 78 82 94 56 89 51 93 71 52 99 79 67 67 68 67 78 98 91
Normal 25 43 20 7 9 27 34 26 9 23 48 49 39 14 19 35 14 39
Normal 14 3 18 45 44 43 31 8 8 8 14 42 15 41 24 43 49 46
Abnormal 81 61 71 91 65 98 58 61 77 92 58 62 62 63 73 100 59 51
Normal 38 18 14 42 8 2 45 42 23 29 38 3 16 33 2 2 22 20
Normal 49 35 23 15 21 20 4 39 41 10 9 17 25 37 22 19 7 20
Abnormal 78 94 69 70 69 76 64 53 67 65 66 94 74 65 81 98 57 61
Normal 1 47 18 44 34 29 2 44 29 5 5 43 27 37 22 11 40 32
Normal 41 23 10 30 10 18 26 16 46 3 13 11 45 25 24 42 2 12
Normal 8 23 17 31 5 31 22 7 37 33 33 20 5 33 23 38 29 46
Normal 0 29 35 31 38 44 46 37 32 31 9 16 4 37 27 5 32 40
Abnormal 69 94 83 79 62 53 98 90 78 68 75 52 65 91 57 66 78 100
Normal 24 3 6 11 11 46 1 20 43 28 28 39 15 37 15 19 22 10
Normal 37 5 12 35 9 7 38 0 20 20 18 32 39 21 32 16 45 29
Normal 23 20 30 0 35 22 29 43 11 21 19 19 7 24 20 23 44 5
Abnormal 83 96 66 98 65 81 96 84 97 80 94 85 85 84 54 61 58 76
Normal 35 10 22 26 12 41 28 41 16 13 47 0 19 42 30 13 0 9
Normal 16 7 3 38 19 44 25 49 23 46 45 21 49 48 47 45 41 34
Abnormal 97 84 57 70 98 73 91 72 90 100 92 68 54 64 57 78 91 69
Normal 16 25 45 31 9 43 7 18 47 3 21 32 4 35 39 2 23 19
Normal 9 32 10 26 46 33 0 12 33 8 5 3 9 8 11 19 17 28
Abnormal 84 68 71 52 86 87 59 74 60 86 53 86 66 85 83 67 62 88
Abnormal 61 66 70 96 72 76 92 60 53 93 89 61 74 99 82 91 58 62
Abnormal 56 65 93 67 71 70 82 59 53 91 75 63 74 57 92 87 75 83
Abnormal 90 58 99 88 95 92 100 81 100 58 100 70 75 84 59 84 78 76
Abnormal 80 67 53 71 75 76 96 77 84 79 70 79 56 64 99 53 94 57
Normal 19 36 23 31 3 19 22 32 11 29 23 21 16 28 39 4 45 26
Abnormal 83 55 92 94 98 75 82 97 94 60 66 95 84 53 88 85 63 60
Abnormal 61 60 60 90 80 61 79 94 69 90 58 88 86 76 89 58 93 89
Normal 46 44 32 0 44 34 14 14 7 33 40 21 47 30 16 41 6 32
Abnormal 65 95 83 73 51 58 52 100 77 58 64 83 61 84 96 72 96 97
Normal 34 27 4 32 21 43 37 18 9 12 37 38 41 4 12 36 9 36
Normal 18 36 49 37 39 27 24 18 13 2 8 39 49 4 11 35 49 47
Abnormal 51 58 88 92 59 65 80 69 71 72 99 61 54 72 83 86 84 82
Abnormal 60 57 73 56 61 92 63 73 53 69 54 57 94 52 75 88 72 84
Normal 47 2 45 11 5 0 3 18 1 45 5 48 15 7 24 5 35 10
Normal 6 10 49 18 30 16 12 6 45 27 5 49 43 33 23 14 8 14
Normal 33 5 35 37 34 29 19 26 19 15 13 30 41 35 41 38 16 40
Normal 12 33 21 13 20 36 15 28 5 9 36 43 0 7 31 19 38 3
Normal 20 32 46 43 37 13 34 5 38 14 14 27 13 42 37 24 45 21
Abnormal 82 72 51 86 63 53 77 80 56 84 67 51 96 68 71 61 56 67
Abnormal 71 97 65 72 82 94 100 59 62 92 57 66 95 54 85 80 52 59
Normal 30 40 15 46 37 25 49 45 48 8 42 8 23 25 40 15 3 30
Normal 41 49 40 27 17 49 0 35 19 19 6 24 48 0 3 41 27 39
Abnormal 88 62 66 54 84 97 79 53 69 82 74 99 86 92 57 71 62 97
Normal 24 29 27 14 35 26 34 15 25 20 34 32 43 17 9 49 7 35
Abnormal 65 89 74 80 83 53 82 72 57 65 99 54 97 68 60 91 61 73
Normal 23 47 0 13 30 18 48 20 27 5 24 49 25 40 9 29 27 4
Abnormal 54 65 84 51 63 80 81 60 89 82 78 76 79 80 90 72 92 69
Normal 36 23 2 7 27 28 31 49 1 11 48 37 25 43 3 42 21 31
Abnormal 69 64 54 91 98 89 91 88 99 56 67 100 91 58 97 71 85 67
Normal 43 29 21 3 31 46 1 14 11 5 37 32 2 28 17 13 10 22
Abnormal 91 60 62 69 53 63 67 53 95 62 59 74 71 99 77 100 89 63
Normal 10 8 17 20 30 2 8 11 24 49 35 20 29 31 16 1 11 14
Abnormal 81 79 89 95 89 62 86 52 51 88 74 93 81 71 52 79 60 90
Abnormal 61 63 94 56 59 54 98 90 73 87 99 74 58 53 52 86 98 100
Normal 45 39 19 14 10 19 27 41 31 31 2 14 8 2 7 15 20 25
Normal 28 27 18 3 20 31 3 44 23 44 46 35 3 4 35 19 46 21
Normal 11 31 26 2 31 20 24 32 4 20 22 15 41 40 19 46 16 4
Abnormal 72 60 84 84 53 98 95 54 67 90 52 78 75 96 92 69 67 85
Normal 16 48 34 32 14 23 20 14 20 42 17 28 24 12 28 21 7 29
Normal 47 7 16 24 31 4 45 28 28 16 10 24 17 4 43 31 16 10
Normal 14 35 29 26 40 33 8 22 37 3 44 2 24 26 29 0 27 0
Abnormal 100 91 62 94 61 64 61 77 91 68 52 64 93 60 87 100 69 99
Abnormal 93 95 99 85 68 90 65 67 56 65 84 58 100 68 79 76 64 70
Normal 8 43 6 35 9 26 9 18 20 39 0 21 29 2 1 36 5 0
Normal 42 25 22 43 1 48 15 35 17 37 24 41 12 25 7 46 46 49
Normal 12 21 33 4 3 45 20 11 12 13 32 34 29 37 49 22 17 39
Normal 12 65 37 32 21 49 15 49 7 6 12 10 22 36 9 30 4 16
Normal 41 41 19 47 25 8 34 9 8 26 24 47 30 11 6 40 34 25
Abnormal 63 66 87 81 95 85 97 82 55 67 81 77 79 99 98 90 57 85
Abnormal 55 51 100 94 75 66 66 96 67 86 74 93 65 100 93 85 75 68
Normal 15 8 42 28 5 22 4 20 34 21 26 43 45 36 14 14 41 47
Abnormal 60 59 89 66 93 54 86 92 53 78 92 89 75 59 95 86 75 98
Abnormal 65 88 74 69 74 56 86 89 63 52 82 85 71 64 77 98 99 57
Normal 49 37 33 37 2 23 0 49 22 10 0 42 48 22 1 18 18 29
Abnormal 53 64 99 63 57 95 97 87 99 79 82 73 69 61 89 88 51 92
Abnormal 100 80 63 81 91 76 72 72 95 97 80 67 77 56 84 60 57 84
Abnormal 96 72 78 87 100 96 82 66 78 70 61 77 65 93 58 88 56 70
Abnormal 99 69 99 81 54 78 60 73 87 71 55 96 63 58 90 73 71 64
Normal 8 16 45 30 40 13 35 33 11 11 4 10 14 26 16 47 8 11
Normal 21 46 12 2 26 47 46 9 49 7 33 15 38 18 21 19 36 41
Abnormal 66 80 61 90 92 78 89 82 76 75 88 85 55 69 99 56 68 67
Abnormal 73 74 75 67 55 83 62 76 65 68 67 58 53 96 54 92 98 62
Abnormal 94 100 99 67 91 53 54 80 60 88 83 57 81 80 58 77 60 69
Abnormal 100 100 83 82 94 79 88 89 64 90 92 75 96 81 83 97 53 76
Normal 39 15 20 8 48 32 40 10 44 48 49 34 1 37 4 6 4 28
Abnormal 89 82 84 51 88 78 89 54 89 58 54 61 97 81 60 64 61 53
Normal 13 41 30 33 4 25 32 43 12 10 42 44 21 31 16 25 3 17
Abnormal 77 59 79 66 73 64 72 57 64 100 94 92 97 77 74 96 96 89
Normal 45 44 4 46 9 27 13 42 41 21 0 25 11 35 31 0 13 36
Abnormal 98 64 100 56 53 96 74 79 64 82 86 64 87 93 53 64 55 65
Abnormal 100 87 54 54 67 66 70 85 76 54 79 98 79 58 96 94 62 94
Abnormal 79 73 79 74 99 67 87 78 86 78 52 59 73 76 57 100 53 75
Abnormal 56 90 53 99 94 75 87 90 76 52 89 88 98 51 71 76 72 67
Abnormal 52 78 97 82 77 87 60 70 54 76 83 91 78 58 57 94 82 51
Normal 8 15 9 2 33 10 4 32 24 27 35 6 24 4 25 25 36 22
Abnormal 66 65 56 65 92 63 77 51 85 62 80 74 51 75 94 98 95 66
Normal 32 23 6 21 4 28 49 39 16 3 23 17 9 40 45 23 28 24
Abnormal 97 76 57 52 69 68 83 60 79 67 94 99 73 90 60 97 70 65
Normal 4 40 39 23 48 4 21 29 39 5 18 46 1 22 13 34 14 29
Abnormal 75 66 71 74 80 54 82 75 86 64 85 70 66 95 57 69 61 76
Normal 1 22 3 20 48 40 23 6 1 5 39 46 9 33 28 19 26 21
Abnormal 52 93 60 86 95 91 79 76 69 100 93 60 70 76 69 94 59 57
Normal 3 7 5 11 29 43 32 15 6 15 42 23 42 22 49 5 29 12
Abnormal 70 77 52 98 63 75 74 71 51 90 64 96 79 87 87 66 61 100
Normal 1 4 49 47 3 15 46 12 1 28 29 2 9 35 30 30 48 28
Abnormal 57 51 90 59 56 95 78 90 62 66 100 97 62 94 72 77 90 62
Normal 27 21 3 43 38 32 13 42 4 7 29 22 30 18 2 44 45 29
Normal 13 39 23 19 34 31 45 33 36 34 13 36 46 44 12 19 31 30
Normal 0 32 20 12 41 25 13 45 18 28 25 35 35 9 42 20 47 1
Abnormal 53 89 82 82 98 78 84 78 88 84 76 64 90 88 91 61 88 78
Abnormal 95 74 98 99 90 89 88 62 90 73 72 94 100 56 86 100 87 85
Normal 33 37 36 9 23 0 30 25 19 35 28 13 1 32 28 31 29 27
